benchmark,selected,solved,runtime,solver_runtime,selector_overhead,extra_overhead,feature_fail
QF_BV/sage/app7/bench_238.smt2,Yices2,1,0.6472458269563504,0.4605263329576701,,0.186719,0
QF_BV/Sage2/bench_13576.smt2,Yices2,1,0.7220419060904533,0.4670199390966445,,0.255022,0
QF_BV/Sage2/bench_12329.smt2,Bitwuzla,1,2.9434752771048807,2.902660194085911,,0.040815,0
QF_BV/sage/app7/bench_1208.smt2,Yices2,1,0.4237446500919759,0.3050589100457728,,0.118686,0
QF_BV/20221012-MCMPC/dualexecution/dualexecution.t1.i9.55186bc7.smt2,Yices2,1,0.4593658320372924,0.3231209400109947,,0.136245,0
QF_BV/sage/app2/bench_516.smt2,Yices2,1,0.2533525829203427,0.2333969329483807,,0.019956,0
QF_BV/Sage2/bench_1690.smt2,STP,1,3.0912648549419828,3.089484113967046,,0.001781,0
QF_BV/Sage2/bench_588.smt2,STP,1,6.849885563948192,6.848050168948248,,0.001835,0
QF_BV/Sage2/bench_6483.smt2,STP,1,0.5563456789823249,0.5530863499734551,,0.003259,0
QF_BV/sage/app12/bench_912.smt2,STP,1,0.3991547379991971,0.39680837700143456,,0.002346,0
QF_BV/Sage2/bench_5716.smt2,STP,1,0.22915663808817044,0.22703110706061125,,0.002126,0
QF_BV/Sage2/bench_3633.smt2,STP,1,23.238254834956024,23.236826854990795,,0.001428,0
QF_BV/spear/samba_v3.0.24/bin_eventlogadm_vc351277.smt2,Bitwuzla,1,0.34441828896524385,0.33924939995631576,,0.005169,0
QF_BV/Sage2/bench_3466.smt2,Bitwuzla,1,12.058968519966584,11.942005628021434,,0.116963,0
QF_BV/Sage2/bench_3748.smt2,Yices2,1,1.529539100942202,1.4739259949419647,,0.055613,0
QF_BV/20221012-MCMPC/millionaires/millionaires.t1.i23.db2dae1d.smt2,STP,1,0.223699843918439,0.22242844896391034,,0.001271,0
QF_BV/sage/app7/bench_1287.smt2,Yices2,1,0.41034029208822176,0.3016952150501311,,0.108645,0
QF_BV/spear/inn_v2.4.3/nnrpd_nnrpd_vc21427.smt2,Bitwuzla,1,0.5418393309228122,0.5401474479585886,,0.001692,0
QF_BV/Sage2/bench_13919.smt2,Bitwuzla,1,7.0838682929752395,7.023944478016347,,0.059924,0
QF_BV/Sage2/bench_1546.smt2,STP,1,3.5670595520641655,3.4639813620597124,,0.103078,0
QF_BV/sage/app7/bench_1991.smt2,Yices2,1,0.8224161451798864,0.5745066911913455,,0.247909,0
QF_BV/sage/app7/bench_1033.smt2,Yices2,1,0.47784248588141054,0.341784335905686,,0.136058,0
QF_BV/sage/app9/bench_1293.smt2,STP,1,0.25101954984711483,0.2504415358416736,,0.000578,0
QF_BV/20221012-MCMPC/dualexecution_affine/dualexecution_affine.t1.i10.dee88059.smt2,Yices2,1,0.37818947102641687,0.2940384750254452,,0.084151,0
QF_BV/Sage2/bench_14.smt2,Yices2,1,2.010511418164242,1.6323406831361353,,0.378171,0
QF_BV/Sage2/bench_3669.smt2,Bitwuzla,1,0.5281526808976196,0.5254902478773147,,0.002662,0
QF_BV/Sage2/bench_3512.smt2,STP,1,11.574425749888178,11.572518132859841,,0.001908,0
QF_BV/sage/app1/bench_1882.smt2,Yices2,1,0.3601548649603501,0.3551436059642583,,0.005011,0
QF_BV/sage/app7/bench_160.smt2,Yices2,1,0.6508536830660887,0.464238255051896,,0.186615,0
QF_BV/Sage2/bench_10386.smt2,STP,1,0.5926933300215751,0.5887323080096394,,0.003961,0
QF_BV/20230221-oisc-gurtner/SRAI-SAFE-8-1024.smt2,Bitwuzla,1,15.260638490086421,15.134542640065774,,0.126096,0
QF_BV/sage/app7/bench_5002.smt2,Yices2,1,0.683239869074896,0.4414576890412718,,0.241782,0
QF_BV/Sage2/bench_3071.smt2,Yices2,1,0.4796085930429399,0.4116544290445745,,0.067954,0
QF_BV/20210312-Bouvier/vlsat3_g55.smt2,STP,1,2.6622153400676325,2.6436540100257844,,0.018561,0
QF_BV/Sage2/bench_1534.smt2,STP,1,5.796853262989316,5.7952451419550925,,0.001608,0
QF_BV/20200328-Favaro/mul_mba_synthesis.smt2,STP,0,1200.0,1201.2468249239028,,0.000450,0
QF_BV/Sage2/bench_13186.smt2,STP,1,14.060560495126992,14.057516012107953,,0.003044,0
QF_BV/20221012-MCMPC/millionaires/millionaires.t4.i29.75c27c04.smt2,Yices2,1,0.24666247377172112,0.24253283580765128,,0.004130,0
QF_BV/Sage2/bench_5458.smt2,STP,1,0.9728784800390713,0.9590033090207726,,0.013875,0
QF_BV/Sage2/bench_7143.smt2,STP,1,0.29185350198531523,0.28750474797561765,,0.004349,0
QF_BV/spear/samba_v3.0.24/bin_libsmbsharemodes_vc6142.smt2,Bitwuzla,1,0.7705174480797723,0.7599362151231617,,0.010581,0
QF_BV/Sage2/bench_13071.smt2,STP,1,25.922282828832977,25.916882695863023,,0.005400,0
QF_BV/sage/app11/bench_102.smt2,Yices2,1,0.4374235009890981,0.3605439730454236,,0.076880,0
QF_BV/asp/HamiltonianPath/gryzzles.48.lp.smt2,Yices2,1,2.273653753916733,2.2476880769245327,,0.025966,0
QF_BV/20221012-MCMPC/wage/wage.t1.i33.6c057fee.smt2,Bitwuzla,1,0.2666221999679692,0.2653049100190401,,0.001317,0
QF_BV/spear/samba_v3.0.24/bin_eventlogadm_vc331156.smt2,Yices2,1,1.0087454670574516,0.9953231490217149,,0.013422,0
QF_BV/sage/app11/bench_531.smt2,Yices2,1,0.37718552607111633,0.3019542370457202,,0.075231,0
QF_BV/sage/app12/bench_827.smt2,STP,1,0.4028572420938872,0.4004358930978924,,0.002421,0
QF_BV/sage/app11/bench_212.smt2,Yices2,1,0.37640419107628986,0.30099976109340787,,0.075404,0
QF_BV/sage/app7/bench_487.smt2,Yices2,1,0.5349658749182709,0.35005707992240787,,0.184909,0
QF_BV/20221012-MCMPC/dualexecution_affine/dualexecution_affine.t1.i12.f1fe5192.smt2,Yices2,1,0.36832097702426836,0.28080027899704874,,0.087521,0
QF_BV/Sage2/bench_14563.smt2,Yices2,1,1.288177571084816,1.2195212161168456,,0.068656,0
QF_BV/20221012-MCMPC/dualexecution_affine/dualexecution_affine.t1.i12.2c9db664.smt2,Yices2,1,0.35944911115802824,0.29342590016312897,,0.066023,0
QF_BV/20210219-Sydr/master/cjpeg/predicate_2030.smt2,Yices2,1,0.457012536120601,0.4222269421443343,,0.034786,0
QF_BV/sage/app7/bench_1166.smt2,Yices2,1,0.44021325290668756,0.3194908678997308,,0.120722,0
QF_BV/sage/app7/bench_5847.smt2,Yices2,1,0.6335077810799703,0.43513596104457974,,0.198372,0
QF_BV/sage/app11/bench_158.smt2,Yices2,1,0.3821534189628437,0.30477636493742466,,0.077377,0
QF_BV/spear/samba_v3.0.24/bin_libsmbsharemodes_vc6246.smt2,Yices2,1,0.5823316820897162,0.568907889071852,,0.013424,0
QF_BV/20210219-Sydr/symbolic_memory/linear/minigzip/predicate_704.smt2,Yices2,1,1.3548220248194411,1.1893385048024356,,0.165484,0
QF_BV/sage/app7/bench_535.smt2,Yices2,1,0.5397185189649463,0.3591972109861672,,0.180521,0
QF_BV/sage/app1/bench_2224.smt2,Yices2,1,0.295218396873679,0.29064026987180114,,0.004578,0
QF_BV/Sage2/bench_7218.smt2,Yices2,1,0.4262899400200695,0.30728723597712815,,0.119003,0
QF_BV/sage/app11/bench_450.smt2,Yices2,1,0.3936377979698591,0.3182534009683877,,0.075384,0
QF_BV/sage/app9/bench_1361.smt2,STP,1,0.8345669509726577,0.8337169319856912,,0.000850,0
QF_BV/Sage2/bench_12581.smt2,STP,1,0.23017394373891875,0.2285363997798413,,0.001638,0
QF_BV/20221012-MCMPC/millionaires/millionaires.t1.i63.964a5eef.smt2,Yices2,1,0.21605856606038287,0.21412087208591402,,0.001938,0
QF_BV/spear/samba_v3.0.24/bin_libsmbsharemodes_vc6158.smt2,Bitwuzla,1,0.7722005690447986,0.7612918680533767,,0.010909,0
QF_BV/20221012-MCMPC/millionaires/millionaires.t1.i26.07861dfa.smt2,Yices2,1,0.2156488560140133,0.2135217629838735,,0.002127,0
QF_BV/Sage2/bench_12778.smt2,Bitwuzla,1,5.039099096960854,5.0269136959686875,,0.012185,0
QF_BV/Sage2/bench_13874.smt2,Yices2,1,0.5615181630128063,0.4552039729896933,,0.106314,0
QF_BV/20221012-MCMPC/dualexecution/dualexecution.t1.i15.d25b2588.smt2,Yices2,1,0.8587448928738013,0.5186738958582282,,0.340071,0
QF_BV/Sage2/bench_7214.smt2,STP,1,0.2346640580217354,0.23348966496996582,,0.001174,0
QF_BV/20221012-MCMPC/dualexecution_affine/dualexecution_affine.t1.i12.9c5ad362.smt2,Yices2,1,0.25881892087636515,0.23446391290053725,,0.024355,0
QF_BV/sage/app1/bench_8.smt2,Bitwuzla,1,0.23751806316431612,0.23359822714701295,,0.003920,0
QF_BV/spear/wget_v1.10.2/src_wget_vc18180.smt2,STP,1,1.8086474079173058,1.8078365519177169,,0.000811,0
QF_BV/20221012-MCMPC/wage/wage.t1.i33.1f0f7856.smt2,Bitwuzla,1,0.26847281685331836,0.2669792608357966,,0.001494,0
QF_BV/Sage2/bench_13583.smt2,Yices2,1,1.5624813319300301,1.2074893219396472,,0.354992,0
QF_BV/Sage2/bench_2309.smt2,STP,1,0.3071889691054821,0.3030605181120336,,0.004128,0
QF_BV/sage/app11/bench_170.smt2,Yices2,1,0.41429840301861987,0.3366402080282569,,0.077658,0
QF_BV/spear/inn_v2.4.3/innd_innd_vc32635.smt2,Bitwuzla,1,0.37724232114851475,0.3749714931473136,,0.002271,0
QF_BV/sage/app7/bench_162.smt2,Yices2,1,0.6701145069673657,0.47781770094297826,,0.192297,0
QF_BV/Sage2/bench_12697.smt2,STP,1,0.23580084409331903,0.23364144610241055,,0.002159,0
QF_BV/Sage2/bench_1843.smt2,STP,1,10.19911402813159,10.196884937118739,,0.002229,0
QF_BV/20210219-Sydr/symbolic_memory/bst/yices/predicate_2208.smt2,Yices2,1,0.7489504028344527,0.45561430184170604,,0.293336,0
QF_BV/spear/samba_v3.0.24/bin_libsmbsharemodes_vc6105.smt2,Bitwuzla,1,0.7022197809419595,0.693744279909879,,0.008476,0
QF_BV/sage/app7/bench_542.smt2,Yices2,1,0.5317849848652259,0.3484562218654901,,0.183329,0
QF_BV/20210312-Bouvier/vlsat3_a60.smt2,STP,1,457.9462873470038,457.93693750700913,,0.009350,0
QF_BV/20221012-MCMPC/dualexecution/dualexecution.t1.i2.13cb4514.smt2,Yices2,1,0.40820247610099614,0.30092485807836056,,0.107278,0
QF_BV/20190311-bv-term-small-rw-Noetzli/bv-term-small-rw_854.smt2,STP,1,0.21502264798618853,0.21458927099592984,,0.000433,0
QF_BV/spear/samba_v3.0.24/bin_eventlogadm_vc331086.smt2,Yices2,1,0.9270386651041918,0.916065595112741,,0.010973,0
QF_BV/Sage2/bench_16287.smt2,STP,1,0.4945053491392173,0.48519762814976275,,0.009308,0
QF_BV/float/square.6.0.i.smt2,Yices2,1,2.2215861189179122,2.214190831873566,,0.007395,0
QF_BV/sage/app7/bench_8654.smt2,Yices2,1,0.7930741710006259,0.5403025120031089,,0.252772,0
QF_BV/Sage2/bench_4261.smt2,STP,1,0.8366691640694626,0.835620345082134,,0.001049,0
QF_BV/bruttomesso/core/ext_con_028_002_0128.smt2,STP,1,0.4528771180193871,0.45158057496882975,,0.001297,0
QF_BV/uclid/catchconv/convert-jpg2gif-query-1503.smt2,Yices2,1,0.3768952488899231,0.30432309792377055,,0.072572,0
QF_BV/Sage2/bench_6614.smt2,STP,1,1.738055944791995,1.7360330338124186,,0.002023,0
QF_BV/20221012-MCMPC/mean_buckets/mean_buckets.t1.i7.d7d55a38.smt2,STP,1,0.3334963111556135,0.32995849614962935,,0.003538,0
QF_BV/Sage2/bench_4827.smt2,Yices2,1,0.32508522004354745,0.3045222950167954,,0.020563,0
QF_BV/Sage2/bench_4404.smt2,STP,1,0.2282116809510626,0.22626934992149472,,0.001942,0
QF_BV/Sage2/bench_12724.smt2,Bitwuzla,1,1.0483431430184282,1.0403562739957124,,0.007987,0
QF_BV/Sage2/bench_1807.smt2,STP,1,11.169380066974554,11.167971963994205,,0.001408,0
QF_BV/bruttomesso/core/ext_con_016_064_0512.smt2,cvc5,1,1.04947028006427,1.037992537021637,,0.011478,0
QF_BV/20221012-MCMPC/millionaires/millionaires.t1.i32.31f99061.smt2,Yices2,1,0.2207147391163744,0.21735515212640166,,0.003360,0
QF_BV/20221012-MCMPC/millionaires/millionaires.t1.i22.9e157034.smt2,Bitwuzla,1,0.2534652281901799,0.25111329020000994,,0.002352,0
QF_BV/Sage2/bench_5069.smt2,STP,1,6.400553522980772,6.398913108976558,,0.001640,0
QF_BV/sage/app7/bench_1040.smt2,Yices2,1,0.45618162013124675,0.31766446912661195,,0.138517,0
QF_BV/spear/samba_v3.0.24/bin_eventlogadm_vc351385.smt2,Yices2,1,1.4091263468726538,1.3629302298650146,,0.046196,0
QF_BV/sage/app11/bench_590.smt2,Yices2,1,0.38037599687231705,0.3052547578699887,,0.075121,0
QF_BV/20221012-MCMPC/millionaires/millionaires.t1.i64.711cc5bb.smt2,Yices2,1,0.22227342997211963,0.22037909599021077,,0.001894,0
QF_BV/20221012-MCMPC/dualexecution_affine/dualexecution_affine.t1.i8.6b602a88.smt2,Yices2,1,0.45328277186490595,0.3197916238568723,,0.133491,0
QF_BV/Sage2/bench_323.smt2,STP,1,1.4872133488534018,1.4857796388678253,,0.001434,0
QF_BV/ecc/com.galois.ecc.P384ECC64.ec_twin_mul_aux23.short.smt2,Yices2,1,0.2606281489133835,0.23677828395739198,,0.023850,0
QF_BV/bruttomesso/simple_processor/simple_processors_008_004_0032.smt2,STP,1,3.524903675133828,3.5237385351210833,,0.001165,0
QF_BV/spear/samba_v3.0.24/bin_libsmbsharemodes_vc6099.smt2,Bitwuzla,1,0.815241638221778,0.8074941781815141,,0.007747,0
QF_BV/sage/app7/bench_24.smt2,Yices2,1,0.6719267721055076,0.4800976160913706,,0.191829,0
QF_BV/20221012-MCMPC/millionaires/millionaires.t3.i3.b00ac359.smt2,Bitwuzla,1,0.2947787691373378,0.2917846371419728,,0.002994,0
QF_BV/Sage2/bench_7275.smt2,Yices2,1,0.32487620296888053,0.29194449400529265,,0.032932,0
QF_BV/Sage2/bench_3042.smt2,STP,1,51.707103515043855,51.70496908901259,,0.002134,0
QF_BV/Sage2/bench_6769.smt2,Yices2,1,0.4524198520812206,0.36448811809532344,,0.087932,0
QF_BV/sage/app12/bench_5723.smt2,Yices2,1,0.23403915285598487,0.2307723758276552,,0.003267,0
QF_BV/Sage2/bench_4700.smt2,Bitwuzla,1,13.354145932011306,13.274679491994902,,0.079466,0
QF_BV/sage/app9/bench_3113.smt2,STP,1,0.4031177961733192,0.39972844114527106,,0.003389,0
QF_BV/sage/app12/bench_3381.smt2,Yices2,1,0.24553709995234385,0.2416995649691671,,0.003838,0
QF_BV/spear/samba_v3.0.24/bin_libmsrpc_vc1232030.smt2,Bitwuzla,1,1.2139790451037697,1.199020533123985,,0.014959,0
QF_BV/Sage2/bench_7303.smt2,Yices2,1,0.4983760921168141,0.3848490531090647,,0.113527,0
QF_BV/Sage2/bench_16102.smt2,STP,1,0.27806568989763036,0.2736224988475442,,0.004443,0
QF_BV/Sage2/bench_15486.smt2,Bitwuzla,1,2.5523256379528902,2.5265569819603115,,0.025769,0
QF_BV/20190311-bv-term-small-rw-Noetzli/bv-term-small-rw_1092.smt2,STP,1,0.21239309204975143,0.2119807640556246,,0.000412,0
QF_BV/Sage2/bench_2660.smt2,STP,1,10.072195913060568,10.070086824009195,,0.002109,0
QF_BV/Sage2/bench_11905.smt2,Bitwuzla,1,6.20527031813981,5.775929385097697,,0.429341,0
QF_BV/20221012-MCMPC/millionaires/millionaires.t4.i28.75cdb0b0.smt2,Yices2,1,0.25151697103865445,0.24698973004706204,,0.004527,0
QF_BV/20210219-Sydr/symbolic_memory/linear/cjpeg/predicate_170_4.smt2,Bitwuzla,1,0.45570677996147424,0.45139259099960327,,0.004314,0
QF_BV/sage/app11/bench_304.smt2,Yices2,1,0.3760522899683565,0.29855434293858707,,0.077498,0
QF_BV/20221012-MCMPC/millionaires/millionaires.t1.i53.099ea8f3.smt2,Yices2,1,0.21906442590989172,0.21706480788998306,,0.002000,0
QF_BV/20230221-oisc-gurtner/SRLI-SAFE-1024-1024.smt2,Yices2,0,1200.0,1201.4168352100533,,0.085717,0
QF_BV/Sage2/bench_5884.smt2,STP,1,0.8521346481284127,0.8341411701403558,,0.017993,0
QF_BV/20210219-Sydr/master/cjpeg/predicate_436.smt2,Yices2,1,0.4724837969406508,0.46394709195010364,,0.008537,0
QF_BV/Sage2/bench_8540.smt2,Yices2,1,0.4658695400576107,0.3700490470509976,,0.095820,0
QF_BV/sage/app11/bench_303.smt2,Yices2,1,0.38587838609237224,0.3093346680980176,,0.076544,0
QF_BV/Sage2/bench_4390.smt2,STP,1,0.22516202193219215,0.22359825996682048,,0.001564,0
QF_BV/spear/samba_v3.0.24/bin_libsmbclient_vc1225279.smt2,Yices2,1,1.2125278618186712,1.192847279831767,,0.019681,0
QF_BV/sage/app1/bench_2428.smt2,Bitwuzla,1,0.45570656890049577,0.45134659693576396,,0.004360,0
QF_BV/Sage2/bench_9377.smt2,Yices2,1,1.0096694151870906,0.6631965341512114,,0.346473,0
QF_BV/sage/app12/bench_656.smt2,STP,1,0.40281939815031365,0.40019275713711977,,0.002627,0
QF_BV/spear/inn_v2.4.3/nnrpd_nnrpd_vc21243.smt2,Bitwuzla,1,0.5471025850856677,0.5451118981000036,,0.001991,0
QF_BV/20210219-Sydr/master/readelf/predicate_514.smt2,Bitwuzla,1,0.2316297607612796,0.2298585327807814,,0.001771,0
QF_BV/spear/samba_v3.0.24/bin_libsmbsharemodes_vc6236.smt2,Yices2,1,0.7498197429813445,0.7313362630084157,,0.018483,0
QF_BV/20210219-Sydr/master/cjpeg/predicate_422.smt2,Yices2,1,0.40034448698861524,0.39213360100984573,,0.008211,0
QF_BV/Sage2/bench_16935.smt2,STP,1,0.23101095092715696,0.22930539888329804,,0.001706,0
QF_BV/sage/app7/bench_30.smt2,Yices2,1,0.711505051003769,0.5240727500058711,,0.187432,0
QF_BV/spear/samba_v3.0.24/bin_libsmbsharemodes_vc7121.smt2,Bitwuzla,1,0.8966054710326716,0.879343108041212,,0.017262,0
QF_BV/20210312-Bouvier/vlsat3_a86.smt2,Bitwuzla,1,166.45471288089175,166.30492943688296,,0.149783,0
QF_BV/20210219-Sydr/master/cjpeg/predicate_1185.smt2,Yices2,1,0.5195950670167804,0.4994081200566143,,0.020187,0
QF_BV/Sage2/bench_13477.smt2,Bitwuzla,1,21.52588113513775,21.521170494146645,,0.004711,0
QF_BV/Sage2/bench_11833.smt2,Yices2,1,0.511139108100906,0.39058266510255635,,0.120556,0
QF_BV/Sage2/bench_8246.smt2,STP,1,0.2402284469571896,0.23742277594283223,,0.002806,0
QF_BV/Sage2/bench_10392.smt2,STP,1,6.119768353935797,6.118126363959163,,0.001642,0
QF_BV/spear/samba_v3.0.24/bin_libmsrpc_vc1225848.smt2,Yices2,1,1.1106396280229092,1.0893455990590155,,0.021294,0
QF_BV/sage/app9/bench_1670.smt2,STP,1,0.2474452301976271,0.24471715418621898,,0.002728,0
QF_BV/20210219-Sydr/master/yices/predicate_7891.smt2,STP,1,1.5616942390333861,1.3788639060221612,,0.182830,0
QF_BV/bruttomesso/simple_processor/simple_processors_008_006_0016.smt2,STP,1,3.64749810018111,3.6458602151833475,,0.001638,0
QF_BV/spear/samba_v3.0.24/bin_libsmbsharemodes_vc7128.smt2,Bitwuzla,1,0.7583136991015635,0.7427781340666115,,0.015536,0
QF_BV/spear/inn_v2.4.3/nnrpd_nnrpd_vc20423.smt2,Bitwuzla,1,0.654864739975892,0.652284838957712,,0.002580,0
QF_BV/20221012-MCMPC/millionaires/millionaires.t1.i9.7a32f1f4.smt2,Bitwuzla,1,0.2521935190889053,0.24997835303656757,,0.002215,0
QF_BV/sage/app11/bench_196.smt2,Yices2,1,0.3795561089646071,0.30294354096986353,,0.076613,0
QF_BV/sage/app1/bench_2594.smt2,Bitwuzla,1,0.4601909049670212,0.4560343399643898,,0.004157,0
QF_BV/20221012-MCMPC/dualexecution_affine/dualexecution.t1.i6.d2262ffa.smt2,Yices2,1,0.3390738108428195,0.2735869388561696,,0.065487,0
QF_BV/Sage2/bench_11151.smt2,Bitwuzla,1,1.39517297281418,1.3820310018491,,0.013142,0
QF_BV/sage/app7/bench_1640.smt2,Yices2,1,0.3699967828579247,0.2876074048690498,,0.082389,0
QF_BV/log-slicing/bvsub_18955.smt2,STP,1,901.036389101122,901.0359094610903,,0.000480,0
QF_BV/sage/app1/bench_255.smt2,STP,1,0.21250680700177327,0.21176342898979783,,0.000743,0
QF_BV/sage/app7/bench_29.smt2,Yices2,1,0.6482207730296068,0.4659734880551696,,0.182247,0
QF_BV/20221012-MCMPC/millionaires/millionaires.t1.i10.472b20aa.smt2,Bitwuzla,1,0.31701503304066136,0.3145474710036069,,0.002468,0
QF_BV/sage/app7/bench_1785.smt2,Yices2,1,0.3354594468837604,0.26522299088537693,,0.070236,0
QF_BV/sage/app7/bench_2869.smt2,Yices2,1,0.6864050028380007,0.44407956185750663,,0.242325,0
QF_BV/Sage2/bench_1941.smt2,STP,1,0.7369511331198737,0.7076338031329215,,0.029317,0
QF_BV/sage/app7/bench_1530.smt2,Yices2,1,0.38476241211174056,0.2959507640916854,,0.088812,0
QF_BV/20221012-MCMPC/dualexecution_affine/dualexecution.t1.i6.b9e28b2a.smt2,Yices2,1,0.25877587497234344,0.23488218197599053,,0.023894,0
QF_BV/sage/app11/bench_416.smt2,Yices2,1,0.3794129988527857,0.30361937382258475,,0.075794,0
QF_BV/Sage2/bench_15527.smt2,STP,1,0.29127555585000664,0.28543825983069837,,0.005837,0
QF_BV/bruttomesso/core/ext_con_020_002_0256.smt2,STP,1,0.7432687938562594,0.7418353068642318,,0.001433,0
QF_BV/sage/app7/bench_200.smt2,Yices2,1,0.6471892390400171,0.46454253303818405,,0.182647,0
QF_BV/sage/app1/bench_647.smt2,Yices2,1,0.25374504580395296,0.24839126178994775,,0.005354,0
QF_BV/bruttomesso/simple_processor/simple_processors_006_006_0032.smt2,STP,1,7.468312865821645,7.4669199148193,,0.001393,0
QF_BV/Sage2/bench_14404.smt2,STP,1,0.3011432550265454,0.29461671807803214,,0.006527,0
QF_BV/20221012-MCMPC/dualexecution_affine/dualexecution_affine.t1.i12.5495515d.smt2,Yices2,1,0.2914051139377989,0.2671734329778701,,0.024232,0
QF_BV/20221012-MCMPC/millionaires/millionaires.t2.i28.46a231b2.smt2,Yices2,1,0.23131948785157874,0.2285853938665241,,0.002734,0
QF_BV/20221012-MCMPC/millionaires/millionaires.t1.i7.a401fcdd.smt2,Bitwuzla,1,0.2581193079822697,0.2558228219859302,,0.002296,0
QF_BV/20190311-bv-term-small-rw-Noetzli/bv-term-small-rw_605.smt2,STP,1,0.2278810559073463,0.22743105795234442,,0.000450,0
QF_BV/sage/app7/bench_6836.smt2,Yices2,1,0.6724008821765892,0.4757627001963556,,0.196638,0
QF_BV/Sage2/bench_12906.smt2,Yices2,1,0.442460483929608,0.318621190963313,,0.123839,0
QF_BV/20221012-MCMPC/dualexecution_affine/dualexecution_affine.t1.i8.f0303076.smt2,Yices2,1,0.3270125890849158,0.2652126890607178,,0.061800,0
QF_BV/sage/app7/bench_2098.smt2,Yices2,1,0.3357515140087344,0.2848369739949703,,0.050915,0
QF_BV/Sage2/bench_16202.smt2,Bitwuzla,1,0.5638435191940516,0.5381263841409236,,0.025717,0
QF_BV/spear/inn_v2.4.3/nnrpd_nnrpd_vc21212.smt2,Bitwuzla,1,0.44278572901384905,0.44087965902872384,,0.001906,0
QF_BV/20190311-bv-term-small-rw-Noetzli/bv-term-small-rw_1485.smt2,STP,1,0.26479815604398027,0.2643837840296328,,0.000414,0
QF_BV/asp/GraphPartitioning/rand_30_300_1235855358_0_k=6_v=6_e=30_sat.gph.smt2,STP,1,15.290157595882192,15.184846696909517,,0.105311,0
QF_BV/bruttomesso/lfsr/lfsr_008_143_064.smt2,Yices2,1,10.329619021038525,10.321125620044768,,0.008493,0
QF_BV/Sage2/bench_6278.smt2,STP,1,0.22615455207414925,0.2246754860971123,,0.001479,0
QF_BV/Sage2/bench_8478.smt2,STP,1,0.5261200849781744,0.5229339799843729,,0.003186,0
QF_BV/20221012-MCMPC/dualexecution_affine/dualexecution_affine.t1.i7.b59bc1e6.smt2,Yices2,1,0.46730107394978404,0.3278733929619193,,0.139428,0
QF_BV/20221012-MCMPC/dualexecution_affine/dualexecution_affine.t1.i4.2cbcedda.smt2,Yices2,1,0.5271730769891292,0.35918410401791334,,0.167989,0
QF_BV/sage/app7/bench_543.smt2,Yices2,1,0.5347166319843382,0.35346172796562314,,0.181255,0
QF_BV/20221012-MCMPC/millionaires/millionaires.t1.i7.c8a4e8ee.smt2,Bitwuzla,1,0.2513028418761678,0.2490686308592558,,0.002234,0
QF_BV/Sage2/bench_17808.smt2,STP,1,1.0977389711188152,1.0917108601424843,,0.006028,0
QF_BV/sage/app12/bench_2584.smt2,STP,1,0.4041673060855828,0.40244579408317804,,0.001722,0
QF_BV/Sage2/bench_12693.smt2,Yices2,1,1.1713124609086663,1.138495290884748,,0.032817,0
QF_BV/bruttomesso/core/ext_con_012_004_0064.smt2,STP,1,0.3847066668677144,0.3837388828396797,,0.000968,0
QF_BV/20221012-MCMPC/millionaires/millionaires.t1.i31.d39290a3.smt2,STP,1,0.22609322587959468,0.22485460084863007,,0.001239,0
QF_BV/Sage2/bench_2157.smt2,STP,1,33.16505246900488,33.163088178029284,,0.001964,0
QF_BV/spear/samba_v3.0.24/bin_libsmbclient_vc1228535.smt2,Yices2,1,1.0218882470508106,1.0004302430897951,,0.021458,0
QF_BV/Sage2/bench_3214.smt2,STP,1,1.5371745399897918,1.5324479329865426,,0.004727,0
QF_BV/sage/app7/bench_946.smt2,Yices2,1,0.4686713758856058,0.32343929586932063,,0.145232,0
QF_BV/20190311-bv-term-small-rw-Noetzli/bv-term-small-rw_1350.smt2,STP,1,0.22175952309044078,0.2213700960855931,,0.000389,0
QF_BV/20221012-MCMPC/millionaires/millionaires.t1.i47.60306bc4.smt2,Yices2,1,0.2400259249843657,0.23798280698247254,,0.002043,0
QF_BV/Sage2/bench_6288.smt2,Bitwuzla,1,0.5857993888785131,0.4976798768620938,,0.088120,0
QF_BV/Sage2/bench_17313.smt2,STP,1,0.35066224192269146,0.3414550449233502,,0.009207,0
QF_BV/20221214-p4dfa-XiaoqiChen/StringMatching/string2x8.7._bit8_na6_nr3_paired.smt2,Yices2,0,1200.0,1201.227759415051,,0.037710,0
QF_BV/20221012-MCMPC/millionaires/millionaires.t1.i63.3f943691.smt2,Yices2,1,0.21370833995752037,0.21183889196254313,,0.001869,0
QF_BV/Sage2/bench_13126.smt2,STP,1,8.263147277990356,8.257509005023167,,0.005638,0
QF_BV/float/test_v7_r12_vr5_c1_s29826.smt2,Bitwuzla,1,500.98615185410017,500.89302766509354,,0.093124,0
QF_BV/20210219-Sydr/symbolic_memory/linear/readelf/predicate_1981.smt2,Yices2,1,1.2404865880962461,1.1090451821219176,,0.131441,0
QF_BV/20221012-MCMPC/millionaires/millionaires.t1.i52.f15c3126.smt2,Yices2,1,0.2186160269775428,0.21659325598739088,,0.002023,0
QF_BV/sage/app1/bench_2574.smt2,Bitwuzla,1,0.23531082103727385,0.23119578300975263,,0.004115,0
QF_BV/sage/app1/bench_2086.smt2,Yices2,1,0.272356309928,0.26767578395083547,,0.004681,0
QF_BV/sage/app1/bench_1876.smt2,Yices2,1,0.21893669676501304,0.21785453078337014,,0.001082,0
QF_BV/bruttomesso/core/ext_con_020_064_0256.smt2,cvc5,1,0.994959156960249,0.9809854379855096,,0.013974,0
QF_BV/Sage2/bench_3766.smt2,STP,1,12.454730138008017,12.452744076028466,,0.001986,0
QF_BV/sage/app8/bench_195.smt2,Bitwuzla,1,0.4624046521494165,0.4586505701299757,,0.003754,0
QF_BV/Sage2/bench_15402.smt2,STP,1,0.30893493397161365,0.3031370809767395,,0.005798,0
QF_BV/Sage2/bench_4889.smt2,Yices2,1,0.8318168080295436,0.7754602499771863,,0.056357,0
QF_BV/sage/app7/bench_475.smt2,Yices2,1,0.5390295120887458,0.35309247812256217,,0.185937,0
QF_BV/Sage2/bench_9666.smt2,Bitwuzla,1,0.8291182647808455,0.8217766277957708,,0.007342,0
QF_BV/spear/samba_v3.0.24/bin_eventlogadm_vc331204.smt2,Yices2,1,1.5709567958838306,1.5430510689038783,,0.027906,0
QF_BV/sage/app1/bench_1891.smt2,Yices2,1,0.25374490284593776,0.2486071188468486,,0.005138,0
QF_BV/Sage2/bench_10689.smt2,STP,1,0.5334449370857328,0.5297925050836056,,0.003652,0
QF_BV/20190311-bv-term-small-rw-Noetzli/bv-term-small-rw_148.smt2,STP,1,0.2138261321815662,0.21341318218037486,,0.000413,0
QF_BV/20221012-MCMPC/wage/wage.t1.i32.62e3104d.smt2,Bitwuzla,1,0.2689672399428673,0.2675798609852791,,0.001387,0
QF_BV/20190311-bv-term-small-rw-Noetzli/bv-term-small-rw_744.smt2,STP,1,0.22156755690230057,0.22119010193273425,,0.000377,0
QF_BV/20221012-MCMPC/dualexecution_affine/dualexecution_affine.t1.i12.3100f5c6.smt2,Yices2,1,0.23902625392656773,0.2246053689159453,,0.014421,0
QF_BV/Sage2/bench_2870.smt2,STP,1,0.22934763290686533,0.22708237590268254,,0.002265,0
QF_BV/20190311-bv-term-small-rw-Noetzli/bv-term-small-rw_292.smt2,STP,1,0.21377701021265239,0.21336944121867418,,0.000408,0
QF_BV/sage/app7/bench_2936.smt2,Yices2,1,0.6664004541235045,0.4245616521220654,,0.241839,0
QF_BV/sage/app12/bench_5361.smt2,Yices2,1,0.247551868960727,0.24391960399225354,,0.003632,0
QF_BV/Sage2/bench_2593.smt2,STP,1,11.251501007995103,11.249756823992357,,0.001744,0
QF_BV/Sage2/bench_2874.smt2,STP,1,8.290920026949607,8.289431825978681,,0.001488,0
QF_BV/brummayerbiere2/smulov2bw096.smt2,Bitwuzla,1,1.5294368948088959,1.5277449798304588,,0.001692,0
QF_BV/fft/Sz256_6616.smt2,STP,1,1.5324027828755789,1.5286204828880727,,0.003782,0
QF_BV/calypto/problem_18.smt2,STP,0,1200.0,1201.2292911419645,,0.001200,0
QF_BV/20210219-Sydr/symbolic_memory/linear/minigzip/predicate_674.smt2,Yices2,1,1.2605817000148818,1.0985391209833324,,0.162043,0
QF_BV/20221012-MCMPC/wage/wage.t1.i36.0645c8c1.smt2,Bitwuzla,1,0.254425891849678,0.253182778833434,,0.001243,0
QF_BV/Sage2/bench_7838.smt2,Bitwuzla,1,1.451112303941045,1.4054403889458627,,0.045672,0
QF_BV/Sage2/bench_5834.smt2,STP,1,0.23060681484639645,0.22845360287465155,,0.002153,0
QF_BV/Sage2/bench_1801.smt2,STP,1,11.231512456899509,11.229391316883266,,0.002121,0
QF_BV/20221012-MCMPC/dualexecution/dualexecution.t1.i15.158e3a61.smt2,Yices2,1,0.5778066160273738,0.38884056103415787,,0.188966,0
QF_BV/Sage2/bench_14695.smt2,STP,1,0.2390247160801664,0.23551271809265018,,0.003512,0
QF_BV/sage/app11/bench_510.smt2,Yices2,1,0.37639319809386507,0.29996336810290813,,0.076430,0
QF_BV/20221012-MCMPC/millionaires/millionaires.t1.i28.8c014f7f.smt2,Yices2,1,0.24860934203024954,0.24636943102814257,,0.002240,0
QF_BV/float/test_v5_r15_vr1_c1_s8236.smt2,Bitwuzla,1,65.36627737485105,65.28332505188882,,0.082952,0
QF_BV/20190311-bv-term-small-rw-Noetzli/bv-term-small-rw_852.smt2,STP,1,0.21275219199014828,0.2122955119702965,,0.000457,0
QF_BV/Sage2/bench_258.smt2,Yices2,1,11.727232287055813,11.533179698046297,,0.194053,0
QF_BV/sage/app7/bench_916.smt2,Yices2,1,0.4764781252015382,0.3290716011542827,,0.147407,0
QF_BV/20221012-MCMPC/millionaires/millionaires.t1.i63.072b5d30.smt2,Yices2,1,0.21469688200158998,0.21271471702493727,,0.001982,0
QF_BV/Sage2/bench_5327.smt2,Yices2,1,0.2538815289735794,0.24495723494328558,,0.008924,0
QF_BV/20221012-MCMPC/dualexecution_affine/dualexecution_affine.t1.i8.5802b423.smt2,Yices2,1,0.31731985200894997,0.2603123870212585,,0.057007,0
QF_BV/sage/app1/bench_1984.smt2,Yices2,1,0.2511079079704359,0.24621174298226833,,0.004896,0
QF_BV/sage/app12/bench_5532.smt2,Yices2,1,0.2822748410399072,0.27874561701901257,,0.003529,0
QF_BV/Sage2/bench_14446.smt2,STP,1,0.2422246300848201,0.23879390209913254,,0.003431,0
QF_BV/Sage2/bench_6651.smt2,STP,1,0.7999152759439312,0.7802627659402788,,0.019653,0
QF_BV/Sage2/bench_15700.smt2,STP,1,0.5254625708330423,0.509026558836922,,0.016436,0
QF_BV/Sage2/bench_2322.smt2,STP,1,24.01128150097793,24.00999451195821,,0.001287,0
QF_BV/20221012-MCMPC/millionaires/millionaires.t1.i62.be46f5b4.smt2,Yices2,1,0.21472787094535306,0.21265668096020818,,0.002071,0
QF_BV/sage/app8/bench_1593.smt2,STP,1,0.2350789099582471,0.23242146498523653,,0.002657,0
QF_BV/Sage2/bench_17128.smt2,Bitwuzla,1,0.29107754403958097,0.28858383605256677,,0.002494,0
QF_BV/20221012-MCMPC/millionaires/millionaires.t1.i26.02f19e6e.smt2,STP,1,0.22147221904015169,0.22026502201333642,,0.001207,0
QF_BV/Sage2/bench_12535.smt2,Bitwuzla,1,2.4630418638698757,2.4300132158678025,,0.033029,0
QF_BV/20190311-bv-term-small-rw-Noetzli/bv-term-small-rw_415.smt2,STP,1,0.2214567888295278,0.22089585685171187,,0.000561,0
QF_BV/sage/app7/bench_1561.smt2,Yices2,1,0.4094217790989205,0.31798253511078656,,0.091439,0
QF_BV/20190311-bv-term-small-rw-Noetzli/bv-term-small-rw_637.smt2,STP,1,0.24041452299570665,0.24002545699477196,,0.000389,0
QF_BV/sage/app11/bench_79.smt2,Yices2,1,0.3862734150607139,0.31061260402202606,,0.075661,0
QF_BV/20221214-p4dfa-XiaoqiChen/StringMatching/string4x8.3._bit8_na6_nr3_paired.smt2,Yices2,0,1200.0,1201.2446128351148,,0.105416,0
QF_BV/Sage2/bench_12212.smt2,STP,1,0.4287901641218923,0.4223332421388477,,0.006457,0
QF_BV/sage/app7/bench_880.smt2,Yices2,1,0.8043289750348777,0.5566851750481874,,0.247644,0
QF_BV/Sage2/bench_13254.smt2,Yices2,1,2.9782742631505243,2.8682555621489882,,0.110019,0
QF_BV/Sage2/bench_9360.smt2,Yices2,1,0.25910082092741504,0.2418602779507637,,0.017241,0
QF_BV/Sage2/bench_9492.smt2,STP,1,0.23980876192217693,0.23760639689862728,,0.002202,0
QF_BV/spear/samba_v3.0.24/bin_libmsrpc_vc1228427.smt2,Bitwuzla,1,0.8183043599128723,0.8061734798830003,,0.012131,0
QF_BV/20221012-MCMPC/dualexecution_affine/dualexecution_affine.t1.i11.342f1017.smt2,Yices2,1,0.2573634851141833,0.2332531891297549,,0.024110,0
QF_BV/Sage2/bench_1715.smt2,Bitwuzla,1,0.5028124050004408,0.4844184280373156,,0.018394,0
QF_BV/20210219-Sydr/master/cjpeg/predicate_2630.smt2,Yices2,1,0.4552099551074207,0.41002471814863384,,0.045185,0
QF_BV/sage/app8/bench_698.smt2,STP,1,0.3392510609701276,0.33659128099679947,,0.002660,0
QF_BV/sage/app7/bench_1110.smt2,Yices2,1,0.499776155105792,0.37066240911372006,,0.129114,0
QF_BV/sage/app7/bench_2891.smt2,Yices2,1,0.666471409087535,0.4188805790618062,,0.247591,0
QF_BV/20221012-MCMPC/wage/wage.t1.i19.a912c9b3.smt2,Bitwuzla,1,0.32774154015351087,0.3260759781114757,,0.001666,0
QF_BV/bruttomesso/core/ext_con_024_002_0512.smt2,STP,1,1.4105455580865964,1.4094562190584838,,0.001089,0
QF_BV/spear/samba_v3.0.24/bin_libmsrpc_vc1232007.smt2,Bitwuzla,1,0.6885344719630666,0.6769204309675843,,0.011614,0
QF_BV/spear/samba_v3.0.24/bin_libsmbsharemodes_vc7655.smt2,Bitwuzla,1,1.0847804370569065,1.0613424740731716,,0.023438,0
QF_BV/Sage2/bench_10616.smt2,Yices2,1,0.23433209612267092,0.2235347661189735,,0.010797,0
QF_BV/sage/app7/bench_2470.smt2,Yices2,1,0.7959616199368611,0.5538820489309728,,0.242080,0
QF_BV/Sage2/bench_1532.smt2,Yices2,1,0.489575406012591,0.3790896499995142,,0.110486,0
QF_BV/spear/samba_v3.0.24/bin_libmsrpc_vc1232113.smt2,Bitwuzla,1,1.092066529148724,1.0756632131524384,,0.016403,0
QF_BV/20210312-Bouvier/vlsat3_g34.smt2,STP,1,12.143575620022602,12.085733860032633,,0.057842,0
QF_BV/sage/app11/bench_87.smt2,Yices2,1,0.4050210118875839,0.3289845949038863,,0.076036,0
QF_BV/Sage2/bench_15081.smt2,STP,1,15.635554959997535,15.631047372007743,,0.004508,0
QF_BV/spear/samba_v3.0.24/bin_libsmbclient_vc1225270.smt2,Yices2,1,1.0032998600509018,0.9827703200280666,,0.020530,0
QF_BV/sage/app7/bench_260.smt2,Yices2,1,0.6685577131574973,0.48392440215684474,,0.184633,0
QF_BV/20190311-bv-term-small-rw-Noetzli/bv-term-small-rw_177.smt2,STP,1,0.24375420616706833,0.24335778621025383,,0.000396,0
QF_BV/Sage2/bench_14528.smt2,STP,1,0.2652583119343035,0.2593707039486617,,0.005888,0
QF_BV/Sage2/bench_10646.smt2,Bitwuzla,1,0.9508499521180056,0.8914700781460851,,0.059380,0
QF_BV/Sage2/bench_5283.smt2,STP,1,6.017694764828775,6.015945179853588,,0.001750,0
QF_BV/Sage2/bench_2497.smt2,Bitwuzla,1,1.0448834159760736,1.0085170429665595,,0.036366,0
QF_BV/Sage2/bench_14836.smt2,Yices2,1,1.1997465179301798,0.8291948449332267,,0.370552,0
QF_BV/Sage2/bench_9058.smt2,STP,0,1200.0,1201.2231374199037,,0.000915,0
QF_BV/log-slicing/bvadd_21757.smt2,STP,1,3.9405018240213394,3.9399871500208974,,0.000515,0
QF_BV/20221012-MCMPC/millionaires/millionaires.t3.i37.7eabcb40.smt2,Yices2,1,0.222005512972828,0.2186241450253874,,0.003381,0
QF_BV/sage/app1/bench_655.smt2,STP,1,0.4619580068392679,0.45906817982904613,,0.002890,0
QF_BV/sage/app7/bench_784.smt2,Yices2,1,0.5224980381317437,0.3590109911747277,,0.163487,0
QF_BV/sage/app7/bench_13.smt2,Yices2,1,0.6433238089084625,0.4601654428988695,,0.183158,0
QF_BV/asp/WireRouting/wire.16.x.16.b.10.a.20_unsat.data.smt2,Yices2,1,121.63391747191781,121.2049639809411,,0.428953,0
QF_BV/asp/BlockedNQueens/156.48.1960.36.1721286911.dat.smt2,Yices2,1,5.416713278158568,5.387414733180776,,0.029299,0
QF_BV/20210312-Bouvier/vlsat3_g26.smt2,STP,1,2.7089672501315363,2.6840939121320844,,0.024873,0
QF_BV/Sage2/bench_1758.smt2,STP,1,0.554222366947215,0.5502991159446537,,0.003923,0
QF_BV/Sage2/bench_435.smt2,Bitwuzla,1,0.3103587740333751,0.3075167790520936,,0.002842,0
QF_BV/spear/samba_v3.0.24/bin_libsmbsharemodes_vc4334.smt2,Yices2,1,1.4014021198963746,1.3636927818879485,,0.037709,0
QF_BV/Sage2/bench_3226.smt2,STP,1,11.651087292004377,11.64947615400888,,0.001611,0
QF_BV/sage/app7/bench_703.smt2,Yices2,1,0.7780468321288936,0.5386594231240451,,0.239387,0
QF_BV/spear/inn_v2.4.3/innd_innd_vc32740.smt2,Bitwuzla,1,0.5693178228102624,0.5681302468292415,,0.001188,0
QF_BV/Sage2/bench_688.smt2,STP,1,16.929636277083773,16.92787031107582,,0.001766,0
QF_BV/asp/SchurNumbers/20.6.schur.lp.smt2,Yices2,1,3.195942425110843,3.11309219407849,,0.082850,0
QF_BV/Sage2/bench_10826.smt2,Yices2,1,1.566650754015427,1.2146442800294608,,0.352006,0
QF_BV/sage/app1/bench_99.smt2,Bitwuzla,1,0.6639913910184987,0.6601322370115668,,0.003859,0
QF_BV/sage/app7/bench_328.smt2,Yices2,1,0.7248178872396238,0.5414976282045245,,0.183320,0
QF_BV/spear/samba_v3.0.24/bin_eventlogadm_vc331212.smt2,Yices2,1,1.1022727438248694,1.0766674987971783,,0.025605,0
QF_BV/Sage2/bench_14955.smt2,Yices2,1,2.8749632011167705,2.8092392061371356,,0.065724,0
QF_BV/Sage2/bench_15802.smt2,STP,1,0.24570984102319926,0.24225306301377714,,0.003457,0
QF_BV/uclid/catchconv/convert-jpg2gif-query-1178.smt2,Yices2,1,0.3457446379470639,0.3032001359388232,,0.042545,0
QF_BV/20221012-MCMPC/simplemean_buckets/simplemean_buckets.t1.i8.4e49f964.smt2,STP,1,0.3506752218818292,0.34770772885531187,,0.002967,0
QF_BV/Sage2/bench_15668.smt2,STP,1,1.0807744780322537,1.053811273071915,,0.026963,0
QF_BV/20210219-Sydr/master/cjpeg/predicate_2709.smt2,Yices2,1,0.5468241039779969,0.5000757609959692,,0.046748,0
QF_BV/bruttomesso/lfsr/lfsr_002_047_048.smt2,STP,1,0.8810746158706024,0.8795684438664466,,0.001506,0
QF_BV/Sage2/bench_10589.smt2,Yices2,1,0.8962913132272661,0.7652759451884776,,0.131015,0
QF_BV/Sage2/bench_2174.smt2,STP,1,10.83706484013237,10.83549228310585,,0.001573,0
QF_BV/20221012-MCMPC/millionaires/millionaires.t1.i7.8bb155ba.smt2,Bitwuzla,1,0.26193339494057,0.2595243719406426,,0.002409,0
QF_BV/20221012-MCMPC/millionaires/millionaires.t1.i22.16861411.smt2,Bitwuzla,1,0.25171016197418794,0.2494195569306612,,0.002291,0
QF_BV/bruttomesso/core/ext_con_048_001_0256.smt2,STP,1,0.8417533419560641,0.8406994489487261,,0.001054,0
QF_BV/20210219-Sydr/master/pk2bm/predicate_397.smt2,STP,1,0.36618511186679825,0.35582547285594046,,0.010360,0
QF_BV/sage/app11/bench_492.smt2,Yices2,1,0.3876758480328135,0.31071526603773236,,0.076961,0
QF_BV/20221012-MCMPC/dualexecution_affine/dualexecution_affine.t1.i12.0d4c43a9.smt2,Yices2,1,0.4081213831086643,0.32302517211064696,,0.085096,0
QF_BV/spear/samba_v3.0.24/bin_libsmbsharemodes_vc4840.smt2,Yices2,1,1.0720196269103326,1.034423247911036,,0.037596,0
QF_BV/sage/app7/bench_5180.smt2,Yices2,1,0.6761135419947095,0.4789610239677131,,0.197153,0
QF_BV/sage/app11/bench_139.smt2,Yices2,1,0.3807938871323131,0.30246604117564857,,0.078328,0
QF_BV/20221012-MCMPC/millionaires/millionaires.t1.i61.4ee9e1da.smt2,Yices2,1,0.2164652109495364,0.2144358679652214,,0.002029,0
QF_BV/20221012-MCMPC/millionaires/millionaires.t1.i55.2532e301.smt2,Yices2,1,0.24417169799562544,0.2421663689892739,,0.002005,0
QF_BV/20221012-MCMPC/wage/wage.t1.i28.8022b4a7.smt2,Bitwuzla,1,0.25014226109487936,0.248701895121485,,0.001440,0
QF_BV/20190311-bv-term-small-rw-Noetzli/bv-term-small-rw_814.smt2,STP,1,0.21227970789186656,0.21189143392257392,,0.000388,0
QF_BV/20221012-MCMPC/millionaires/millionaires.t1.i14.aa8b489b.smt2,Bitwuzla,1,0.2675095259328373,0.2647326239384711,,0.002777,0
QF_BV/spear/samba_v3.0.24/bin_eventlogadm_vc331230.smt2,Yices2,1,1.2035624340060167,1.1786287559662014,,0.024934,0
QF_BV/Sage2/bench_17560.smt2,Bitwuzla,1,2.63467342389049,2.571688439929858,,0.062985,0
QF_BV/Sage2/bench_13259.smt2,STP,1,1.570759283960797,1.563181116944179,,0.007578,0
QF_BV/Sage2/bench_4511.smt2,STP,1,0.720840016962029,0.6909458979498595,,0.029894,0
QF_BV/pspace/power2sum.9082.smt2,STP,1,315.24736711900914,315.2469550250098,,0.000412,0
QF_BV/Sage2/bench_6803.smt2,Yices2,1,0.46764050918864086,0.36874117818661034,,0.098899,0
QF_BV/sage/app7/bench_6668.smt2,Yices2,1,0.7921638250700198,0.5375042860396206,,0.254660,0
QF_BV/bruttomesso/simple_processor/simple_processors_008_005_0016.smt2,STP,1,2.729406734055374,2.727999516064301,,0.001407,0
QF_BV/sage/app7/bench_1164.smt2,Yices2,1,0.42556449089897797,0.30312735587358475,,0.122437,0
QF_BV/Sage2/bench_13795.smt2,Yices2,1,2.059857618936803,1.705353586934507,,0.354504,0
QF_BV/Sage2/bench_16059.smt2,Bitwuzla,1,1.1738182320259511,1.1454423950053751,,0.028376,0
QF_BV/20221012-MCMPC/millionaires/millionaires.t1.i55.7581e115.smt2,Yices2,1,0.21644006989663467,0.21439260290935636,,0.002047,0
QF_BV/Sage2/bench_7089.smt2,Yices2,1,0.4665623690234497,0.36883310903795063,,0.097729,0
QF_BV/sage/app7/bench_284.smt2,Yices2,1,0.7354768759687431,0.5508371680043638,,0.184640,0
QF_BV/sage/app7/bench_1343.smt2,Yices2,1,0.3991132518858649,0.2910994489211589,,0.108014,0
QF_BV/sage/app7/bench_7384.smt2,STP,1,0.22419158788397908,0.22327525587752461,,0.000916,0
QF_BV/Sage2/bench_14748.smt2,STP,1,0.494757670967374,0.4860903669614345,,0.008667,0
QF_BV/20210219-Sydr/master/yices/predicate_8201.smt2,STP,1,1.7405329641187564,1.5558542311191559,,0.184679,0
QF_BV/20221012-MCMPC/dualexecution_affine/dualexecution.t1.i15.0695c39b.smt2,Yices2,1,1.1290843799943104,0.6692121289670467,,0.459872,0
QF_BV/sage/app11/bench_254.smt2,Yices2,1,0.40640458103735,0.3285665060393512,,0.077838,0
QF_BV/sage/app8/bench_266.smt2,Bitwuzla,1,0.4097711000358686,0.40643679699860513,,0.003334,0
QF_BV/Sage2/bench_17372.smt2,STP,1,0.24293005495565012,0.239395682932809,,0.003534,0
QF_BV/Sage2/bench_10907.smt2,Yices2,1,0.5201206030324101,0.3536251450423151,,0.166495,0
QF_BV/bruttomesso/core/ext_con_028_064_1024.smt2,cvc5,1,3.4043764219386503,3.3852338129654527,,0.019143,0
QF_BV/sage/app7/bench_5502.smt2,Yices2,1,0.6873534820042551,0.48612455697730184,,0.201229,0
QF_BV/20221012-MCMPC/millionaires/millionaires.t1.i23.7fec30cb.smt2,STP,1,0.22947199107147753,0.2281673951074481,,0.001305,0
QF_BV/Sage2/bench_1760.smt2,STP,1,13.97296021116199,13.971365013159811,,0.001595,0
QF_BV/asp/Solitaire/solitaire-center-time=28.smt2,STP,1,14.180720115895383,14.096845855936408,,0.083874,0
QF_BV/brummayerbiere/countbitssrl032.smt2,STP,1,36.992703980067745,36.99148160405457,,0.001222,0
QF_BV/sage/app7/bench_1726.smt2,Yices2,1,0.33496051299152896,0.2655549109913409,,0.069406,0
QF_BV/20190311-bv-term-small-rw-Noetzli/bv-term-small-rw_357.smt2,STP,1,0.2235928819864057,0.22321025794371963,,0.000383,0
QF_BV/sage/app7/bench_399.smt2,Yices2,1,0.6519514469546266,0.4680903609842062,,0.183861,0
QF_BV/sage/app1/bench_2511.smt2,Yices2,1,0.2590908227721229,0.25370205380022526,,0.005389,0
QF_BV/Sage2/bench_11369.smt2,STP,1,0.24030419206246734,0.23884739307686687,,0.001457,0
QF_BV/sage/app1/bench_843.smt2,STP,1,0.24011415301356465,0.23721812502481043,,0.002896,0
QF_BV/Sage2/bench_7310.smt2,Yices2,1,0.28492324094986543,0.25149582396261394,,0.033427,0
QF_BV/sage/app1/bench_2634.smt2,Bitwuzla,1,0.5237539900117554,0.5196026749908924,,0.004151,0
QF_BV/Sage2/bench_5728.smt2,STP,1,0.5213549269828945,0.517508442979306,,0.003846,0
QF_BV/sage/app11/bench_359.smt2,Yices2,1,0.3853694470017217,0.3085936959832907,,0.076776,0
QF_BV/20221012-MCMPC/millionaires/millionaires.t1.i31.52d2c278.smt2,Yices2,1,0.21869092399720103,0.21633524796925485,,0.002356,0
QF_BV/20190311-bv-term-small-rw-Noetzli/bv-term-small-rw_325.smt2,STP,1,0.22004219802329317,0.21955350902862847,,0.000489,0
QF_BV/Sage2/bench_6759.smt2,STP,1,0.4125514479819685,0.4063229779712856,,0.006228,0
QF_BV/20221012-MCMPC/dualexecution_affine/dualexecution.t1.i15.9ccfc51d.smt2,Yices2,1,0.7934936570236459,0.4991603880189359,,0.294333,0
QF_BV/spear/samba_v3.0.24/bin_eventlogadm_vc331211.smt2,Yices2,1,2.0910094078280963,2.0645744318608195,,0.026435,0
QF_BV/spear/samba_v3.0.24/bin_libmsrpc_vc1225347.smt2,Yices2,1,1.246751661063172,1.227403175085783,,0.019348,0
QF_BV/sage/app7/bench_803.smt2,Yices2,1,0.7949274029233493,0.542409956920892,,0.252517,0
QF_BV/asp/Solitaire/solitaire-edge-time=29.smt2,STP,1,41.70586357882712,41.61967699485831,,0.086187,0
QF_BV/Sage2/bench_11987.smt2,STP,1,0.2868857799330726,0.28057503793388605,,0.006311,0
QF_BV/Sage2/bench_5936.smt2,STP,1,0.7900576071115211,0.78517728112638,,0.004880,0
QF_BV/Sage2/bench_1371.smt2,STP,1,40.89802925597178,40.896626855945215,,0.001402,0
QF_BV/sage/app7/bench_7403.smt2,STP,1,0.2561381289851852,0.255528467008844,,0.000610,0
QF_BV/Sage2/bench_17809.smt2,Yices2,1,0.4600044430117123,0.36609453801065683,,0.093910,0
QF_BV/sage/app1/bench_867.smt2,STP,1,0.23275364405708387,0.22992388904094696,,0.002830,0
QF_BV/Sage2/bench_14346.smt2,Yices2,1,0.8572576700826176,0.6395634000655264,,0.217694,0
QF_BV/Sage2/bench_8135.smt2,Bitwuzla,1,10.315700262028258,10.297847643028945,,0.017853,0
QF_BV/spear/samba_v3.0.24/bin_eventlogadm_vc352862.smt2,Yices2,1,0.5785334499087185,0.5393976939376444,,0.039136,0
QF_BV/bruttomesso/core/ext_con_044_008_0512.smt2,STP,1,2.338020385184791,2.333870624192059,,0.004150,0
QF_BV/Sage2/bench_7350.smt2,Yices2,1,0.4838360440917313,0.37569798110052943,,0.108138,0
QF_BV/log-slicing/bvurem_15.smt2,Bitwuzla,1,277.18595426290995,277.18458687886596,,0.001367,0
QF_BV/float/test_v3_r3_vr1_c1_s5578.smt2,Yices2,1,0.7894984281156212,0.7790525171440095,,0.010446,0
QF_BV/20221012-MCMPC/wage/wage.t1.i27.f3db1761.smt2,Bitwuzla,1,0.24885442905360833,0.24743998004123569,,0.001414,0
QF_BV/sage/app7/bench_1774.smt2,Yices2,1,0.34090621513314545,0.27014653012156487,,0.070760,0
QF_BV/20221012-MCMPC/millionaires/millionaires.t1.i25.6e033c19.smt2,Bitwuzla,1,0.24638196593150496,0.24415890593081713,,0.002223,0
QF_BV/sage/app11/bench_216.smt2,Yices2,1,0.3878032899228856,0.31260276795364916,,0.075201,0
QF_BV/Sage2/bench_9598.smt2,Yices2,1,0.47414627874968573,0.44677806179970503,,0.027368,0
QF_BV/Sage2/bench_11821.smt2,Yices2,1,2.88403295801254,2.8217296870425344,,0.062303,0
QF_BV/20221012-MCMPC/millionaires/millionaires.t1.i29.10d0750d.smt2,STP,1,0.22162515891250223,0.22041506692767143,,0.001210,0
QF_BV/20190311-bv-term-small-rw-Noetzli/bv-term-small-rw_1390.smt2,STP,1,0.21942796697840095,0.2190392219927162,,0.000389,0
QF_BV/20221012-MCMPC/wage_circuit_div/wage_circuit_div.t1.i36.e53bf12d.smt2,STP,1,0.2553588650771417,0.2540013000834733,,0.001358,0
QF_BV/20221012-MCMPC/mean_buckets/mean_buckets.t1.i26.592d6d4c.smt2,STP,1,0.34265485598007217,0.34010835899971426,,0.002546,0
QF_BV/Sage2/bench_2345.smt2,STP,1,0.2310362749849446,0.22891963296569884,,0.002117,0
QF_BV/20221012-MCMPC/millionaires/millionaires.t3.i7.1d2920e4.smt2,Bitwuzla,1,0.2892546210787259,0.2861984530463815,,0.003056,0
QF_BV/Sage2/bench_7999.smt2,Yices2,1,1.4018036850029603,1.3312075180001557,,0.070596,0
QF_BV/sage/app1/bench_1251.smt2,STP,1,0.2757839809637517,0.27412827196531,,0.001656,0
QF_BV/uclid/catchconv/convert-jpg2gif-query-1275.smt2,Yices2,1,0.349375877995044,0.3020173329859972,,0.047359,0
QF_BV/Sage2/bench_8914.smt2,STP,1,0.26439495204249397,0.26014719204977155,,0.004248,0
QF_BV/Sage2/bench_6097.smt2,STP,1,0.5249843008932658,0.5220680579077452,,0.002916,0
QF_BV/sage/app9/bench_2987.smt2,Bitwuzla,1,0.4407162749557756,0.4372750639449805,,0.003441,0
QF_BV/sage/app1/bench_2320.smt2,Yices2,1,0.21531073888763785,0.21395281190052629,,0.001358,0
QF_BV/log-slicing/bvmul_10.smt2,STP,1,7.433046057180036,7.431959173176438,,0.001087,0
QF_BV/20221012-MCMPC/millionaires/millionaires.t1.i17.ae565c6a.smt2,Bitwuzla,1,0.25893531303154305,0.25642890902236104,,0.002506,0
QF_BV/uclid/catchconv/convert-jpg2gif-query-1472.smt2,Yices2,1,0.4156280549359508,0.34927784092724323,,0.066350,0
QF_BV/spear/samba_v3.0.24/bin_libsmbsharemodes_vc7694.smt2,Bitwuzla,1,1.9659850672469474,1.9247514412272722,,0.041234,0
QF_BV/Sage2/bench_15220.smt2,Bitwuzla,1,0.2732014248613268,0.270475807832554,,0.002726,0
QF_BV/log-slicing/bvsub_20949.smt2,STP,0,1200.0,1201.2436571340077,,0.000464,0
QF_BV/uum/uum8.smt2,STP,1,3.3432241209666245,3.340657382970676,,0.002567,0
QF_BV/sage/app9/bench_1363.smt2,STP,1,0.8583221749286167,0.8575271689333022,,0.000795,0
QF_BV/Sage2/bench_12956.smt2,STP,1,1.4712967790546827,1.4588763120118529,,0.012420,0
QF_BV/20210219-Sydr/symbolic_memory/linear/hdp/predicate_2871.smt2,Yices2,1,0.9229569460148923,0.7432364940177649,,0.179720,0
QF_BV/Sage2/bench_6984.smt2,Yices2,1,0.4729597750119865,0.37586363102309406,,0.097096,0
QF_BV/sage/app8/bench_539.smt2,STP,1,0.38519420207012445,0.3823242620564997,,0.002870,0
QF_BV/sage/app11/bench_111.smt2,Yices2,1,0.4055673067923635,0.32964533381164074,,0.075922,0
QF_BV/sage/app7/bench_2041.smt2,Yices2,1,0.3108664579340257,0.2562871319241822,,0.054579,0
QF_BV/sage/app1/bench_2587.smt2,Bitwuzla,1,0.5673048720927909,0.5633137940894812,,0.003991,0
QF_BV/spear/samba_v3.0.24/bin_libmsrpc_vc1225396.smt2,Yices2,1,1.0210621908772737,1.0014915529172868,,0.019571,0
QF_BV/Sage2/bench_14834.smt2,STP,1,0.27628022100543603,0.27200430096127093,,0.004276,0
QF_BV/spear/samba_v3.0.24/bin_libsmbsharemodes_vc6300.smt2,Yices2,1,0.6650642898748629,0.6519729339051992,,0.013091,0
QF_BV/Sage2/bench_5155.smt2,STP,1,0.23784757795510814,0.23582159099169075,,0.002026,0
QF_BV/Sage2/bench_9019.smt2,STP,1,5.940587104007136,5.938452393980697,,0.002135,0
QF_BV/spear/samba_v3.0.24/bin_libsmbsharemodes_vc7288.smt2,Bitwuzla,1,0.4830680409213528,0.4788833078928292,,0.004185,0
QF_BV/sage/app8/bench_275.smt2,STP,1,0.5670795810292475,0.5636937620583922,,0.003386,0
QF_BV/20221012-MCMPC/dualexecution/dualexecution.t1.i32.519f270c.smt2,Yices2,1,0.8486474100500345,0.5630418690852821,,0.285606,0
QF_BV/sage/app7/bench_793.smt2,Yices2,1,0.4882111957995221,0.32999992184340954,,0.158211,0
QF_BV/Sage2/bench_3935.smt2,Yices2,1,0.5274809378897771,0.4274391469080001,,0.100042,0
QF_BV/Sage2/bench_10134.smt2,Yices2,1,3.261794170830399,3.151590214809403,,0.110204,0
QF_BV/Sage2/bench_7438.smt2,STP,1,86.50465408124728,86.50312218721956,,0.001532,0
QF_BV/Sage2/bench_7497.smt2,Yices2,1,0.4873120789998211,0.38941481499932706,,0.097897,0
QF_BV/Sage2/bench_4059.smt2,STP,1,0.8235566269722767,0.8117311629466712,,0.011825,0
QF_BV/20221012-MCMPC/wage/wage.t1.i27.a75936f2.smt2,Bitwuzla,1,0.2672498889733106,0.26590152201242745,,0.001348,0
QF_BV/20221214-p4dfa-XiaoqiChen/StringMatching/string4x16.6._bit8_na6_nr4_pairedtwobranch.smt2,Yices2,0,1200.0,1201.3075718861073,,0.293182,0
QF_BV/bruttomesso/simple_processor/simple_processors_004_004_0008.smt2,STP,1,0.6891577370697632,0.6881752160843462,,0.000983,0
QF_BV/Sage2/bench_5302.smt2,STP,1,76.48403280199273,76.48218121798709,,0.001852,0
QF_BV/20210312-Bouvier/vlsat3_g54.smt2,Bitwuzla,1,14.834558806847781,14.702051425818354,,0.132507,0
QF_BV/20210219-Sydr/symbolic_memory/bst/hdp/predicate_3295.smt2,Yices2,1,1.3694704248337075,1.1181306368671358,,0.251340,0
QF_BV/20221012-MCMPC/dualexecution_affine/dualexecution_affine.t1.i4.9d3edbd9.smt2,Yices2,1,0.3233445229707286,0.2621577379759401,,0.061187,0
QF_BV/20210312-Bouvier/vlsat3_g48.smt2,Bitwuzla,1,6.466417214949615,6.424257383914664,,0.042160,0
QF_BV/20221012-MCMPC/millionaires/millionaires.t1.i18.b4545a54.smt2,Bitwuzla,1,0.26203383289976045,0.25979557493701577,,0.002238,0
QF_BV/asp/EdgeMatching/edge-matching-width=9-height=9-colours=12.smt2,Bitwuzla,1,352.33351657615276,351.7744276621379,,0.559089,0
QF_BV/sage/app2/bench_609.smt2,Yices2,1,0.24015128292376176,0.22712923889048398,,0.013022,0
QF_BV/sage/app7/bench_8631.smt2,Yices2,1,0.6641498039825819,0.4710066879633814,,0.193143,0
QF_BV/Sage2/bench_6070.smt2,STP,1,0.23757146811112761,0.23488463810645044,,0.002687,0
QF_BV/20221012-MCMPC/millionaires/millionaires.t1.i24.347b6758.smt2,STP,1,0.2544022789807059,0.2531590759754181,,0.001243,0
QF_BV/sage/app7/bench_974.smt2,Yices2,1,0.46059358085040003,0.3202584518585354,,0.140335,0
QF_BV/Sage2/bench_9102.smt2,STP,1,0.23407902586041018,0.23208699887618423,,0.001992,0
QF_BV/Sage2/bench_15833.smt2,STP,1,0.787407759053167,0.7720955130644143,,0.015312,0
QF_BV/Sage2/bench_12489.smt2,STP,1,1.051436533103697,1.0254092530813068,,0.026027,0
QF_BV/20221012-MCMPC/millionaires/millionaires.t1.i55.ea38ba07.smt2,Yices2,1,0.22118727199267596,0.21917082299478352,,0.002016,0
QF_BV/20221012-MCMPC/dualexecution_affine/dualexecution_affine.t1.i12.a2df55e7.smt2,Yices2,1,0.35768549906788394,0.2764081540517509,,0.081277,0
QF_BV/sage/app7/bench_7713.smt2,Yices2,1,0.6736118780681863,0.48762072203680873,,0.185991,0
QF_BV/sage/app1/bench_342.smt2,Bitwuzla,1,0.5589600050006993,0.5554247919935733,,0.003535,0
QF_BV/Sage2/bench_12417.smt2,STP,1,0.7256051720469259,0.708698685048148,,0.016906,0
QF_BV/sage/app7/bench_7446.smt2,Yices2,1,0.7461974910693243,0.5053494770545512,,0.240848,0
QF_BV/sage/app7/bench_2194.smt2,Yices2,1,0.31857496401062235,0.26839067600667477,,0.050184,0
QF_BV/bruttomesso/lfsr/lfsr_008_111_096.smt2,Yices2,1,13.402337528939825,13.393556674942374,,0.008781,0
QF_BV/Sage2/bench_5274.smt2,Bitwuzla,1,0.41606034187134355,0.4133677128702402,,0.002693,0
QF_BV/20221012-MCMPC/millionaires/millionaires.t1.i34.af0dd74f.smt2,Yices2,1,0.24736041208961979,0.2452588661108166,,0.002102,0
QF_BV/20210312-Bouvier/vlsat3_a40.smt2,STP,1,56.934447435080074,56.92110680905171,,0.013341,0
QF_BV/sage/app7/bench_381.smt2,Yices2,1,0.7903288340312429,0.5409998700488359,,0.249329,0
QF_BV/float/test_v7_r7_vr5_c1_s3582.smt2,Yices2,1,27.727731482184026,27.671389299212024,,0.056342,0
QF_BV/sage/app7/bench_2100.smt2,Yices2,1,0.3045407970203087,0.2529179740231484,,0.051623,0
QF_BV/20221012-MCMPC/millionaires/millionaires.t4.i7.8443233b.smt2,Bitwuzla,1,0.2951672851340845,0.2910696971230209,,0.004098,0
QF_BV/Sage2/bench_1160.smt2,Yices2,1,0.6742681819014251,0.4659585729241371,,0.208310,0
QF_BV/Sage2/bench_252.smt2,Yices2,1,1.1857934079598635,0.886216914979741,,0.299576,0
QF_BV/sage/app1/bench_359.smt2,Yices2,1,0.25325393793173134,0.24778306693769991,,0.005471,0
QF_BV/bruttomesso/core/ext_con_040_016_1024.smt2,STP,1,4.50235140894074,4.495263451943174,,0.007088,0
QF_BV/Sage2/bench_4045.smt2,Yices2,1,0.378160034888424,0.30828662891872227,,0.069873,0
QF_BV/Sage2/bench_14647.smt2,STP,1,1.5344718621345237,1.5216271011158824,,0.012845,0
QF_BV/20221012-MCMPC/millionaires/millionaires.t1.i45.6d3f8747.smt2,Yices2,1,0.21507940889569,0.21303990692831576,,0.002040,0
QF_BV/spear/samba_v3.0.24/bin_libsmbclient_vc1228558.smt2,Yices2,1,0.987479665025603,0.9683128360193223,,0.019167,0
QF_BV/sage/app7/bench_1286.smt2,Yices2,1,0.4111071720253676,0.3007784220390022,,0.110329,0
QF_BV/brummayerbiere2/umulov2bw0768.smt2,Bitwuzla,1,6.1362776911119,6.1299021451268345,,0.006376,0
QF_BV/Sage2/bench_9764.smt2,Yices2,1,0.2758724229061045,0.250642190920189,,0.025230,0
QF_BV/Sage2/bench_14890.smt2,STP,1,0.2599214949295856,0.25806797994300723,,0.001854,0
QF_BV/sage/app7/bench_491.smt2,Yices2,1,0.5324995639966801,0.3535009960178286,,0.178999,0
QF_BV/20210312-Bouvier/vlsat3_a58.smt2,STP,1,181.17429407901363,181.14649295504205,,0.027801,0
QF_BV/Sage2/bench_11008.smt2,Yices2,1,0.23226630204590037,0.2230547070503235,,0.009212,0
QF_BV/20210312-Bouvier/vlsat3_g33.smt2,STP,1,9.673893283121288,9.620548071106896,,0.053345,0
QF_BV/Sage2/bench_7410.smt2,Yices2,1,2.7212530029937625,2.5702903559431434,,0.150963,0
QF_BV/sage/app1/bench_2196.smt2,Yices2,1,0.29421226697741076,0.2896956349723041,,0.004517,0
QF_BV/sage/app7/bench_458.smt2,Yices2,1,0.5348754160222597,0.34919122606515884,,0.185684,0
QF_BV/sage/app1/bench_2443.smt2,Bitwuzla,1,0.2750923758139834,0.27089864178560674,,0.004194,0
QF_BV/spear/samba_v3.0.24/bin_libmsrpc_vc1225895.smt2,Yices2,1,0.6792052939999849,0.6568970310036093,,0.022308,0
QF_BV/Sage2/bench_11744.smt2,Bitwuzla,1,0.5765795912011527,0.49473038921132684,,0.081849,0
QF_BV/Sage2/bench_7972.smt2,Yices2,1,0.5798757639131509,0.48595240991562605,,0.093923,0
QF_BV/sage/app7/bench_196.smt2,Yices2,1,0.6498994869180024,0.4679745219182223,,0.181925,0
QF_BV/spear/samba_v3.0.24/bin_eventlogadm_vc351399.smt2,Yices2,1,1.2887799029122107,1.2582462748978287,,0.030534,0
QF_BV/20190311-bv-term-small-rw-Noetzli/bv-term-small-rw_1246.smt2,STP,1,0.2327476221253164,0.23233967111445963,,0.000408,0
QF_BV/Sage2/bench_15877.smt2,STP,1,0.31225761311361566,0.3020382390823215,,0.010219,0
QF_BV/sage/app7/bench_61.smt2,Yices2,1,0.6528239750768989,0.4638822660781443,,0.188942,0
QF_BV/20221214-p4dfa-XiaoqiChen/StringMatching/string4x16.1._bit16_na6_nr4_paired.smt2,Yices2,0,1200.0,1201.4018693179823,,0.345770,0
QF_BV/20190311-bv-term-small-rw-Noetzli/bv-term-small-rw_1144.smt2,STP,1,0.24642065208172426,0.24603563407436013,,0.000385,0
QF_BV/Sage2/bench_10383.smt2,STP,1,0.5846781349391676,0.580407541943714,,0.004271,0
QF_BV/spear/samba_v3.0.24/bin_libsmbclient_vc1225278.smt2,Yices2,1,1.7826461149961688,1.759574793977663,,0.023071,0
QF_BV/sage/app8/bench_1903.smt2,STP,1,0.23954339808551595,0.23877309705130756,,0.000770,0
QF_BV/sage/app7/bench_1303.smt2,Yices2,1,0.785989890107885,0.5383557020686567,,0.247634,0
QF_BV/sage/app11/bench_50.smt2,Yices2,1,0.38446308695711195,0.30741919996216893,,0.077044,0
QF_BV/20221012-MCMPC/mean_buckets/mean_buckets.t1.i16.482452ea.smt2,STP,1,0.347342440916691,0.344328491948545,,0.003014,0
QF_BV/20210219-Sydr/master/yices/predicate_6403.smt2,STP,1,1.200068221136462,1.0620417951140553,,0.138026,0
QF_BV/sage/app7/bench_3985.smt2,STP,1,0.29170765093294904,0.2907328219152987,,0.000975,0
QF_BV/spear/samba_v3.0.24/bin_libsmbsharemodes_vc5331.smt2,Bitwuzla,1,0.9358798550092615,0.9267589040100574,,0.009121,0
QF_BV/20221012-MCMPC/dualexecution_affine/dualexecution_affine.t1.i10.fc2e2e26.smt2,Yices2,1,0.493239062896464,0.33636600989848375,,0.156873,0
QF_BV/20221012-MCMPC/mean_buckets/simplemean_buckets.t1.i14.3f03adbd.smt2,STP,1,0.3340453950804658,0.3312389780767262,,0.002806,0
QF_BV/bruttomesso/core/ext_con_064_004_0256.smt2,STP,1,1.471931335167028,1.468761941185221,,0.003169,0
QF_BV/sage/app1/bench_24.smt2,Bitwuzla,1,0.23823896289104596,0.23420317191630602,,0.004036,0
QF_BV/sage/app7/bench_3337.smt2,STP,1,0.24827475304482505,0.24707723106257617,,0.001198,0
QF_BV/20221012-MCMPC/millionaires/millionaires.t1.i52.ceec2aee.smt2,Yices2,1,0.21628811612026766,0.21425524610094726,,0.002033,0
QF_BV/Sage2/bench_16303.smt2,STP,1,1.019422130950261,0.9972576999571174,,0.022164,0
QF_BV/sage/app1/bench_2057.smt2,Yices2,1,0.2421451109694317,0.23747007502242923,,0.004675,0
QF_BV/bruttomesso/core/ext_con_036_001_0032.smt2,STP,1,0.2978251190506853,0.2963095400482416,,0.001516,0
QF_BV/Sage2/bench_12421.smt2,Bitwuzla,1,5.140941476973239,4.70704453997314,,0.433897,0
QF_BV/20210219-Sydr/master/cjpeg/predicate_170_1.smt2,Bitwuzla,1,0.2567223778460175,0.25254657585173845,,0.004176,0
QF_BV/asp/Sokoban/duthen-990602.57.steps.15.asp.smt2,STP,1,5.272577384021133,5.210217572050169,,0.062360,0
QF_BV/Sage2/bench_9327.smt2,Yices2,1,0.47392712091095746,0.37557003390975296,,0.098357,0
QF_BV/spear/samba_v3.0.24/bin_libmsrpc_vc1228629.smt2,Yices2,1,0.9024384349468164,0.882462773937732,,0.019976,0
QF_BV/Sage2/bench_6248.smt2,STP,1,0.22731218190165237,0.22588568390347064,,0.001426,0
QF_BV/sage/app7/bench_602.smt2,Yices2,1,0.5278040531557053,0.349610238103196,,0.178194,0
QF_BV/Sage2/bench_10531.smt2,STP,1,0.22451441187877208,0.22181347687728703,,0.002701,0
QF_BV/asp/Fastfood/a7.3.0.tweaked.5.asp.smt2,Yices2,1,5.979931839858182,5.789016791852191,,0.190915,0
QF_BV/20221012-MCMPC/millionaires/millionaires.t1.i15.70eb3ea7.smt2,Bitwuzla,1,0.2572499279049225,0.2548532779328525,,0.002397,0
QF_BV/Sage2/bench_6876.smt2,Yices2,1,3.6036203949479386,3.4906849779654294,,0.112935,0
QF_BV/sage/app11/bench_2.smt2,Yices2,1,0.3803416430018842,0.3042223770171404,,0.076119,0
QF_BV/sage/app1/bench_2144.smt2,Yices2,1,0.27003395976498723,0.2654463357757777,,0.004588,0
QF_BV/sage/app7/bench_2058.smt2,Yices2,1,0.815875067957677,0.5753903589211404,,0.240485,0
QF_BV/sage/app7/bench_7781.smt2,Yices2,1,0.7196756221819669,0.5320333081763238,,0.187642,0
QF_BV/20221012-MCMPC/dualexecution_affine/dualexecution_affine.t1.i12.4094bcff.smt2,Yices2,1,0.33351267280522734,0.26784463482908905,,0.065668,0
QF_BV/sage/app7/bench_2101.smt2,Yices2,1,0.3242430879618041,0.2730652999598533,,0.051178,0
QF_BV/spear/samba_v3.0.24/bin_eventlogadm_vc352878.smt2,Yices2,1,1.6534464720753022,1.6085930780973285,,0.044853,0
QF_BV/sage/app12/bench_604.smt2,STP,1,0.42159769299905747,0.41891713300719857,,0.002681,0
QF_BV/sage/app7/bench_1674.smt2,Yices2,1,0.35907385498285294,0.27758536697365344,,0.081488,0
QF_BV/sage/app1/bench_2582.smt2,Bitwuzla,1,0.5276358190458268,0.5235112730879337,,0.004125,0
QF_BV/Sage2/bench_6864.smt2,Bitwuzla,1,0.6868854938657023,0.546963560860604,,0.139922,0
QF_BV/20230221-oisc-gurtner/SRAI-SAFE-12-1024.smt2,STP,1,35.34763783682138,35.211085793795064,,0.136552,0
QF_BV/asp/HamiltonianPath/gryzzles.19.lp.smt2,Yices2,1,1.751332963933237,1.726456091972068,,0.024877,0
QF_BV/sage/app1/bench_864.smt2,STP,1,0.2385983809363097,0.2358463299460709,,0.002752,0
QF_BV/sage/app1/bench_1907.smt2,Yices2,1,0.2513298740959726,0.24629092309623957,,0.005039,0
QF_BV/asp/15Puzzle/15-puzzle.init14.smt2,Yices2,1,9.718070032133255,9.532030705129728,,0.186039,0
QF_BV/sage/app7/bench_419.smt2,Yices2,1,0.5391935330699198,0.3577024140395224,,0.181491,0
QF_BV/Sage2/bench_1642.smt2,STP,1,12.639047434262466,12.63705217721872,,0.001995,0
QF_BV/sage/app7/bench_2019.smt2,Yices2,1,0.3163584672147408,0.25807880819775164,,0.058280,0
QF_BV/spear/samba_v3.0.24/bin_eventlogadm_vc330990.smt2,Bitwuzla,1,0.45972150983288884,0.45592649187892675,,0.003795,0
QF_BV/Sage2/bench_3273.smt2,STP,1,36.10809537413297,36.106360227102414,,0.001735,0
QF_BV/Sage2/bench_10121.smt2,STP,1,17.046990177070256,17.045107112033293,,0.001883,0
QF_BV/Sage2/bench_12067.smt2,STP,1,0.3404322530259378,0.3332163100130856,,0.007216,0
QF_BV/20221012-MCMPC/dualexecution_affine/dualexecution.t1.i32.f5d3b983.smt2,Yices2,1,0.4453612748766318,0.36069659888744354,,0.084665,0
QF_BV/log-slicing/bvslt_13916.smt2,STP,1,57.067665917857084,57.06531573086977,,0.002350,0
QF_BV/Sage2/bench_13419.smt2,Bitwuzla,1,2.3574283822090365,2.3246583552099764,,0.032770,0
QF_BV/Sage2/bench_10719.smt2,Yices2,1,1.4383194980327971,1.0818475850392133,,0.356472,0
QF_BV/20190311-bv-term-small-rw-Noetzli/bv-term-small-rw_1276.smt2,STP,1,0.23425079905427992,0.2338307260069996,,0.000420,0
QF_BV/Sage2/bench_2495.smt2,STP,1,27.60490791196935,27.6025560349226,,0.002352,0
QF_BV/Sage2/bench_2457.smt2,Yices2,1,0.49032229790464044,0.35096238390542567,,0.139360,0
QF_BV/uclid/catchconv/convert-jpg2gif-query-1385.smt2,Yices2,1,0.3115204990026541,0.25660411501303315,,0.054916,0
QF_BV/20221012-MCMPC/wage_circuit_div/wage_circuit_div.t1.i33.e705ff3d.smt2,STP,1,0.24492283817380667,0.2435225851368159,,0.001400,0
QF_BV/float/newton.3.3.i.smt2,Bitwuzla,1,32.37507718882989,32.34082143683918,,0.034256,0
QF_BV/bruttomesso/lfsr/lfsr_002_143_032.smt2,STP,1,1.5602404330275021,1.5588497950229794,,0.001391,0
QF_BV/asp/MazeGeneration/maze-generation-width=19-height=19-density=0.01-run=5.smt2,Yices2,1,5.81338631210383,5.79008584911935,,0.023300,0
QF_BV/Sage2/bench_5029.smt2,Bitwuzla,1,30.637903742084745,30.635189122054726,,0.002715,0
QF_BV/asp/HierarchicalClustering/xy.14.x.14.r.3.886831626.391915.data_k=3_l=5_sat.gph.smt2,STP,1,19.936387785011902,19.779641374014318,,0.156746,0
QF_BV/20230221-oisc-gurtner/SRAI-SAFE-512-512.smt2,Yices2,0,1200.0,1201.318459599046,,0.071552,0
QF_BV/Sage2/bench_192.smt2,STP,1,0.4575430531403981,0.4554047901183367,,0.002138,0
QF_BV/20190311-bv-term-small-rw-Noetzli/bv-term-small-rw_1241.smt2,STP,1,0.2150166921201162,0.21461511310189962,,0.000402,0
QF_BV/20221012-MCMPC/millionaires/millionaires.t1.i21.21574f1a.smt2,Bitwuzla,1,0.2575073009938933,0.2549967709928751,,0.002511,0
QF_BV/Sage2/bench_15497.smt2,STP,1,0.24463376693893224,0.24224972096271813,,0.002384,0
QF_BV/Sage2/bench_10225.smt2,STP,1,5.3540483299293555,5.352892325958237,,0.001156,0
QF_BV/sage/app11/bench_517.smt2,Yices2,1,0.3864874019054696,0.31130793993361294,,0.075179,0
QF_BV/uclid/catchconv/convert-jpg2gif-query-1158.smt2,Yices2,1,0.2864120489102788,0.2488849249202758,,0.037527,0
QF_BV/sage/app7/bench_174.smt2,Yices2,1,0.6730590111692436,0.48556032218039036,,0.187499,0
QF_BV/Sage2/bench_16656.smt2,STP,1,0.26495224103564397,0.2609122940339148,,0.004040,0
QF_BV/20221012-MCMPC/millionaires/millionaires.t1.i57.84c1eb3e.smt2,Yices2,1,0.2151439561857842,0.21315551921725273,,0.001988,0
QF_BV/20210219-Sydr/symbolic_memory/linear/minigzip/predicate_678.smt2,Yices2,1,1.293467024806887,1.1316990808118135,,0.161768,0
QF_BV/20190311-bv-term-small-rw-Noetzli/bv-term-small-rw_1322.smt2,STP,1,0.21279211505316198,0.21237170207314193,,0.000420,0
QF_BV/sage/app7/bench_2207.smt2,Yices2,1,0.3022828961838968,0.25390531914308667,,0.048378,0
QF_BV/20221012-MCMPC/millionaires/millionaires.t4.i10.e62565c7.smt2,Bitwuzla,1,0.28852078993804753,0.28462804993614554,,0.003893,0
QF_BV/spear/samba_v3.0.24/bin_eventlogadm_vc331179.smt2,Yices2,1,1.4091587009024806,1.3843289169017226,,0.024830,0
QF_BV/Sage2/bench_4234.smt2,Yices2,1,0.632731807010714,0.4623822499997914,,0.170350,0
QF_BV/Sage2/bench_5987.smt2,STP,1,1.9648240968817845,1.9316882519051433,,0.033136,0
QF_BV/sage/app12/bench_2285.smt2,STP,1,0.38919803604949266,0.3874753420241177,,0.001723,0
QF_BV/20221012-MCMPC/millionaires/millionaires.t4.i23.5c256b17.smt2,Yices2,1,0.230975299840793,0.2267800618428737,,0.004195,0
QF_BV/bruttomesso/lfsr/lfsr_002_079_080.smt2,STP,1,1.7788461991003715,1.776677600108087,,0.002169,0
QF_BV/20190311-bv-term-small-rw-Noetzli/bv-term-small-rw_1533.smt2,STP,1,0.22401238104794174,0.2236088290810585,,0.000404,0
QF_BV/float/qurt.c.5.smt2,Bitwuzla,1,0.7572327149682678,0.6918965550139546,,0.065336,0
QF_BV/spear/samba_v3.0.24/bin_libsmbsharemodes_vc4777.smt2,Bitwuzla,1,0.43904251500498503,0.43192587699741125,,0.007117,0
QF_BV/Sage2/bench_11606.smt2,STP,1,0.2651034609298222,0.262252006912604,,0.002851,0
QF_BV/sage/app7/bench_552.smt2,Yices2,1,0.5265855989418924,0.3461842539254576,,0.180401,0
QF_BV/Sage2/bench_17421.smt2,STP,1,0.2510305470204912,0.246071811998263,,0.004959,0
QF_BV/Sage2/bench_7694.smt2,STP,1,0.27770120691275224,0.2733779589179903,,0.004323,0
QF_BV/20210219-Sydr/master/cjpeg/predicate_267.smt2,Bitwuzla,1,0.3252254818798974,0.31917584291659296,,0.006050,0
QF_BV/sage/app7/bench_8136.smt2,Yices2,1,0.6784655950614251,0.4942371940705925,,0.184228,0
QF_BV/sage/app7/bench_6313.smt2,Yices2,1,0.6072682429803535,0.41253166599199176,,0.194737,0
QF_BV/Sage2/bench_6438.smt2,STP,1,0.5412756849545985,0.5332977289799601,,0.007978,0
QF_BV/20221012-MCMPC/millionaires/millionaires.t1.i24.eb6c6fc4.smt2,Bitwuzla,1,0.2517888559959829,0.24966958700679243,,0.002119,0
QF_BV/brummayerbiere2/umulov1bw032.smt2,Bitwuzla,1,0.34350524289766327,0.3427891358733177,,0.000716,0
QF_BV/20221012-MCMPC/dualexecution_affine/dualexecution_affine.t1.i6.73ed0127.smt2,Yices2,1,0.5349618510226719,0.3542408640496433,,0.180721,0
QF_BV/Sage2/bench_5370.smt2,STP,1,13.608924713975284,13.6072405599989,,0.001684,0
QF_BV/Sage2/bench_13610.smt2,STP,1,0.4040407491265796,0.39715343713760376,,0.006887,0
QF_BV/20221012-MCMPC/millionaires/millionaires.t1.i63.cc5ce62c.smt2,Yices2,1,0.21793169004376978,0.21601054607890546,,0.001921,0
QF_BV/sage/app7/bench_8652.smt2,Yices2,1,0.6543259129393846,0.4641764119733125,,0.190150,0
QF_BV/uclid/catchconv/convert-jpg2gif-query-1587.smt2,Yices2,1,0.39643524505663663,0.3179850820451975,,0.078450,0
QF_BV/20210312-Bouvier/vlsat3_g99.smt2,Bitwuzla,1,18.542244455893524,18.409573565935716,,0.132671,0
QF_BV/Sage2/bench_10359.smt2,Bitwuzla,1,8.704854071023874,8.669716787990183,,0.035137,0
QF_BV/sage/app7/bench_1454.smt2,Yices2,1,0.3713443659362383,0.28327157092280686,,0.088073,0
QF_BV/20230221-oisc-gurtner/SRAI-SAFE-128-128.smt2,Yices2,1,208.07754381402628,208.056416654028,,0.021127,0
QF_BV/asp/WeightBoundedDominatingSet/rand_200_800_1159728969_14.lp.smt2,Yices2,1,22.189659477036912,22.169385517016053,,0.020274,0
QF_BV/Sage2/bench_3260.smt2,STP,1,1.7366497160401195,1.731732496060431,,0.004917,0
QF_BV/Sage2/bench_15525.smt2,Yices2,1,4.456504422996659,4.382343956967816,,0.074160,0
QF_BV/Sage2/bench_3286.smt2,STP,1,31.420570584014058,31.418638763017952,,0.001932,0
QF_BV/Sage2/bench_14580.smt2,Yices2,1,0.6500567010371014,0.4500763330142945,,0.199980,0
QF_BV/Sage2/bench_10715.smt2,STP,1,10.47226733417483,10.329517389182001,,0.142750,0
QF_BV/sage/app7/bench_926.smt2,Yices2,1,0.48454021412180737,0.3367104821372777,,0.147830,0
QF_BV/Sage2/bench_9118.smt2,STP,1,0.22862685594009236,0.22670929692685604,,0.001918,0
QF_BV/log-slicing/bvslt_10944.smt2,STP,1,52.78827776503749,52.786058912053704,,0.002219,0
QF_BV/Sage2/bench_10832.smt2,STP,1,0.8194153349613771,0.8126882379874587,,0.006727,0
QF_BV/sage/app7/bench_769.smt2,Yices2,1,0.7832706209737808,0.5390342029277235,,0.244236,0
QF_BV/Sage2/bench_13188.smt2,STP,1,0.41305626201210544,0.40577611699700356,,0.007280,0
QF_BV/asp/Hanoi/mgs_towers-hanoi.93_7.smt2,Yices2,1,11.197658263205085,10.968313590157777,,0.229345,0
QF_BV/Sage2/bench_867.smt2,STP,1,0.5006863469607197,0.49596656393259764,,0.004720,0
QF_BV/spear/samba_v3.0.24/bin_libmsrpc_vc1225285.smt2,Yices2,1,0.4051606020075269,0.3891938279848546,,0.015967,0
QF_BV/Sage2/bench_10732.smt2,Yices2,1,0.48235908307833597,0.33121580607257783,,0.151143,0
QF_BV/sage/app7/bench_3925.smt2,Yices2,1,0.6968454340822063,0.48662262107245624,,0.210223,0
QF_BV/Sage2/bench_10881.smt2,Yices2,1,0.4878829290973954,0.3366972580552101,,0.151186,0
QF_BV/bruttomesso/lfsr/lfsr_004_159_032.smt2,STP,1,2.4360946480883285,2.434179648058489,,0.001915,0
QF_BV/20210219-Sydr/master/readelf/predicate_483.smt2,STP,1,0.292829136014916,0.2914383769966662,,0.001391,0
QF_BV/spear/inn_v2.4.3/innd_innd_vc33557.smt2,Bitwuzla,1,0.6503520478145219,0.6483286197762936,,0.002023,0
QF_BV/sage/app1/bench_2180.smt2,Yices2,1,0.21298394282348454,0.211456841789186,,0.001527,0
QF_BV/Sage2/bench_12371.smt2,STP,1,0.2360910790739581,0.2340725720860064,,0.002019,0
QF_BV/Sage2/bench_1068.smt2,Yices2,1,0.24354458902962506,0.23483525402843952,,0.008709,0
QF_BV/20221012-MCMPC/wage_circuit_div/wage_circuit_div.t1.i27.1e17ca9b.smt2,STP,1,0.2445752978674136,0.24293298786506057,,0.001642,0
QF_BV/Sage2/bench_11109.smt2,STP,1,35.2780361128971,35.27304074191488,,0.004995,0
QF_BV/sage/app12/bench_25.smt2,Yices2,1,0.2599063540692441,0.2566823260858655,,0.003224,0
QF_BV/Sage2/bench_16852.smt2,Yices2,1,4.815746787004173,4.64856967702508,,0.167177,0
QF_BV/Sage2/bench_14669.smt2,STP,1,0.2896209849277511,0.2839948209002614,,0.005626,0
QF_BV/Sage2/bench_16674.smt2,STP,1,0.478099834988825,0.4692340299952775,,0.008866,0
QF_BV/spear/samba_v3.0.24/bin_eventlogadm_vc331238.smt2,Yices2,1,0.8022144070710056,0.7742990220431238,,0.027915,0
QF_BV/sage/app7/bench_113.smt2,Yices2,1,0.6828091348288581,0.4972214268054813,,0.185588,0
QF_BV/sage/app7/bench_790.smt2,Yices2,1,0.48515999276423827,0.3306808287743479,,0.154479,0
QF_BV/sage/app1/bench_2493.smt2,STP,1,0.21663779410300776,0.21544372010976076,,0.001194,0
QF_BV/20221012-MCMPC/millionaires/millionaires.t1.i12.4aeb00be.smt2,Bitwuzla,1,0.29053521098103374,0.2883023819886148,,0.002233,0
QF_BV/Sage2/bench_9817.smt2,Yices2,1,0.3243209801148623,0.27014173311181366,,0.054179,0
QF_BV/sage/app7/bench_649.smt2,Yices2,1,0.5412096180371009,0.3640062930062413,,0.177203,0
QF_BV/bruttomesso/lfsr/lfsr_002_063_048.smt2,STP,1,0.9749993141158484,0.9735071391332895,,0.001492,0
QF_BV/Sage2/bench_4411.smt2,Yices2,1,0.5611158420797437,0.45950064109638333,,0.101615,0
QF_BV/Sage2/bench_12537.smt2,STP,1,0.23062450502766296,0.2285528089851141,,0.002072,0
QF_BV/Sage2/bench_12867.smt2,Yices2,1,0.34686168312327936,0.2919152961112559,,0.054946,0
QF_BV/20221214-p4dfa-XiaoqiChen/StringMatching/string1x16.5._bit8_na6_nr3_paired.smt2,Yices2,0,1200.0,1201.253150869161,,0.036732,0
QF_BV/20221012-MCMPC/millionaires/millionaires.t1.i13.43352255.smt2,Bitwuzla,1,0.2576058129197918,0.2551962588913739,,0.002410,0
QF_BV/Sage2/bench_13240.smt2,Yices2,1,5.498641334124841,5.168652292108163,,0.329989,0
QF_BV/20210219-Sydr/master/pk2bm/predicate_438.smt2,Yices2,1,0.2897174319368787,0.2779706509318203,,0.011747,0
QF_BV/sage/app7/bench_3858.smt2,Yices2,1,0.7082762840436772,0.5003146000672132,,0.207962,0
QF_BV/sage/app8/bench_508.smt2,STP,1,0.44588113500503823,0.4429455630015582,,0.002936,0
QF_BV/20221012-MCMPC/wage/wage.t1.i23.82bcbab5.smt2,Bitwuzla,1,0.25272970605874434,0.2509375100489706,,0.001792,0
QF_BV/sage/app7/bench_8424.smt2,Yices2,1,0.592072665982414,0.4031580879818648,,0.188915,0
QF_BV/sage/app7/bench_1707.smt2,Yices2,1,0.3484037629677914,0.27136458293534815,,0.077039,0
QF_BV/bruttomesso/core/ext_con_036_004_0512.smt2,STP,1,1.6333494521095417,1.6313412911258638,,0.002008,0
QF_BV/20190311-bv-term-small-rw-Noetzli/bv-term-small-rw_1411.smt2,STP,1,0.22318828391144052,0.22272685496136546,,0.000461,0
QF_BV/Sage2/bench_12044.smt2,STP,1,0.22872666193870828,0.2268787499051541,,0.001848,0
QF_BV/Sage2/bench_1824.smt2,STP,1,32.767267618037295,32.76580219902098,,0.001465,0
QF_BV/Sage2/bench_4343.smt2,Yices2,1,0.4548067459836602,0.36573029798455536,,0.089076,0
QF_BV/Sage2/bench_614.smt2,STP,1,10.658192821836565,10.656499619828537,,0.001693,0
QF_BV/spear/samba_v3.0.24/bin_eventlogadm_vc331110.smt2,Yices2,1,0.40613070293329656,0.39629262196831405,,0.009838,0
QF_BV/Sage2/bench_156.smt2,STP,1,64.61293225403642,64.61135237501003,,0.001580,0
QF_BV/sage/app1/bench_33.smt2,Bitwuzla,1,0.35672628990141675,0.35273861791938543,,0.003988,0
QF_BV/20221012-MCMPC/millionaires/millionaires.t1.i6.f173397f.smt2,Bitwuzla,1,0.26275694591458887,0.2603569489438087,,0.002400,0
QF_BV/sage/app7/bench_6991.smt2,Yices2,1,0.5759883731952868,0.3813381742220372,,0.194650,0
QF_BV/20210312-Bouvier/vlsat3_a93.smt2,Bitwuzla,1,203.25281601806637,203.03499738802202,,0.217819,0
QF_BV/sage/app1/bench_2464.smt2,Bitwuzla,1,0.3881429809262045,0.3838229929096997,,0.004320,0
QF_BV/Sage2/bench_3811.smt2,Yices2,1,0.47181537077995017,0.37293853680603206,,0.098877,0
QF_BV/Sage2/bench_11592.smt2,Yices2,1,0.4879628401831724,0.3350998351816088,,0.152863,0
QF_BV/bruttomesso/core/ext_con_024_032_0512.smt2,STP,1,1.3026683749631047,1.2939829169772565,,0.008685,0
QF_BV/sage/app9/bench_3023.smt2,Bitwuzla,1,0.39109531888971105,0.3876573739107698,,0.003438,0
QF_BV/bruttomesso/simple_processor/simple_processors_008_005_0004.smt2,STP,1,0.7537908229860477,0.7524136400315911,,0.001377,0
QF_BV/20221012-MCMPC/millionaires/millionaires.t1.i31.2de8c39d.smt2,Yices2,1,0.21619721211027354,0.21397576411254704,,0.002221,0
QF_BV/sage/app7/bench_8566.smt2,Yices2,1,0.6681900749099441,0.42467119288630784,,0.243519,0
QF_BV/uclid/catchconv/convert-jpg2gif-query-1505.smt2,Yices2,1,0.46093134896364063,0.3895467729307711,,0.071385,0
QF_BV/Sage2/bench_6003.smt2,STP,1,0.505603217985481,0.5019876309670508,,0.003616,0
QF_BV/Sage2/bench_13552.smt2,Yices2,1,0.4923675509635359,0.3809112829621881,,0.111456,0
QF_BV/Sage2/bench_2391.smt2,STP,1,3.8845520869945176,3.883212710963562,,0.001339,0
QF_BV/bruttomesso/core/ext_con_016_002_0512.smt2,STP,1,0.8615316369687207,0.8602258069440722,,0.001306,0
QF_BV/Sage2/bench_6476.smt2,Bitwuzla,1,0.7397500071092509,0.7348372500855476,,0.004913,0
QF_BV/sage/app7/bench_1532.smt2,Yices2,1,0.44351904309587553,0.3535051550716162,,0.090014,0
QF_BV/spear/samba_v3.0.24/bin_libmsrpc_vc1228568.smt2,Yices2,1,1.3441767729236744,1.3240104878786951,,0.020166,0
QF_BV/sage/app7/bench_319.smt2,Yices2,1,0.64782051515067,0.45992419915273786,,0.187896,0
QF_BV/20221012-MCMPC/millionaires/millionaires.t2.i51.b11c1137.smt2,Yices2,1,0.22325513913528994,0.22059650509618223,,0.002659,0
QF_BV/Sage2/bench_5223.smt2,STP,1,21.392559990868904,21.391429459908977,,0.001131,0
QF_BV/Sage2/bench_12404.smt2,Yices2,1,1.6454141251160763,1.293343671131879,,0.352070,0
QF_BV/sage/app7/bench_230.smt2,Yices2,1,0.6490749280783348,0.46308314707130194,,0.185992,0
QF_BV/20220315-ecrw/rw_rule_candidate_vmcai_2022_bw512_22.smt2,Bitwuzla,0,1200.0,1201.5215472809505,,0.000423,0
QF_BV/Sage2/bench_16803.smt2,Bitwuzla,1,3.7822669590241276,3.748767487006262,,0.033499,0
QF_BV/sage/app12/bench_918.smt2,STP,1,0.4002010272233747,0.39783878717571497,,0.002362,0
QF_BV/sage/app7/bench_1404.smt2,Yices2,1,0.3834069610456936,0.286761234048754,,0.096646,0
QF_BV/Sage2/bench_2696.smt2,STP,1,9.380971085804049,9.379292281810194,,0.001679,0
QF_BV/Sage2/bench_14768.smt2,STP,1,0.9632496140548028,0.9428280440624803,,0.020422,0
QF_BV/20221012-MCMPC/dualexecution/dualexecution.t1.i12.3074a3ca.smt2,Yices2,1,0.2505123130395077,0.23089867201633751,,0.019614,0
QF_BV/uum/uum12.smt2,STP,0,1200.0,1201.2211916928645,,0.003484,0
QF_BV/asp/GraphColouring/graph-colouring-nodes=130-density=0.1-instance=4.smt2,Yices2,0,1200.0,1201.217528177891,,0.029488,0
QF_BV/spear/samba_v3.0.24/bin_eventlogadm_vc352402.smt2,Yices2,1,2.016983079141937,1.9634114331565797,,0.053572,0
QF_BV/spear/samba_v3.0.24/bin_libsmbsharemodes_vc5771.smt2,Bitwuzla,1,0.4204155461047776,0.4065389020834118,,0.013877,0
QF_BV/Sage2/bench_12046.smt2,STP,1,0.43414071178995073,0.42748114583082497,,0.006660,0
QF_BV/Sage2/bench_14001.smt2,Yices2,1,0.8893103399896063,0.7965811910107732,,0.092729,0
QF_BV/sage/app1/bench_146.smt2,Bitwuzla,1,0.23184992501046509,0.22807795298285782,,0.003772,0
QF_BV/Sage2/bench_8.smt2,Yices2,1,1.45717465080088,1.0923653098288924,,0.364809,0
QF_BV/20221012-MCMPC/millionaires/millionaires.t1.i38.3189763f.smt2,Yices2,1,0.22658475785283372,0.2245382028631866,,0.002047,0
QF_BV/Sage2/bench_3181.smt2,STP,1,74.51415873802034,74.51262296899222,,0.001536,0
QF_BV/bruttomesso/lfsr/lfsr_004_047_064.smt2,STP,1,2.880597152863629,2.877502166898921,,0.003095,0
QF_BV/Sage2/bench_1601.smt2,STP,1,3.559133643982932,3.5577099740039557,,0.001424,0
QF_BV/log-slicing/bvshl_0824.smt2,STP,1,9.70228365395451,9.69982949597761,,0.002454,0
QF_BV/sage/app12/bench_122.smt2,Yices2,1,0.2688184432336129,0.26575223822146654,,0.003066,0
QF_BV/bruttomesso/lfsr/lfsr_002_127_032.smt2,STP,1,1.5175026769866236,1.5163500809576362,,0.001153,0
QF_BV/bruttomesso/core/ext_con_016_002_1024.smt2,STP,1,1.4646908799768426,1.4639135689940304,,0.000777,0
QF_BV/Sage2/bench_2429.smt2,STP,1,0.2244183319271542,0.22267093090340495,,0.001747,0
QF_BV/bruttomesso/core/ext_con_064_001_0032.smt2,STP,1,0.3540904430556111,0.352775335079059,,0.001315,0
QF_BV/sage/app1/bench_714.smt2,Yices2,1,0.22012638120213524,0.21471253619529307,,0.005414,0
QF_BV/Sage2/bench_7022.smt2,STP,1,0.5388993421220221,0.5334768721368164,,0.005422,0
QF_BV/Sage2/bench_10630.smt2,Yices2,1,0.9131523019750603,0.8796610829886049,,0.033491,0
QF_BV/Sage2/bench_7166.smt2,STP,1,0.22769518301356584,0.22608040599152446,,0.001615,0
QF_BV/spear/samba_v3.0.24/bin_eventlogadm_vc331075.smt2,Bitwuzla,1,0.7339491120073944,0.7263151439838111,,0.007634,0
QF_BV/20221012-MCMPC/millionaires/millionaires.t1.i4.ff8e2a83.smt2,Bitwuzla,1,0.2540004758629948,0.2516745259054005,,0.002326,0
QF_BV/sage/app12/bench_3540.smt2,STP,1,0.3851497569703497,0.3836663169786334,,0.001483,0
QF_BV/Sage2/bench_7881.smt2,STP,1,0.2640047789318487,0.2599275759421289,,0.004077,0
QF_BV/20221012-MCMPC/sugarbeets/sugarbeets.t1.i28.ce56c119.smt2,Yices2,1,0.32588849193416536,0.31854613893665373,,0.007342,0
QF_BV/20190311-bv-term-small-rw-Noetzli/bv-term-small-rw_314.smt2,STP,1,0.2182641351246275,0.21779536316171288,,0.000469,0
QF_BV/20210219-Sydr/master/yices/predicate_11872.smt2,STP,1,2.5608592770877294,2.290866221068427,,0.269993,0
QF_BV/sage/app7/bench_1089.smt2,STP,1,0.300140707870014,0.2993891448713839,,0.000752,0
QF_BV/Sage2/bench_13156.smt2,Yices2,1,1.0446037789224647,0.9907911869231611,,0.053813,0
QF_BV/sage/app7/bench_851.smt2,Yices2,1,0.4830435221665539,0.32756409514695406,,0.155479,0
QF_BV/sage/app7/bench_1582.smt2,Yices2,1,0.3738630427978933,0.28226283681578934,,0.091600,0
QF_BV/Sage2/bench_1699.smt2,STP,1,18.07483408995904,18.072972147958353,,0.001862,0
QF_BV/Sage2/bench_10133.smt2,Bitwuzla,1,3.116694875061512,3.1087404030840844,,0.007954,0
QF_BV/20221012-MCMPC/millionaires/millionaires.t1.i44.051c7a15.smt2,Yices2,1,0.21427028300240636,0.21232598600909114,,0.001944,0
QF_BV/sage/app7/bench_2143.smt2,Yices2,1,0.30519823206122965,0.2538048620335758,,0.051393,0
QF_BV/Sage2/bench_5270.smt2,STP,1,0.5949399477685802,0.5715448528062552,,0.023395,0
QF_BV/spear/samba_v3.0.24/bin_libsmbsharemodes_vc4845.smt2,Yices2,1,2.2312877939548343,2.185423878952861,,0.045864,0
QF_BV/Sage2/bench_14450.smt2,Yices2,1,0.23405444307718426,0.22509612306021154,,0.008958,0
QF_BV/spear/samba_v3.0.24/bin_libsmbsharemodes_vc7067.smt2,Bitwuzla,1,0.6121473940438591,0.6038515060208738,,0.008296,0
QF_BV/Sage2/bench_5836.smt2,STP,1,0.2359828559565358,0.2335057039745152,,0.002477,0
QF_BV/sage/app1/bench_2555.smt2,Yices2,1,0.25429971097037196,0.2489032680168748,,0.005396,0
QF_BV/asp/GraphColouring/graph-colouring-nodes=130-density=0.1-instance=10.smt2,Yices2,1,12.686694004165474,12.65787657815963,,0.028817,0
QF_BV/calypto/problem_17.smt2,STP,0,1200.0,1201.2264039609581,,0.001198,0
QF_BV/Sage2/bench_8934.smt2,Yices2,1,1.0983464790624566,1.0439120470546186,,0.054434,0
QF_BV/Sage2/bench_15094.smt2,STP,1,0.5819745018961839,0.5562348628882319,,0.025740,0
QF_BV/Sage2/bench_4925.smt2,Yices2,1,0.4584244078141637,0.3729307488538325,,0.085494,0
QF_BV/float/newton.5.2.i.smt2,Yices2,1,102.49456659698626,102.47157865995541,,0.022988,0
QF_BV/spear/samba_v3.0.24/bin_libsmbsharemodes_vc4841.smt2,Yices2,1,0.8632470479933545,0.826118438038975,,0.037129,0
QF_BV/20221012-MCMPC/millionaires/millionaires.t1.i35.2dd45d6e.smt2,Yices2,1,0.2178255679900758,0.21556148095987737,,0.002264,0
QF_BV/Sage2/bench_6970.smt2,Yices2,1,0.46555557393003255,0.3707513709086925,,0.094804,0
QF_BV/Sage2/bench_16021.smt2,STP,1,0.2707393399323337,0.2663125789258629,,0.004427,0
QF_BV/Sage2/bench_11562.smt2,STP,1,0.22800220013596117,0.22589204413816333,,0.002110,0
QF_BV/20221012-MCMPC/millionaires/millionaires.t4.i28.91d43088.smt2,Yices2,1,0.2586283090640791,0.25444828905165195,,0.004180,0
QF_BV/sage/app7/bench_8480.smt2,Yices2,1,0.6537299840128981,0.46885549603030086,,0.184874,0
QF_BV/Sage2/bench_15981.smt2,STP,1,0.2732511761132628,0.26703520910814404,,0.006216,0
QF_BV/sage/app12/bench_1147.smt2,STP,1,0.39638992206892,0.39424502407200634,,0.002145,0
QF_BV/spear/samba_v3.0.24/bin_eventlogadm_vc351380.smt2,Yices2,1,2.157459214970004,2.103278046939522,,0.054181,0
QF_BV/Sage2/bench_14122.smt2,Yices2,1,0.7376159239793196,0.7068858339916915,,0.030730,0
QF_BV/spear/samba_v3.0.24/bin_libsmbsharemodes_vc6257.smt2,Yices2,1,1.0737735920702107,1.0558058500755578,,0.017968,0
QF_BV/sage/app7/bench_882.smt2,Yices2,1,0.48255146393785253,0.32922837790101767,,0.153323,0
QF_BV/sage/app7/bench_8291.smt2,Yices2,1,0.6549188428907655,0.4691994509194046,,0.185719,0
QF_BV/sage/app7/bench_893.smt2,Yices2,1,0.5973458919906989,0.4409055639989674,,0.156440,0
QF_BV/sage/app7/bench_6703.smt2,Yices2,1,0.6045979497721419,0.41253919480368495,,0.192059,0
QF_BV/sage/app1/bench_236.smt2,STP,1,0.2227799569373019,0.22201961698010564,,0.000760,0
QF_BV/sage/app1/bench_1253.smt2,STP,1,0.27243616594932973,0.2707317469175905,,0.001704,0
QF_BV/spear/samba_v3.0.24/bin_eventlogadm_vc331219.smt2,Yices2,1,1.1808222418185323,1.154696850804612,,0.026125,0
QF_BV/sage/app7/bench_5958.smt2,Yices2,1,0.5737140940618701,0.37865850306116045,,0.195056,0
QF_BV/sage/app7/bench_2492.smt2,Yices2,1,0.7953195049776696,0.551625438965857,,0.243694,0
QF_BV/sage/app7/bench_1682.smt2,Yices2,1,0.36525544204050675,0.2856299190316349,,0.079626,0
QF_BV/sage/app7/bench_4803.smt2,Yices2,1,0.6861246958142146,0.48371095582842827,,0.202414,0
QF_BV/20221012-MCMPC/wage_circuit_div/wage_circuit_div.t1.i25.9f082b17.smt2,STP,1,0.2331507871276699,0.23155872011557221,,0.001592,0
QF_BV/20221012-MCMPC/millionaires/millionaires.t1.i14.fa690e1c.smt2,Bitwuzla,1,0.2952862981474027,0.2929813261143863,,0.002305,0
QF_BV/spear/samba_v3.0.24/bin_eventlogadm_vc331178.smt2,Yices2,1,1.8127172830863856,1.7868119410704821,,0.025905,0
QF_BV/Sage2/bench_9926.smt2,STP,1,0.5265654839458875,0.5228860939387232,,0.003679,0
QF_BV/asp/MazeGeneration/maze-generation-width=21-height=21-density=0.01-run=4.smt2,Yices2,1,7.441964476194698,7.413084901170805,,0.028880,0
QF_BV/sage/app12/bench_408.smt2,STP,1,0.4089668480446562,0.40607990603893995,,0.002887,0
QF_BV/Sage2/bench_866.smt2,Bitwuzla,1,0.6886051378096454,0.6872025628108531,,0.001403,0
QF_BV/20220315-ecrw/rw_rule_candidate_vmcai_2022_bw512_9.smt2,Bitwuzla,1,1.0599178671254776,1.059496401110664,,0.000421,0
QF_BV/Sage2/bench_10568.smt2,Yices2,1,0.328524321783334,0.29938888479955494,,0.029135,0
QF_BV/Sage2/bench_15253.smt2,STP,1,0.47973543003899977,0.47085899906232953,,0.008876,0
QF_BV/Sage2/bench_11468.smt2,STP,1,8.928160223178566,8.922942821169272,,0.005217,0
QF_BV/20221012-MCMPC/millionaires/millionaires.t1.i64.9d72b7cd.smt2,Yices2,1,0.21458009589696303,0.21263235295191407,,0.001948,0
QF_BV/sage/app7/bench_1765.smt2,Yices2,1,0.3627435698872432,0.2911326258908957,,0.071611,0
QF_BV/uclid/catchconv/convert-jpg2gif-query-1649.smt2,Yices2,1,0.37463287089485675,0.28817294887267053,,0.086460,0
QF_BV/20221012-MCMPC/millionaires/millionaires.t1.i10.11a65800.smt2,Bitwuzla,1,0.30249331321101636,0.30003106221556664,,0.002462,0
QF_BV/sage/app11/bench_369.smt2,Yices2,1,0.38828395609743893,0.30983410007320344,,0.078450,0
QF_BV/Sage2/bench_5329.smt2,Bitwuzla,1,0.7400620940607041,0.7321525970473886,,0.007909,0
QF_BV/20190311-bv-term-small-rw-Noetzli/bv-term-small-rw_140.smt2,STP,1,0.21523322293069214,0.214696564944461,,0.000537,0
QF_BV/Sage2/bench_2856.smt2,STP,1,10.027442746039014,10.025796632049605,,0.001646,0
QF_BV/uclid/catchconv/convert-jpg2gif-query-1639.smt2,Yices2,1,0.4014433439588174,0.31520599499344826,,0.086237,0
QF_BV/20220315-ecrw/rw_rule_candidate_vmcai_2022_bw512_16.smt2,Bitwuzla,1,1.033497619035188,1.0329497610218823,,0.000548,0
QF_BV/spear/samba_v3.0.24/bin_libsmbsharemodes_vc6318.smt2,Yices2,1,0.8016244058962911,0.7875982339028269,,0.014026,0
QF_BV/sage/app7/bench_1230.smt2,STP,1,0.25139433809090406,0.2503637271001935,,0.001031,0
QF_BV/spear/samba_v3.0.24/bin_libsmbclient_vc1225818.smt2,Yices2,1,1.0121095429058187,0.9910566709004343,,0.021053,0
QF_BV/20210312-Bouvier/vlsat3_a64.smt2,Bitwuzla,1,173.9383208709187,173.81409561797045,,0.124225,0
QF_BV/float/add_01_10_3.smt2,Yices2,1,5.011321225960273,5.004465478938073,,0.006856,0
QF_BV/brummayerbiere/nlzbsdown064.smt2,Bitwuzla,1,0.402799207076896,0.4011093550361693,,0.001690,0
QF_BV/20221012-MCMPC/millionaires/millionaires.t1.i16.b12bc332.smt2,Bitwuzla,1,0.29951886500930414,0.29721534601412714,,0.002304,0
QF_BV/Sage2/bench_7837.smt2,STP,1,0.2321329100523144,0.23007939103990793,,0.002054,0
QF_BV/Sage2/bench_4888.smt2,STP,1,0.7126601191121154,0.7064393861219287,,0.006221,0
QF_BV/sage/app1/bench_2261.smt2,Bitwuzla,1,0.4121445851633325,0.40758009417913854,,0.004564,0
QF_BV/Sage2/bench_12604.smt2,Yices2,1,0.49472616804996505,0.3806493680458516,,0.114077,0
QF_BV/20221012-MCMPC/millionaires/millionaires.t1.i49.80ee84bc.smt2,Yices2,1,0.2163780641858466,0.21425148216076195,,0.002127,0
QF_BV/Sage2/bench_6981.smt2,STP,1,16.21981067705201,16.21492301602848,,0.004888,0
QF_BV/Sage2/bench_3958.smt2,Yices2,1,2.3126138810184784,2.2245598339941353,,0.088054,0
QF_BV/Sage2/bench_11049.smt2,Bitwuzla,1,0.6812024260871112,0.6638313380535692,,0.017371,0
QF_BV/bruttomesso/core/ext_con_048_016_1024.smt2,STP,1,6.922874614945613,6.9142922279424965,,0.008582,0
QF_BV/Sage2/bench_14237.smt2,Yices2,1,4.168692321982235,3.8876985469833016,,0.280994,0
QF_BV/Sage2/bench_11010.smt2,Yices2,1,104.72669256618246,104.51379086519592,,0.212902,0
QF_BV/sage/app7/bench_511.smt2,Yices2,1,0.5435524309868924,0.364478301955387,,0.179074,0
QF_BV/asp/Sokoban/dimitri_yorick.55.steps.9.asp.smt2,STP,1,4.4839300158200786,4.432311026845127,,0.051619,0
QF_BV/asp/GraphColouring/graph-colouring-nodes=140-density=0.1-instance=9.smt2,Yices2,1,545.9943450360443,545.9612102380488,,0.033135,0
QF_BV/20190311-bv-term-small-rw-Noetzli/bv-term-small-rw_1481.smt2,STP,1,0.266612294013612,0.26610578200779855,,0.000507,0
QF_BV/sage/app1/bench_564.smt2,STP,1,0.45074281381675974,0.4476318578235805,,0.003111,0
QF_BV/Sage2/bench_7751.smt2,Yices2,1,0.5177022438729182,0.4043646778445691,,0.113338,0
QF_BV/bruttomesso/core/ext_con_024_008_0064.smt2,STP,1,0.3862435151822865,0.38360384316183627,,0.002640,0
QF_BV/20221012-MCMPC/dualexecution_affine/dualexecution_affine.t1.i8.77bd7948.smt2,Yices2,1,0.3519260189495981,0.2769909689668566,,0.074935,0
QF_BV/20221012-MCMPC/millionaires/millionaires.t1.i26.3de07a97.smt2,Yices2,1,0.24295671709114686,0.24084933008998632,,0.002107,0
QF_BV/Sage2/bench_15786.smt2,STP,1,0.22621253010584041,0.22448389511555433,,0.001729,0
QF_BV/Sage2/bench_10537.smt2,STP,1,0.9010566369979642,0.8899535830132663,,0.011103,0
QF_BV/Sage2/bench_8072.smt2,STP,1,0.22839311900315806,0.2269737320020795,,0.001419,0
QF_BV/20221012-MCMPC/millionaires/millionaires.t1.i40.1b596625.smt2,Yices2,1,0.23429184610722587,0.2322921270970255,,0.002000,0
QF_BV/20221012-MCMPC/millionaires/millionaires.t1.i11.3a4cfa80.smt2,Bitwuzla,1,0.257795152021572,0.2554376639891416,,0.002357,0
QF_BV/20221012-MCMPC/dualexecution_affine/dualexecution.t1.i14.9fe6d38d.smt2,Yices2,1,1.4501098780310713,0.7960651570465416,,0.654045,0
QF_BV/sage/app7/bench_397.smt2,Yices2,1,0.6007596949348226,0.4196368199773133,,0.181123,0
QF_BV/sage/app7/bench_3058.smt2,Yices2,1,0.8497940401430242,0.6095181731507182,,0.240276,0
QF_BV/uclid/catchconv/convert-jpg2gif-query-2122.smt2,STP,1,0.27246333786752075,0.25811451487243176,,0.014349,0
QF_BV/asp/EdgeMatching/edge-matching-width=8-height=8-colours=11.smt2,Bitwuzla,1,150.38189168600366,150.03217129199766,,0.349720,0
QF_BV/sage/app7/bench_573.smt2,Yices2,1,0.597652189026121,0.4189437360037118,,0.178708,0
QF_BV/sage/app12/bench_1149.smt2,STP,1,0.39580536499852315,0.3926877749618143,,0.003118,0
QF_BV/sage/app1/bench_2444.smt2,Yices2,1,0.25047810905380175,0.24509222502820194,,0.005386,0
QF_BV/uclid/catchconv/convert-jpg2gif-query-1417.smt2,Yices2,1,0.33301808388205245,0.27466136892326176,,0.058357,0
QF_BV/spear/samba_v3.0.24/bin_libsmbsharemodes_vc4823.smt2,Yices2,1,1.495590262929909,1.4422153169289231,,0.053375,0
QF_BV/20221012-MCMPC/millionaires/millionaires.t1.i58.ce87804b.smt2,Yices2,1,0.22150687605608255,0.219520352082327,,0.001987,0
QF_BV/Sage2/bench_14115.smt2,STP,1,0.5485833671409637,0.5452637551352382,,0.003320,0
QF_BV/Sage2/bench_1000.smt2,Yices2,1,0.2399125928641297,0.23185638384893537,,0.008056,0
QF_BV/sage/app7/bench_6546.smt2,Yices2,1,0.6705935739446431,0.476685635978356,,0.193908,0
QF_BV/20221012-MCMPC/sugarbeets/sugarbeets.t1.i16.ceed79a1.smt2,Yices2,1,0.5503622419782914,0.5233413809910417,,0.027021,0
QF_BV/sage/app7/bench_2447.smt2,Yices2,1,0.6958114700391889,0.447330926079303,,0.248481,0
QF_BV/Sage2/bench_4092.smt2,Yices2,1,0.4962894177879207,0.38039770582690835,,0.115892,0
QF_BV/20210312-Bouvier/vlsat3_a17.smt2,STP,1,53.19129229005193,53.18713039904833,,0.004162,0
QF_BV/Sage2/bench_14029.smt2,Yices2,1,0.48788258200511336,0.39031271799467504,,0.097570,0
QF_BV/bruttomesso/lfsr/lfsr_004_015_064.smt2,STP,1,6.924557022808585,6.921438241843134,,0.003119,0
QF_BV/sage/app9/bench_932.smt2,STP,1,0.23533953493461013,0.2329498769249767,,0.002390,0
QF_BV/Sage2/bench_14463.smt2,STP,1,0.22784635779680684,0.22640488483011723,,0.001441,0
QF_BV/spear/samba_v3.0.24/bin_libsmbclient_vc1225277.smt2,Yices2,1,0.8700055300141685,0.8499221990350634,,0.020083,0
QF_BV/Sage2/bench_10706.smt2,STP,1,0.32099050009856,0.31427761912345886,,0.006713,0
QF_BV/Sage2/bench_383.smt2,Bitwuzla,1,0.8783324749674648,0.8751711000222713,,0.003161,0
QF_BV/20210219-Sydr/master/cjpeg/predicate_2840.smt2,Yices2,1,0.555648258945439,0.5073183439671993,,0.048330,0
QF_BV/20221012-MCMPC/millionaires/millionaires.t1.i52.5906d57b.smt2,Yices2,1,0.21652820182498544,0.21462511084973812,,0.001903,0
QF_BV/sage/app7/bench_1570.smt2,Yices2,1,0.6798750080051832,0.4292460740543902,,0.250629,0
QF_BV/Sage2/bench_10909.smt2,Yices2,1,0.6809378669131547,0.6206225259229541,,0.060315,0
QF_BV/Sage2/bench_2684.smt2,STP,1,49.75170704408083,49.74969604704529,,0.002011,0
QF_BV/Sage2/bench_13856.smt2,Yices2,1,2.795726169948466,2.664609364932403,,0.131117,0
QF_BV/asp/SchurNumbers/15.5.schur.lp.smt2,Yices2,1,4.557300797954667,4.473592669935897,,0.083708,0
QF_BV/sage/app7/bench_1521.smt2,Yices2,1,0.3833891159738414,0.29292706795968115,,0.090462,0
QF_BV/sage/app7/bench_8369.smt2,Yices2,1,0.6535909599042498,0.46608229191042483,,0.187509,0
QF_BV/Sage2/bench_9579.smt2,Yices2,1,0.6617349410662428,0.47353887907229364,,0.188196,0
QF_BV/Sage2/bench_11547.smt2,Yices2,1,4.9812585699837655,4.869888273999095,,0.111370,0
QF_BV/spear/inn_v2.4.3/innfeed_imapfeed_vc24797.smt2,Bitwuzla,1,0.3856306809466332,0.3829630569089204,,0.002668,0
QF_BV/Sage2/bench_16603.smt2,STP,1,1.3522399170906283,1.3042930450756103,,0.047947,0
QF_BV/mcm/12.smt2,Bitwuzla,1,0.7934165950282477,0.7887689010240138,,0.004648,0
QF_BV/Sage2/bench_10771.smt2,Yices2,1,0.5175572190782987,0.3953232690691948,,0.122234,0
QF_BV/spear/samba_v3.0.24/bin_libmsrpc_vc1225650.smt2,Bitwuzla,1,0.45717213390162215,0.45142484991811216,,0.005747,0
QF_BV/2019-Mann/digital-estimation-convergence-bmc-fwd.smt2,Yices2,1,18.321080399036873,18.273368136025965,,0.047712,0
QF_BV/sage/app1/bench_318.smt2,Bitwuzla,1,0.38290932489326224,0.37930317991413176,,0.003606,0
QF_BV/Sage2/bench_11897.smt2,STP,1,0.2255866770283319,0.22409097501076758,,0.001496,0
QF_BV/20221012-MCMPC/wage_circuit_div/wage_circuit_div.t1.i23.8cf8603f.smt2,STP,1,0.23857512680115178,0.2367532968055457,,0.001822,0
QF_BV/asp/ConnectedDominatingSet/rand_55_250_1235855873_0_k=8_sat.gph.smt2,Yices2,1,0.7245622390764765,0.7151381270959973,,0.009424,0
QF_BV/Sage2/bench_105.smt2,STP,1,0.38078111788490787,0.3794046868570149,,0.001376,0
QF_BV/bmc-bv-svcomp14/s3_clnt_2_true.BV.c.cil.c.21.smt2,Yices2,1,7.86270871409215,3.2513439641334116,,4.611365,0
QF_BV/20221214-p4dfa-XiaoqiChen/StringMatching/string4x16.3._bit16_na6_nr4_paired.smt2,Yices2,0,1200.0,1201.3706577650737,,0.260954,0
QF_BV/Sage2/bench_11834.smt2,Yices2,1,0.8143749031587504,0.7562460901681334,,0.058129,0
QF_BV/asp/MazeGeneration/maze-generation-width=18-height=18-density=0.01-run=4.smt2,Yices2,1,22.415589048992842,22.394776694010943,,0.020812,0
QF_BV/sage/app7/bench_5347.smt2,Yices2,1,0.7109369179815985,0.5162944099865854,,0.194643,0
QF_BV/Sage2/bench_11116.smt2,STP,1,0.23418077285168692,0.2320762078743428,,0.002105,0
QF_BV/20210312-Bouvier/vlsat3_a28.smt2,STP,1,105.15410482691368,105.14507202990353,,0.009033,0
QF_BV/20221012-MCMPC/wage_circuit_div/wage_circuit_div.t1.i23.e72d992d.smt2,STP,1,0.24422928894637153,0.24253169796429574,,0.001698,0
QF_BV/Sage2/bench_5767.smt2,STP,1,0.23545262299012393,0.2333544329740107,,0.002098,0
QF_BV/bruttomesso/core/ext_con_064_008_0256.smt2,STP,1,1.71558192797238,1.7097499989904463,,0.005832,0
QF_BV/bruttomesso/lfsr/lfsr_008_143_048.smt2,Yices2,1,8.339061439968646,8.332884100964293,,0.006177,0
QF_BV/spear/inn_v2.4.3/innfeed_innfeed_vc37051.smt2,Bitwuzla,1,0.7101378888473846,0.7080930308438838,,0.002045,0
QF_BV/20221012-MCMPC/millionaires/millionaires.t1.i64.a39af69b.smt2,Yices2,1,0.21569983003428206,0.21377423801459372,,0.001926,0
QF_BV/sage/app7/bench_6941.smt2,STP,1,0.25884768506512046,0.2582329830620438,,0.000615,0
QF_BV/sage/app8/bench_643.smt2,STP,1,0.35614157299278304,0.3533695039805025,,0.002772,0
QF_BV/Sage2/bench_16356.smt2,STP,1,0.26710323622683063,0.2640586302150041,,0.003045,0
QF_BV/bruttomesso/core/ext_con_036_004_0256.smt2,STP,1,1.0960129441227764,1.0940112441312522,,0.002002,0
QF_BV/Sage2/bench_14868.smt2,Bitwuzla,1,14.934345974121243,14.50623169913888,,0.428114,0
QF_BV/Sage2/bench_17745.smt2,STP,1,0.6025772230350412,0.5932106010150164,,0.009367,0
QF_BV/sage/app9/bench_2959.smt2,Bitwuzla,1,0.4826847469666973,0.4791433899663389,,0.003541,0
QF_BV/20210219-Sydr/master/cjpeg/predicate_382.smt2,Bitwuzla,1,0.2989546791650355,0.29181144712492824,,0.007143,0
QF_BV/Sage2/bench_5731.smt2,Yices2,1,0.4839361261110753,0.393700092099607,,0.090236,0
QF_BV/Sage2/bench_7623.smt2,STP,1,5.586920833098702,5.583804909139872,,0.003116,0
QF_BV/Sage2/bench_9936.smt2,Yices2,1,0.4520248388289474,0.3672518478706479,,0.084773,0
QF_BV/20190311-bv-term-small-rw-Noetzli/bv-term-small-rw_1038.smt2,STP,1,0.21415088593494147,0.21360936993733048,,0.000542,0
QF_BV/sage/app7/bench_2004.smt2,Yices2,1,0.32864075986435637,0.2704494958743453,,0.058191,0
QF_BV/bruttomesso/core/ext_con_020_016_0512.smt2,STP,1,1.215748375048861,1.2116784020327032,,0.004070,0
QF_BV/Sage2/bench_17036.smt2,STP,1,0.24686187208862975,0.24332195008173585,,0.003540,0
QF_BV/20221012-MCMPC/dualexecution_affine/dualexecution_affine.t1.i9.720ab51e.smt2,Yices2,1,0.3891302979318425,0.29499890096485615,,0.094131,0
QF_BV/Sage2/bench_8611.smt2,Yices2,1,0.4766056031221524,0.3776941071264446,,0.098911,0
QF_BV/bruttomesso/core/ext_con_020_016_0256.smt2,STP,1,0.7574009760282934,0.7534129749983549,,0.003988,0
QF_BV/20190311-bv-term-small-rw-Noetzli/bv-term-small-rw_1348.smt2,STP,1,0.22393909300444648,0.22353671304881573,,0.000402,0
QF_BV/bruttomesso/core/ext_con_020_008_0128.smt2,STP,1,0.4478506651939824,0.4457821222022176,,0.002069,0
QF_BV/20230221-oisc-gurtner/SLL-NESTED-8-32.smt2,STP,1,583.9033705130569,582.7820593190845,,1.121311,0
QF_BV/Sage2/bench_10200.smt2,Yices2,1,1.2495819601463154,1.216125151142478,,0.033457,0
QF_BV/spear/samba_v3.0.24/bin_libsmbsharemodes_vc6271.smt2,Yices2,1,0.6235364048625343,0.6097664388362318,,0.013770,0
QF_BV/20221012-MCMPC/mean_buckets/mean_buckets.t1.i12.628b38ab.smt2,STP,1,0.3157701570307836,0.3124456850346178,,0.003324,0
QF_BV/20221012-MCMPC/millionaires/millionaires.t1.i26.9391511b.smt2,STP,1,0.25307823409093544,0.2517333230935037,,0.001345,0
QF_BV/Sage2/bench_13931.smt2,Yices2,1,0.4960085238562897,0.3829839068930596,,0.113025,0
QF_BV/sage/app7/bench_994.smt2,Yices2,1,0.46883649507071823,0.32933461107313633,,0.139502,0
QF_BV/Sage2/bench_7401.smt2,STP,1,0.28143942716997117,0.274984666146338,,0.006455,0
QF_BV/Sage2/bench_5060.smt2,Yices2,1,2.2466843308648095,2.092012273846194,,0.154672,0
QF_BV/spear/samba_v3.0.24/bin_eventlogadm_vc331236.smt2,Yices2,1,0.8408787829685025,0.813986066961661,,0.026893,0
QF_BV/Sage2/bench_14271.smt2,STP,1,0.47398683213396,0.4643374450970441,,0.009649,0
QF_BV/20221012-MCMPC/wage/wage.t1.i34.7a4f2c1f.smt2,Bitwuzla,1,0.2523026498965919,0.25083953188732266,,0.001463,0
QF_BV/20221012-MCMPC/millionaires/millionaires.t1.i37.d0589a4a.smt2,Yices2,1,0.2174468919984065,0.21524519100785255,,0.002202,0
QF_BV/Sage2/bench_11027.smt2,STP,1,0.5144721769029275,0.5114870069082826,,0.002985,0
QF_BV/sage/app7/bench_5435.smt2,Yices2,1,0.6688235150068067,0.47480585100129247,,0.194018,0
QF_BV/20221012-MCMPC/millionaires/millionaires.t1.i27.f5b03245.smt2,STP,1,0.22647778905229643,0.22526086401194334,,0.001217,0
QF_BV/20221012-MCMPC/millionaires/millionaires.t1.i47.268dc357.smt2,Yices2,1,0.21529829286737368,0.21319657587446272,,0.002102,0
QF_BV/Sage2/bench_16380.smt2,STP,1,0.2312719098990783,0.22916047787293792,,0.002111,0
QF_BV/Sage2/bench_15762.smt2,Bitwuzla,1,6.149181350832805,6.1216046118643135,,0.027577,0
QF_BV/20221012-MCMPC/dualexecution/dualexecution.t1.i28.f4ae65b3.smt2,Yices2,1,2.082100813218858,1.2340454051736742,,0.848055,0
QF_BV/Sage2/bench_10405.smt2,Bitwuzla,1,1.3277689719107002,1.3196637618821114,,0.008105,0
QF_BV/sage/app7/bench_7202.smt2,Yices2,1,0.6684130438952707,0.48013069690205157,,0.188282,0
QF_BV/spear/inn_v2.4.3/innd_innd_vc32659.smt2,Bitwuzla,1,0.37895442702574655,0.37620897800661623,,0.002745,0
QF_BV/20210312-Bouvier/vlsat3_g35.smt2,Yices2,1,2.5823683258495294,2.5253111498896033,,0.057057,0
QF_BV/Sage2/bench_4375.smt2,STP,1,8.022963344934396,8.02099610795267,,0.001967,0
QF_BV/20221012-MCMPC/dualexecution_affine/dualexecution_affine.t1.i7.7dbf6b97.smt2,Yices2,1,0.3824378292192705,0.2981072731781751,,0.084331,0
QF_BV/asp/HamiltonianPath/random.5.lp.smt2,STP,1,5.528409321908839,5.489584588911384,,0.038825,0
QF_BV/Sage2/bench_9950.smt2,STP,1,0.5671003738534637,0.5634503688197583,,0.003650,0
QF_BV/Sage2/bench_10711.smt2,STP,1,1.1645237330230884,1.1344716120511293,,0.030052,0
QF_BV/Sage2/bench_4615.smt2,Yices2,1,1.6688979940954596,1.2979628790635616,,0.370935,0
QF_BV/20221012-MCMPC/millionaires/millionaires.t1.i47.eaf20450.smt2,Yices2,1,0.21734461502637714,0.2152060300577432,,0.002139,0
QF_BV/Sage2/bench_10902.smt2,Yices2,1,1.278581521997694,0.9481811979785562,,0.330400,0
QF_BV/20221012-MCMPC/mean_buckets/mean_buckets.t1.i3.6d2d1345.smt2,STP,1,0.400477129034698,0.3966191930230707,,0.003858,0
QF_BV/uclid/catchconv/convert-jpg2gif-query-1582.smt2,Yices2,1,0.48857941990718246,0.4091364429332316,,0.079443,0
QF_BV/sage/app2/bench_528.smt2,Yices2,1,0.2539230408729054,0.23427658388391137,,0.019646,0
QF_BV/Sage2/bench_11019.smt2,STP,1,0.32946086290758103,0.322154464898631,,0.007306,0
QF_BV/20221012-MCMPC/millionaires/millionaires.t3.i28.b86bdbe3.smt2,Yices2,1,0.2321670029195957,0.22893964988179505,,0.003227,0
QF_BV/20210312-Bouvier/vlsat3_g74.smt2,STP,1,17.45455801615026,17.37161397212185,,0.082944,0
QF_BV/20221012-MCMPC/dualexecution_affine/dualexecution_affine.t1.i12.9c933790.smt2,Yices2,1,0.2910008949111216,0.24726016889326274,,0.043741,0
QF_BV/20221012-MCMPC/dualexecution_affine/dualexecution_affine.t1.i9.81ccb6a1.smt2,Yices2,1,0.4912223399733193,0.3380025390069932,,0.153220,0
QF_BV/spear/samba_v3.0.24/bin_eventlogadm_vc352394.smt2,Yices2,1,1.823784276843071,1.773606012808159,,0.050178,0
QF_BV/bruttomesso/lfsr/lfsr_002_015_112.smt2,STP,1,3.1840536540257744,3.1811918900348246,,0.002862,0
QF_BV/Sage2/bench_3205.smt2,STP,1,0.5106008561560884,0.49696169211529195,,0.013639,0
QF_BV/sage/app11/bench_26.smt2,Yices2,1,0.382478341110982,0.305899762082845,,0.076579,0
QF_BV/sage/app7/bench_8582.smt2,Yices2,1,0.6706891118665226,0.48237051884643734,,0.188319,0
QF_BV/20221012-MCMPC/simplemean_buckets/simplemean_buckets.t1.i14.3f03adbd.smt2,STP,1,0.33627545495983213,0.3335269750095904,,0.002748,0
QF_BV/sage/app7/bench_1673.smt2,Yices2,1,0.3629022859968245,0.2809853639919311,,0.081917,0
QF_BV/Sage2/bench_15336.smt2,STP,1,0.279960079875309,0.2729803428519517,,0.006980,0
QF_BV/log-slicing/bvult_19958.smt2,STP,1,259.932148095977,259.92967174598016,,0.002476,0
QF_BV/20221012-MCMPC/millionaires/millionaires.t1.i26.bf6229cd.smt2,STP,1,0.23620165488682687,0.23484657588414848,,0.001355,0
QF_BV/Sage2/bench_8516.smt2,Yices2,1,0.48198036703979596,0.38244375004433095,,0.099537,0
QF_BV/sage/app12/bench_2195.smt2,STP,1,0.38992812688229606,0.388204590883106,,0.001724,0
QF_BV/Sage2/bench_11351.smt2,STP,1,1.1334490629960783,1.1038364260457456,,0.029613,0
QF_BV/sage/app7/bench_4036.smt2,Yices2,1,0.6893553290283307,0.4836280320305377,,0.205727,0
QF_BV/log-slicing/bvashr_0503.smt2,Bitwuzla,1,160.93565397989005,160.9317239949014,,0.003930,0
QF_BV/Sage2/bench_8380.smt2,Yices2,1,0.4290816118591465,0.3090201548766345,,0.120061,0
QF_BV/20221012-MCMPC/millionaires/millionaires.t1.i17.3375a0e3.smt2,Bitwuzla,1,0.2557511210325174,0.25350719201378524,,0.002244,0
QF_BV/sage/app11/bench_148.smt2,Yices2,1,0.46134554990567267,0.3850702599156648,,0.076275,0
QF_BV/Sage2/bench_16925.smt2,Bitwuzla,1,0.5937479379936121,0.5819526989944279,,0.011795,0
QF_BV/20221012-MCMPC/dualexecution_affine/dualexecution_affine.t1.i8.3b7de825.smt2,Yices2,1,0.4067508259904571,0.3040805410128087,,0.102670,0
QF_BV/Sage2/bench_7753.smt2,STP,1,0.41209028102457523,0.4044638220220804,,0.007626,0
QF_BV/Sage2/bench_12622.smt2,Bitwuzla,1,0.2823016080656089,0.2741371120791882,,0.008164,0
QF_BV/Sage2/bench_15064.smt2,STP,1,0.5449466250138357,0.5360083000268787,,0.008938,0
QF_BV/Sage2/bench_14170.smt2,Bitwuzla,1,2.5385396541678347,2.4545130911283195,,0.084027,0
QF_BV/uclid/catchconv/convert-jpg2gif-query-1676.smt2,Yices2,1,0.4376766812056303,0.3485620461869985,,0.089115,0
QF_BV/bruttomesso/core/ext_con_024_032_0256.smt2,STP,1,1.1049282741150819,1.0963756020646542,,0.008553,0
QF_BV/brummayerbiere3/maxand128.smt2,Bitwuzla,1,12.925254778878298,12.918764920905232,,0.006490,0
QF_BV/sage/app7/bench_259.smt2,Yices2,1,0.789889408973977,0.5475978769827634,,0.242292,0
QF_BV/bruttomesso/lfsr/lfsr_002_095_080.smt2,STP,1,2.2089943751343526,2.206838349113241,,0.002156,0
QF_BV/20210312-Bouvier/vlsat3_g72.smt2,Bitwuzla,1,16.614173818961717,16.514166472945362,,0.100007,0
QF_BV/20221214-p4dfa-XiaoqiChen/StringMatching/string4x16.9._bit8_na6_nr4_pairedtwobranch.smt2,Yices2,0,1200.0,1201.2971945230383,,0.312017,0
QF_BV/20221012-MCMPC/dualexecution_affine/dualexecution_affine.t1.i10.c7fd9101.smt2,Yices2,1,0.4314026071806438,0.35623914119787514,,0.075163,0
QF_BV/bruttomesso/core/ext_con_020_004_1024.smt2,STP,1,1.2244666950427927,1.223173659062013,,0.001293,0
QF_BV/Sage2/bench_2615.smt2,STP,1,29.975949832005426,29.974459256976843,,0.001491,0
QF_BV/Sage2/bench_2260.smt2,STP,1,0.26286052021896467,0.2587700781878084,,0.004090,0
QF_BV/20221012-MCMPC/millionaires/millionaires.t1.i35.9e35d94a.smt2,Yices2,1,0.21629284118534997,0.21418721717782319,,0.002106,0
QF_BV/Sage2/bench_15115.smt2,STP,1,0.2911480001057498,0.28533269511535764,,0.005815,0
QF_BV/20221012-MCMPC/millionaires/millionaires.t1.i58.2226778b.smt2,Yices2,1,0.22485727787716314,0.22291797189973295,,0.001939,0
QF_BV/spear/samba_v3.0.24/bin_libsmbclient_vc1225224.smt2,Bitwuzla,1,1.2055794969783165,1.1898139049299061,,0.015766,0
QF_BV/Sage2/bench_12731.smt2,Yices2,1,0.24313310807337984,0.23530676611699164,,0.007826,0
QF_BV/sage/app1/bench_438.smt2,STP,1,0.21331925108097494,0.21260579908266664,,0.000713,0
QF_BV/uclid/catchconv/convert-jpg2gif-query-1507.smt2,Yices2,1,0.34722020191838965,0.2739817718975246,,0.073238,0
QF_BV/Sage2/bench_2946.smt2,STP,1,67.3166299929726,67.31250252295285,,0.004127,0
QF_BV/sage/app7/bench_85.smt2,Yices2,1,0.6631194849032909,0.4709336399100721,,0.192186,0
QF_BV/spear/samba_v3.0.24/bin_libsmbsharemodes_vc6204.smt2,Yices2,1,0.6671165028237738,0.6564446918200701,,0.010672,0
QF_BV/Sage2/bench_13255.smt2,Yices2,1,2.3223817730904557,2.248298170045018,,0.074084,0
QF_BV/Sage2/bench_6001.smt2,STP,1,1.2765572240459733,1.2719223210588098,,0.004635,0
QF_BV/sage/app7/bench_1350.smt2,Yices2,1,0.40040937799494714,0.29275734396651387,,0.107652,0
QF_BV/sage/app7/bench_7891.smt2,Yices2,1,0.6721211288822815,0.42613631184212863,,0.245985,0
QF_BV/Sage2/bench_15055.smt2,STP,1,3.240958823938854,3.238617026945576,,0.002342,0
QF_BV/uclid/catchconv/convert-jpg2gif-query-1420.smt2,Yices2,1,0.33231818804051727,0.27354054106399417,,0.058778,0
QF_BV/20221012-MCMPC/millionaires/millionaires.t4.i38.188af69a.smt2,Yices2,1,0.2241308998200111,0.21972042485140264,,0.004410,0
QF_BV/20221012-MCMPC/dualexecution_affine/dualexecution_affine.t1.i9.fcdeed70.smt2,Yices2,1,0.35108122788369656,0.2760496928822249,,0.075032,0
QF_BV/sage/app11/bench_218.smt2,Yices2,1,0.3786048521287739,0.30210469011217356,,0.076500,0
QF_BV/sage/app7/bench_1130.smt2,Yices2,1,0.4386507651070133,0.31313273310661316,,0.125518,0
QF_BV/asp/BlockedNQueens/156.48.1960.36.1721310106.dat.smt2,Yices2,1,5.757543523912318,5.727800505934283,,0.029743,0
QF_BV/Sage2/bench_9515.smt2,Yices2,1,0.4517881360370666,0.36509950598701835,,0.086689,0
QF_BV/Sage2/bench_5615.smt2,STP,1,5.337392976914998,5.335707499878481,,0.001685,0
QF_BV/bruttomesso/lfsr/lfsr_004_031_128.smt2,Yices2,1,5.316535947029479,5.310788264032453,,0.005748,0
QF_BV/Sage2/bench_5076.smt2,STP,1,1.770515070995316,1.7682137140072882,,0.002301,0
QF_BV/Sage2/bench_12052.smt2,STP,1,0.34913619892904535,0.34242959693074226,,0.006707,0
QF_BV/Sage2/bench_5086.smt2,STP,1,0.2584447168628685,0.25584181281737983,,0.002603,0
QF_BV/Sage2/bench_9062.smt2,Yices2,1,4.42348550009774,4.069746771128848,,0.353739,0
QF_BV/Sage2/bench_12691.smt2,STP,1,0.2293473940808326,0.22729432303458452,,0.002053,0
QF_BV/Sage2/bench_8189.smt2,Bitwuzla,1,0.3429585538688116,0.336244081845507,,0.006714,0
QF_BV/float/test_v3_r3_vr5_c1_s16641.smt2,Yices2,1,1.283507557993289,1.2726319800131023,,0.010876,0
QF_BV/Sage2/bench_12886.smt2,Yices2,1,4.960566565976478,4.7945989510044456,,0.165968,0
QF_BV/ecc/com.galois.ecc.P384ECC64.ec_twin_mul_aux2.short.smt2,Yices2,1,0.2631778640206903,0.23744753398932517,,0.025730,0
QF_BV/sage/app1/bench_2452.smt2,Bitwuzla,1,0.2668991350219585,0.26263501099310815,,0.004264,0
QF_BV/sage/app8/bench_205.smt2,Bitwuzla,1,0.4270280440687202,0.4234380670823157,,0.003590,0
QF_BV/Sage2/bench_7342.smt2,STP,1,0.6506650021765381,0.6207778342068195,,0.029887,0
QF_BV/sage/app7/bench_963.smt2,Yices2,1,0.46603124699322507,0.32180580496788025,,0.144225,0
QF_BV/20221012-MCMPC/dualexecution_affine/dualexecution.t1.i32.5dc0062f.smt2,Yices2,1,0.9005259621189907,0.6658769370988011,,0.234649,0
QF_BV/asp/TravellingSalesperson/rand_70_300_1155482584_8.lp.smt2,Yices2,1,14.33756236586487,14.3006104468368,,0.036952,0
QF_BV/Sage2/bench_5340.smt2,STP,1,13.782999055052642,13.781409004004672,,0.001590,0
QF_BV/sage/app11/bench_331.smt2,Yices2,1,0.3868470811867155,0.3113951061386615,,0.075452,0
QF_BV/20190311-bv-term-small-rw-Noetzli/bv-term-small-rw_169.smt2,STP,1,0.266162850020919,0.26572231901809573,,0.000441,0
QF_BV/20221012-MCMPC/millionaires/millionaires.t2.i43.958bd193.smt2,Yices2,1,0.21881053305696696,0.2160886530764401,,0.002722,0
QF_BV/Sage2/bench_4872.smt2,STP,1,0.7594764489331283,0.7293952519539744,,0.030081,0
QF_BV/sage/app8/bench_1469.smt2,STP,1,0.23396533378399909,0.2311377318110317,,0.002828,0
QF_BV/sage/app12/bench_1681.smt2,Yices2,1,0.24681140010943636,0.242748357122764,,0.004063,0
QF_BV/Sage2/bench_7635.smt2,Yices2,1,0.3039101359900087,0.26284649898298085,,0.041064,0
QF_BV/asp/Labyrinth/laby_22_22_19.lp.smt2,Yices2,0,1200.0,1201.3657012348995,,2.634131,0
QF_BV/20221012-MCMPC/millionaires/millionaires.t4.i23.72ce1505.smt2,Yices2,1,0.22456466988660395,0.22027478693053126,,0.004290,0
QF_BV/20221012-MCMPC/mean_buckets/mean_buckets.t1.i5.f07eb773.smt2,STP,1,0.3203858229680918,0.3168997729662806,,0.003486,0
QF_BV/Sage2/bench_3133.smt2,STP,1,14.22991111088777,14.228166495915502,,0.001745,0
QF_BV/Sage2/bench_11491.smt2,STP,1,0.2433716460946016,0.23995456704869866,,0.003417,0
QF_BV/Sage2/bench_6860.smt2,Yices2,1,0.5129530280828476,0.350233948091045,,0.162719,0
QF_BV/sage/app9/bench_1198.smt2,STP,1,0.22885375982150435,0.2266419418156147,,0.002212,0
QF_BV/20221214-p4dfa-XiaoqiChen/StringMatching/string2x16.3._bit8_na6_nr3_paired.smt2,Yices2,0,1200.0,1201.2568500239868,,0.159916,0
QF_BV/Sage2/bench_2773.smt2,STP,1,1.0599008860299364,1.0368783860467374,,0.023022,0
QF_BV/20221012-MCMPC/millionaires/millionaires.t1.i19.9700bc5d.smt2,Bitwuzla,1,0.2615698901354335,0.2586877541616559,,0.002882,0
QF_BV/asp/WeightBoundedDominatingSet/rand_150_600_1159731678_12.lp.smt2,Yices2,1,14.036091196117923,14.020929064135998,,0.015162,0
QF_BV/Sage2/bench_5260.smt2,STP,1,10.046790176071227,10.045134654035792,,0.001656,0
QF_BV/sage/app7/bench_2403.smt2,Yices2,1,0.7855841689161025,0.5399653299245983,,0.245619,0
QF_BV/20221012-MCMPC/dualexecution_affine/dualexecution_affine.t1.i7.221c2402.smt2,Yices2,1,0.389906539930962,0.28983768494799733,,0.100069,0
QF_BV/20221012-MCMPC/dualexecution_affine/dualexecution_affine.t1.i4.d456b8a5.smt2,Yices2,1,0.3802318799425848,0.29092230391688645,,0.089310,0
QF_BV/sage/app1/bench_1959.smt2,Yices2,1,0.3189470990910195,0.3141375840641558,,0.004810,0
QF_BV/20221012-MCMPC/dualexecution/dualexecution.t1.i12.a9d008cf.smt2,Yices2,1,0.26467040489660576,0.2550828738603741,,0.009588,0
QF_BV/20221012-MCMPC/dualexecution/dualexecution.t1.i9.66f516d1.smt2,Yices2,1,0.3604228121112101,0.28111522109247744,,0.079308,0
QF_BV/spear/inn_v2.4.3/innfeed_imapfeed_vc25223.smt2,Bitwuzla,1,0.49508293688995764,0.4933497079182416,,0.001733,0
QF_BV/Sage2/bench_11013.smt2,Bitwuzla,1,42.451399851066526,42.40195052605122,,0.049449,0
QF_BV/sage/app1/bench_2354.smt2,Bitwuzla,1,0.242199489090126,0.23775660409592092,,0.004443,0
QF_BV/Sage2/bench_16463.smt2,Yices2,1,1.3202370120561682,1.2391704020556062,,0.081067,0
QF_BV/Sage2/bench_9620.smt2,STP,1,0.5008800938958302,0.4799242129083723,,0.020956,0
QF_BV/Sage2/bench_7492.smt2,Yices2,1,6.984499501122627,6.8208206261042506,,0.163679,0
QF_BV/Sage2/bench_17268.smt2,Bitwuzla,1,1.1386676030233502,1.1120381250511855,,0.026629,0
QF_BV/bruttomesso/core/ext_con_044_008_0032.smt2,STP,1,0.40047563111875206,0.3963990150950849,,0.004077,0
QF_BV/20221012-MCMPC/millionaires/millionaires.t1.i19.d1e24a8e.smt2,Bitwuzla,1,0.2505475939833559,0.24823189293965697,,0.002316,0
QF_BV/20210219-Sydr/master/yices/predicate_12163.smt2,STP,1,2.6028651740052737,2.327334868023172,,0.275530,0
QF_BV/Sage2/bench_12703.smt2,STP,1,0.23463558580260724,0.23263161582872272,,0.002004,0
QF_BV/20221012-MCMPC/mean_buckets/mean_buckets.t1.i27.30a402b7.smt2,STP,1,0.29702266614185646,0.2945677691604942,,0.002455,0
QF_BV/sage/app7/bench_5947.smt2,Yices2,1,0.6000616379315034,0.3942357839550823,,0.205826,0
QF_BV/Sage2/bench_10865.smt2,Bitwuzla,1,6.849275177984964,6.809503922937438,,0.039771,0
QF_BV/Sage2/bench_9543.smt2,Yices2,1,0.5277798080351204,0.43853209004737437,,0.089248,0
QF_BV/sage/app1/bench_1725.smt2,Yices2,1,0.22061091812793165,0.21950773312710226,,0.001103,0
QF_BV/20221012-MCMPC/dualexecution_affine/dualexecution_affine.t1.i8.8f1e92c3.smt2,Yices2,1,0.5513845728710294,0.37763233785517514,,0.173752,0
QF_BV/Sage2/bench_13236.smt2,STP,1,0.29573056497611105,0.28499230300076306,,0.010738,0
QF_BV/sage/app7/bench_582.smt2,Yices2,1,0.5699682561098598,0.38681148015893996,,0.183157,0
QF_BV/Sage2/bench_1710.smt2,STP,1,8.289407106989529,8.287530848989263,,0.001876,0
QF_BV/20221012-MCMPC/millionaires/millionaires.t1.i61.9c5f2ffc.smt2,Yices2,1,0.21458740608068183,0.2126242450904101,,0.001963,0
QF_BV/20221012-MCMPC/millionaires/millionaires.t1.i26.1ca903d1.smt2,STP,1,0.2270899449940771,0.2257060119882226,,0.001384,0
QF_BV/Sage2/bench_5095.smt2,Yices2,1,1.7055910129565746,1.3398889559321105,,0.365702,0
QF_BV/sage/app7/bench_858.smt2,Yices2,1,0.7891029878519475,0.5435435138642788,,0.245559,0
QF_BV/20221012-MCMPC/dualexecution_affine/dualexecution_affine.t1.i12.b3126e44.smt2,Yices2,1,0.24090074002742767,0.22624224703758955,,0.014658,0
QF_BV/20221012-MCMPC/mean_buckets/mean_buckets.t1.i23.c09aeede.smt2,STP,1,0.3146087269997224,0.311905951006338,,0.002703,0
QF_BV/20221012-MCMPC/millionaires/millionaires.t1.i62.51a9254d.smt2,Yices2,1,0.24178228806704283,0.2399132400751114,,0.001869,0
QF_BV/spear/samba_v3.0.24/bin_libsmbsharemodes_vc4322.smt2,Yices2,1,3.2372142240055837,3.182544664014131,,0.054670,0
QF_BV/sage/app7/bench_1794.smt2,Yices2,1,0.3429918350884691,0.2738885211292654,,0.069103,0
QF_BV/sage/app1/bench_37.smt2,Yices2,1,0.7472859259578399,0.741781041957438,,0.005505,0
QF_BV/20221012-MCMPC/millionaires/millionaires.t1.i8.c3cc84bc.smt2,Bitwuzla,1,0.254966750042513,0.25257600005716085,,0.002391,0
QF_BV/20210219-Sydr/master/yices/predicate_11693.smt2,STP,1,2.4306853378075175,2.1631441838108003,,0.267541,0
QF_BV/sage/app1/bench_2325.smt2,Yices2,1,0.22644537780433893,0.22508102981373668,,0.001364,0
QF_BV/sage/app7/bench_1462.smt2,Yices2,1,0.3717158890212886,0.28283407306298614,,0.088882,0
QF_BV/20230221-oisc-gurtner/SRAI-SAFE-16-16.smt2,STP,1,2.9535704239387996,2.9464258989319205,,0.007145,0
QF_BV/Sage2/bench_13354.smt2,Yices2,1,0.27024268510285765,0.2594447711016983,,0.010798,0
QF_BV/asp/SchurNumbers/15.3.schur.lp.smt2,Yices2,1,12.198983583948575,12.114982893923298,,0.084001,0
QF_BV/20210312-Bouvier/vlsat3_g31.smt2,STP,1,6.057621458137874,6.011140233138576,,0.046481,0
QF_BV/Sage2/bench_9696.smt2,STP,1,0.4504419161239639,0.44732037908397615,,0.003122,0
QF_BV/bmc-bv-svcomp14/byte_add_1_true.c.17.smt2,Yices2,1,0.2790965710883029,0.254417380085215,,0.024679,0
QF_BV/spear/inn_v2.4.3/innd_innd_vc33535.smt2,Bitwuzla,1,0.4145033991080709,0.41261787712574005,,0.001886,0
QF_BV/sage/app1/bench_1866.smt2,Yices2,1,0.21387403417611495,0.21203046618029475,,0.001844,0
QF_BV/Sage2/bench_4220.smt2,STP,1,0.2850857239100151,0.2798929219134152,,0.005193,0
QF_BV/sage/app7/bench_434.smt2,Yices2,1,0.5386163148796186,0.35329412785358727,,0.185322,0
QF_BV/sage/app7/bench_1769.smt2,Yices2,1,0.8001781279454008,0.5492967029567808,,0.250881,0
QF_BV/Sage2/bench_8728.smt2,STP,1,0.2740392521372996,0.26948564616031945,,0.004554,0
QF_BV/20210312-Bouvier/vlsat3_g49.smt2,STP,1,7.119616936193779,7.066571015166119,,0.053046,0
QF_BV/spear/inn_v2.4.3/innfeed_innfeed_vc36443.smt2,Bitwuzla,1,0.4027700478909537,0.40059495787136257,,0.002175,0
QF_BV/sage/app7/bench_1728.smt2,Yices2,1,0.3364245070843026,0.2671805750578642,,0.069244,0
QF_BV/Sage2/bench_8323.smt2,STP,1,0.5465862199780531,0.5282764839939773,,0.018310,0
QF_BV/sage/app7/bench_8604.smt2,Yices2,1,0.6768386289477348,0.4863257969263941,,0.190513,0
QF_BV/log-slicing/bvadd_13774.smt2,STP,1,4.8076098468736745,4.807123534847051,,0.000486,0
QF_BV/sage/app1/bench_2055.smt2,Yices2,1,0.24719803710468113,0.24242813512682915,,0.004770,0
QF_BV/Sage2/bench_14738.smt2,STP,1,2.1677830590633675,2.164927303092554,,0.002856,0
QF_BV/sage/app7/bench_5603.smt2,Yices2,1,0.7782184050884098,0.5785915481392294,,0.199627,0
QF_BV/Sage2/bench_139.smt2,STP,1,5.0974715690827,5.028915788047016,,0.068556,0
QF_BV/Sage2/bench_10026.smt2,STP,1,0.5246355081326328,0.5205593251157552,,0.004076,0
QF_BV/Sage2/bench_10851.smt2,Yices2,0,1200.0,1201.2579571220558,,0.133821,0
QF_BV/20221012-MCMPC/dualexecution_affine/dualexecution_affine.t1.i10.d3d5074b.smt2,Yices2,1,0.40084942284738645,0.3097575248684734,,0.091092,0
QF_BV/spear/samba_v3.0.24/bin_libsmbsharemodes_vc5814.smt2,Bitwuzla,1,0.6353165371692739,0.6247449121437967,,0.010572,0
QF_BV/20221012-MCMPC/wage_circuit_div/wage_circuit_div.t1.i23.8514e719.smt2,STP,1,0.2340727720875293,0.23247009608894587,,0.001603,0
QF_BV/sage/app2/bench_515.smt2,Yices2,1,0.2605162858380936,0.23992145084775984,,0.020595,0
QF_BV/Sage2/bench_10614.smt2,Yices2,1,0.22574489703401923,0.22012037504464388,,0.005625,0
QF_BV/20221012-MCMPC/millionaires/millionaires.t1.i47.50ff27de.smt2,Yices2,1,0.24586553103290498,0.24390187906101346,,0.001964,0
QF_BV/uclid/catchconv/convert-jpg2gif-query-1217.smt2,Yices2,1,0.32368252892047167,0.27756005991250277,,0.046122,0
QF_BV/sage/app7/bench_1684.smt2,Yices2,1,0.3531916610663757,0.27510802703909576,,0.078084,0
QF_BV/asp/Solitaire/solitaire-edge-time=25.smt2,STP,1,11.01117539696861,10.937384621007368,,0.073791,0
QF_BV/20190311-bv-term-small-rw-Noetzli/bv-term-small-rw_199.smt2,STP,1,0.21328148484462872,0.21287606889382005,,0.000405,0
QF_BV/spear/inn_v2.4.3/innfeed_imapfeed_vc24828.smt2,Bitwuzla,1,0.6532954950816929,0.6506178320851177,,0.002678,0
QF_BV/sage/app1/bench_2168.smt2,Yices2,1,0.2412053319858387,0.23661622498184443,,0.004589,0
QF_BV/sage/app7/bench_1401.smt2,Yices2,1,0.3853497289819643,0.29529901198111475,,0.090051,0
QF_BV/Sage2/bench_13144.smt2,STP,1,2.126644275849685,2.07802258990705,,0.048622,0
QF_BV/sage/app7/bench_433.smt2,Yices2,1,0.5311643171007745,0.34881071210838854,,0.182354,0
QF_BV/Sage2/bench_16897.smt2,STP,1,1.0026225900510326,0.9719578670337796,,0.030665,0
QF_BV/20190311-bv-term-small-rw-Noetzli/bv-term-small-rw_1508.smt2,STP,1,0.2360043139779009,0.23560401797294617,,0.000400,0
QF_BV/Sage2/bench_14923.smt2,STP,1,0.5191526499111205,0.5085220988839865,,0.010631,0
QF_BV/Sage2/bench_14519.smt2,STP,1,0.2452508820570074,0.24159173108637333,,0.003659,0
QF_BV/20190311-bv-term-small-rw-Noetzli/bv-term-small-rw_621.smt2,STP,1,0.21449682815000415,0.21407141513191164,,0.000425,0
QF_BV/20221012-MCMPC/millionaires/millionaires.t1.i32.e33b5fd0.smt2,Yices2,1,0.22799897391814739,0.2258221989031881,,0.002177,0
QF_BV/Sage2/bench_14510.smt2,Bitwuzla,1,0.49160451610805467,0.47932264511473477,,0.012282,0
QF_BV/Sage2/bench_16390.smt2,Yices2,1,1.364543652976863,1.0186709719710052,,0.345873,0
QF_BV/sage/app7/bench_1402.smt2,Yices2,1,0.40411051810951903,0.3146572101395577,,0.089453,0
QF_BV/sage/app1/bench_2446.smt2,Bitwuzla,1,0.23490165983093902,0.2305820828769356,,0.004320,0
QF_BV/pspace/ndist.a.20998.smt2,STP,1,71.63305876206141,71.6325859350618,,0.000473,0
QF_BV/Sage2/bench_3240.smt2,STP,1,40.15728704602225,40.155545765999705,,0.001741,0
QF_BV/Sage2/bench_12870.smt2,STP,1,0.39117901789722964,0.38478781492449343,,0.006391,0
QF_BV/spear/samba_v3.0.24/bin_libmsrpc_vc1225800.smt2,Yices2,1,0.3861806731438264,0.37028471915982664,,0.015896,0
QF_BV/Sage2/bench_10504.smt2,Yices2,1,0.3411718219285831,0.3120827409438789,,0.029089,0
QF_BV/Sage2/bench_12316.smt2,STP,1,0.23319290694780648,0.23105106293223798,,0.002142,0
QF_BV/asp/GraphPartitioning/rand_15_75_1235849326_0_k=3_v=7_e=30_sat.gph.smt2,Yices2,1,0.7088121700217016,0.6980482640210539,,0.010764,0
QF_BV/Sage2/bench_3545.smt2,STP,1,29.485220598988235,29.48315183399245,,0.002069,0
QF_BV/Sage2/bench_840.smt2,Yices2,1,0.24792539805639535,0.23872137907892466,,0.009204,0
QF_BV/sage/app2/bench_485.smt2,Yices2,1,0.25633048999588937,0.2358088509645313,,0.020522,0
QF_BV/sage/app7/bench_11.smt2,Yices2,1,0.6535682820831425,0.46471929806284606,,0.188849,0
QF_BV/Sage2/bench_11740.smt2,Bitwuzla,1,24.674433999171015,24.630767912138253,,0.043666,0
QF_BV/sage/app9/bench_856.smt2,STP,1,0.23225970804924145,0.2297042920254171,,0.002555,0
QF_BV/log-slicing/bvudiv_18.smt2,Bitwuzla,0,1200.0,1201.25859867502,,0.001646,0
QF_BV/spear/samba_v3.0.24/bin_libsmbsharemodes_vc4773.smt2,Bitwuzla,1,0.41877622000174597,0.41304862196557224,,0.005728,0
QF_BV/spear/samba_v3.0.24/bin_eventlogadm_vc331186.smt2,Yices2,1,0.84590920683695,0.8220661748200655,,0.023843,0
QF_BV/sage/app7/bench_490.smt2,Yices2,1,0.5426042798790149,0.3641312678810209,,0.178473,0
QF_BV/20221012-MCMPC/millionaires/millionaires.t1.i1.ed73ec19.smt2,Bitwuzla,1,0.2618623240850866,0.2592314521316439,,0.002631,0
QF_BV/20190311-bv-term-small-rw-Noetzli/bv-term-small-rw_1523.smt2,STP,1,0.2656316419597715,0.2651803919579834,,0.000451,0
QF_BV/Sage2/bench_15546.smt2,STP,1,0.2822134139132686,0.27769889193587005,,0.004515,0
QF_BV/Sage2/bench_13716.smt2,STP,1,0.2926364770391956,0.2864665410015732,,0.006170,0
QF_BV/sage/app9/bench_1498.smt2,STP,1,0.41964656120399013,0.41876535420306027,,0.000881,0
QF_BV/sage/app7/bench_1855.smt2,Yices2,1,0.3527821189491078,0.28426633100025356,,0.068516,0
QF_BV/Sage2/bench_2173.smt2,Yices2,1,1.5106523411232047,1.4185281430836767,,0.092124,0
QF_BV/Sage2/bench_15276.smt2,STP,1,0.23920491302851588,0.23591204802505672,,0.003293,0
QF_BV/20210312-Bouvier/vlsat3_a49.smt2,STP,1,207.7599462530925,207.7551614760887,,0.004785,0
QF_BV/20221012-MCMPC/wage_circuit_div/wage_circuit_div.t1.i30.5251f456.smt2,STP,1,0.24927701387787238,0.24766496988013387,,0.001612,0
QF_BV/sage/app7/bench_2414.smt2,Yices2,1,0.8069832798209973,0.5423069198150188,,0.264676,0
QF_BV/Sage2/bench_1673.smt2,STP,1,10.273551320831757,10.271894669858739,,0.001657,0
QF_BV/Sage2/bench_1657.smt2,STP,1,37.111004651058465,37.10938528808765,,0.001619,0
QF_BV/20221012-MCMPC/millionaires/millionaires.t2.i32.c871e337.smt2,Yices2,1,0.2198478140635416,0.2170542310923338,,0.002794,0
QF_BV/sage/app7/bench_6980.smt2,Yices2,1,0.5689522420871072,0.38085286505520344,,0.188099,0
QF_BV/Sage2/bench_15890.smt2,Yices2,1,0.3086085189715959,0.2584152959752828,,0.050193,0
QF_BV/20221012-MCMPC/millionaires/millionaires.t1.i56.9db97e11.smt2,Yices2,1,0.2208988809143193,0.2190020529087633,,0.001897,0
QF_BV/Sage2/bench_13893.smt2,STP,1,0.34460037609096617,0.33736642310395837,,0.007234,0
QF_BV/sage/app7/bench_903.smt2,Yices2,1,0.7983359529753216,0.5443540969863534,,0.253982,0
QF_BV/spear/samba_v3.0.24/bin_libsmbclient_vc1228430.smt2,Yices2,1,1.0979882117826492,1.080193811794743,,0.017794,0
QF_BV/Sage2/bench_3354.smt2,STP,1,14.40475884807529,14.403081868076697,,0.001677,0
QF_BV/Sage2/bench_14573.smt2,STP,1,0.8961442161235027,0.8803865041118115,,0.015758,0
QF_BV/20210219-Sydr/symbolic_memory/linear/yices/predicate_1420.smt2,Yices2,1,4.3885771670611575,4.219544450053945,,0.169033,0
QF_BV/spear/samba_v3.0.24/bin_libsmbclient_vc1225668.smt2,Bitwuzla,1,0.7319627439137548,0.7194396948907524,,0.012523,0
QF_BV/sage/app1/bench_2104.smt2,Yices2,1,0.2422515880316496,0.2375471170525998,,0.004704,0
QF_BV/Sage2/bench_5336.smt2,Bitwuzla,1,2.7565427951631136,2.724880640162155,,0.031662,0
QF_BV/20190311-bv-term-small-rw-Noetzli/bv-term-small-rw_1474.smt2,STP,1,0.21217221388360485,0.21171510289423168,,0.000457,0
QF_BV/20221012-MCMPC/dualexecution_affine/dualexecution_affine.t1.i6.0538c849.smt2,Yices2,1,0.5253649579826742,0.3513785300310701,,0.173986,0
QF_BV/Sage2/bench_5977.smt2,STP,1,0.23241578007582575,0.23037027707323432,,0.002046,0
QF_BV/Sage2/bench_2692.smt2,Bitwuzla,1,5.465497904806398,5.038507911842316,,0.426990,0
QF_BV/20210219-Sydr/master/readelf/predicate_488.smt2,STP,1,0.27109899499919266,0.26968036498874426,,0.001419,0
QF_BV/sage/app8/bench_3051.smt2,STP,1,0.22788560501066968,0.2271083020605147,,0.000777,0
QF_BV/Sage2/bench_13713.smt2,STP,1,0.32463260379154235,0.3187939887866378,,0.005839,0
QF_BV/Sage2/bench_15051.smt2,STP,1,0.4861041509429924,0.4769671189133078,,0.009137,0
QF_BV/20221012-MCMPC/millionaires/millionaires.t1.i25.dc3fbdf9.smt2,Yices2,1,0.2546827759942971,0.2525118109770119,,0.002171,0
QF_BV/20221012-MCMPC/dualexecution_affine/dualexecution_affine.t1.i8.2ff2e049.smt2,Yices2,1,0.4079605219885707,0.30032442999072373,,0.107636,0
QF_BV/20210219-Sydr/master/yices/predicate_6055.smt2,STP,1,1.1294709070934914,0.998489554040134,,0.130981,0
QF_BV/bruttomesso/core/ext_con_060_008_0512.smt2,STP,1,2.856901412131265,2.851184666156769,,0.005717,0
QF_BV/Sage2/bench_9571.smt2,Yices2,1,0.45951807987876236,0.36657095490954816,,0.092947,0
QF_BV/sage/app1/bench_2044.smt2,Yices2,1,0.23057504202006385,0.22878323099575937,,0.001792,0
QF_BV/sage/app11/bench_567.smt2,Yices2,1,0.3837105979328044,0.30571440095081925,,0.077996,0
QF_BV/20221012-MCMPC/dualexecution/dualexecution.t1.i9.0ad5a449.smt2,Yices2,1,0.43764289712999016,0.323957113083452,,0.113686,0
QF_BV/sage/app7/bench_1126.smt2,Yices2,1,0.7906420650542714,0.5428558790590614,,0.247786,0
QF_BV/Sage2/bench_12268.smt2,STP,1,0.22710918996017426,0.2258988949470222,,0.001210,0
QF_BV/sage/app9/bench_78.smt2,STP,1,0.4584170890157111,0.45568376197479665,,0.002733,0
QF_BV/20190429-UltimateAutomizerSvcomp2019/byte_add_1_true-unreach-call_true-no-overflow_true-termination.i_10.smt2,STP,1,0.2186451999587007,0.21814062097109854,,0.000505,0
QF_BV/Sage2/bench_6233.smt2,STP,1,0.2908821359742433,0.2849225129466504,,0.005960,0
QF_BV/spear/samba_v3.0.24/bin_libsmbsharemodes_vc5834.smt2,Bitwuzla,1,0.5913422621670179,0.5807338191661984,,0.010608,0
QF_BV/Sage2/bench_8070.smt2,STP,1,0.2671733268070966,0.26302477181889117,,0.004149,0
QF_BV/Sage2/bench_9669.smt2,STP,1,0.2382466600392945,0.23526000301353633,,0.002987,0
QF_BV/20221214-p4dfa-XiaoqiChen/StringMatching/string4x16.6._bit16_na6_nr4_paired.smt2,Yices2,0,1200.0,1201.3532428860199,,0.272213,0
QF_BV/20210312-Bouvier/vlsat3_a96.smt2,Bitwuzla,1,130.28034643194405,130.17923899297602,,0.101107,0
QF_BV/Sage2/bench_3324.smt2,STP,1,18.774711694160942,18.77321532717906,,0.001496,0
QF_BV/Sage2/bench_16669.smt2,STP,1,1.0553020700463094,1.0478454590775073,,0.007457,0
QF_BV/Sage2/bench_16760.smt2,STP,1,0.25375572306802496,0.24533050204627216,,0.008425,0
QF_BV/20210219-Sydr/master/yices/predicate_9701.smt2,STP,1,1.919680102961138,1.6911870569456369,,0.228493,0
QF_BV/20221012-MCMPC/millionaires/millionaires.t1.i31.eeaeb949.smt2,STP,1,0.2473628530278802,0.24614498601295054,,0.001218,0
QF_BV/Sage2/bench_8793.smt2,STP,1,0.4176883991458453,0.40951013611629605,,0.008178,0
QF_BV/spear/samba_v3.0.24/bin_libsmbsharemodes_vc4837.smt2,Yices2,1,1.450757992977742,1.4112382009625435,,0.039520,0
QF_BV/sage/app1/bench_1307.smt2,STP,1,0.24927911307895556,0.24776798207312822,,0.001511,0
QF_BV/log-slicing/bvsub_10979.smt2,STP,1,272.227300481929,272.2268312019296,,0.000469,0
QF_BV/log-slicing/bvult_6997.smt2,STP,1,19.910548856074456,19.90857091010548,,0.001978,0
QF_BV/20221012-MCMPC/millionaires/millionaires.t1.i19.6fef04cc.smt2,Bitwuzla,1,0.255077451991383,0.25273721502162516,,0.002340,0
QF_BV/sage/app1/bench_2383.smt2,Bitwuzla,1,0.5089750020997599,0.5045958941336721,,0.004379,0
QF_BV/Sage2/bench_14632.smt2,STP,1,0.28997532988432795,0.28376413392834365,,0.006211,0
QF_BV/20190311-bv-term-small-rw-Noetzli/bv-term-small-rw_1421.smt2,STP,1,0.2823246030602604,0.2819041491020471,,0.000420,0
QF_BV/float/test_v3_r8_vr1_c1_s20372.smt2,Yices2,1,3.4783939030603506,3.450999577064067,,0.027394,0
QF_BV/spear/samba_v3.0.24/bin_eventlogadm_vc354406.smt2,Yices2,1,0.587286850088276,0.5358238990884274,,0.051463,0
QF_BV/bruttomesso/core/ext_con_012_128_0512.smt2,cvc5,1,1.1583372081513517,1.1409805191215128,,0.017357,0
QF_BV/spear/samba_v3.0.24/bin_eventlogadm_vc352861.smt2,Yices2,1,1.1509496759972535,1.1108598089776933,,0.040090,0
QF_BV/Sage2/bench_15740.smt2,STP,1,0.28094337979564443,0.2776733278296888,,0.003270,0
QF_BV/20221012-MCMPC/millionaires/millionaires.t1.i60.5c092271.smt2,Yices2,1,0.22311171400360763,0.22112999903038144,,0.001982,0
QF_BV/Sage2/bench_9310.smt2,STP,1,0.5335098091163673,0.5302216841373593,,0.003288,0
QF_BV/asp/WeightBoundedDominatingSet/rand_150_600_1159731678_8.lp.smt2,Yices2,1,40.17316380812554,40.157712910091504,,0.015451,0
QF_BV/Sage2/bench_9293.smt2,STP,1,27.452211385942064,27.450563366990536,,0.001648,0
QF_BV/bruttomesso/core/ext_con_060_004_0032.smt2,STP,1,0.386112559994217,0.383077034028247,,0.003036,0
QF_BV/bruttomesso/core/ext_con_016_001_1024.smt2,STP,1,1.4180341381579638,1.416997898137197,,0.001036,0
QF_BV/Sage2/bench_5519.smt2,STP,1,11.69261550513329,11.690978377126157,,0.001637,0
QF_BV/20221012-MCMPC/dualexecution_affine/dualexecution_affine.t1.i8.33a10e03.smt2,Yices2,1,0.4947127139894292,0.3446416549850255,,0.150071,0
QF_BV/20221012-MCMPC/dualexecution_affine/dualexecution_affine.t1.i9.ccf6fdc3.smt2,Yices2,1,0.3428767250152305,0.27272725803777575,,0.070149,0
QF_BV/20221012-MCMPC/dualexecution_affine/dualexecution_affine.t1.i8.e3ed1361.smt2,Yices2,1,0.46214234200306237,0.3259422320406884,,0.136200,0
QF_BV/Sage2/bench_16880.smt2,STP,1,0.2636393220163882,0.2621110579930246,,0.001528,0
QF_BV/calypto/problem_24.smt2,STP,1,0.3468409671331756,0.34618106414563954,,0.000660,0
QF_BV/Sage2/bench_2594.smt2,STP,1,4.386371089029126,4.38483749399893,,0.001534,0
QF_BV/uclid/catchconv/convert-jpg2gif-query-1599.smt2,Yices2,1,0.44152759184362367,0.3621548558585346,,0.079373,0
QF_BV/Sage2/bench_1745.smt2,Yices2,1,0.4317486578365788,0.36913633183576167,,0.062612,0
QF_BV/asp/TravellingSalesperson/rand_70_300_1155482584_3.lp.smt2,Yices2,1,16.132388985017315,16.095609796000645,,0.036779,0
QF_BV/Sage2/bench_16132.smt2,STP,1,0.2223518019891344,0.22029383899644017,,0.002058,0
QF_BV/20221012-MCMPC/millionaires/millionaires.t1.i16.12f68f14.smt2,Bitwuzla,1,0.2786946330452338,0.2761268171016127,,0.002568,0
QF_BV/bruttomesso/lfsr/lfsr_008_031_016.smt2,STP,1,1.4476691769668832,1.4452904879581183,,0.002379,0
QF_BV/20221012-MCMPC/wage/wage.t1.i20.a4770ee9.smt2,Bitwuzla,1,0.2762351291021332,0.2747352421283722,,0.001500,0
QF_BV/20221012-MCMPC/millionaires/millionaires.t1.i53.d3e032f3.smt2,Yices2,1,0.21597712201764807,0.2139680760446936,,0.002009,0
QF_BV/Sage2/bench_13257.smt2,Yices2,1,6.904568706057034,6.743217566050589,,0.161351,0
QF_BV/sage/app7/bench_2212.smt2,Yices2,1,0.2993415219243616,0.2509230999276042,,0.048418,0
QF_BV/20221012-MCMPC/dualexecution_affine/dualexecution_affine.t1.i6.5ab5523b.smt2,Yices2,1,0.6578676878707483,0.41992296488024294,,0.237945,0
QF_BV/20221012-MCMPC/sugarbeets/sugarbeets.t1.i16.ea11d443.smt2,Yices2,1,0.5460354048991576,0.5178322629071772,,0.028203,0
QF_BV/20210219-Sydr/master/yices/predicate_10592.smt2,STP,1,2.336454608011991,2.0903345060069114,,0.246120,0
QF_BV/20221012-MCMPC/mean_buckets/mean_buckets.t1.i10.ab00e6c1.smt2,STP,1,0.3944960308726877,0.39117434388026595,,0.003322,0
QF_BV/Sage2/bench_11473.smt2,Bitwuzla,1,1.97539232095005,1.9724706569686532,,0.002922,0
QF_BV/Sage2/bench_17213.smt2,STP,1,0.49447182507719845,0.485167469130829,,0.009304,0
QF_BV/20221012-MCMPC/millionaires/millionaires.t2.i23.9d640f09.smt2,Yices2,1,0.21825890301261097,0.21537421201355755,,0.002885,0
QF_BV/sage/app7/bench_7302.smt2,Yices2,1,0.5585932970861904,0.36990072508342564,,0.188693,0
QF_BV/sage/app7/bench_516.smt2,Yices2,1,0.5332021490321495,0.35552910901606083,,0.177673,0
QF_BV/sage/app11/bench_612.smt2,Yices2,1,0.3753310479805805,0.2995947590097785,,0.075736,0
QF_BV/20210219-Sydr/symbolic_memory/linear/minigzip/predicate_651.smt2,Yices2,1,1.2673579810652882,1.1043703900650144,,0.162988,0
QF_BV/Sage2/bench_4512.smt2,STP,1,0.27050479291938245,0.2687885998748243,,0.001716,0
QF_BV/Sage2/bench_13076.smt2,STP,1,16.648318566032685,16.55582619505003,,0.092492,0
QF_BV/20190311-bv-term-small-rw-Noetzli/bv-term-small-rw_1516.smt2,STP,1,0.22311840596375987,0.22263691993430257,,0.000481,0
QF_BV/sage/app7/bench_345.smt2,Yices2,1,0.5465686569805257,0.3627430419437587,,0.183826,0
QF_BV/bruttomesso/lfsr/lfsr_002_127_128.smt2,STP,1,2.964617274061311,2.9613045430742204,,0.003313,0
QF_BV/Sage2/bench_16015.smt2,STP,1,0.5135749220498838,0.5097866910509765,,0.003788,0
QF_BV/spear/samba_v3.0.24/bin_libmsrpc_vc1225775.smt2,Yices2,1,0.8190419481834397,0.8025413611903787,,0.016501,0
QF_BV/sage/app7/bench_584.smt2,Yices2,1,0.5395633140578866,0.3599676040466875,,0.179596,0
QF_BV/spear/samba_v3.0.24/bin_libsmbsharemodes_vc5698.smt2,Bitwuzla,1,0.6446175350574777,0.6345718670636415,,0.010046,0
QF_BV/Sage2/bench_2680.smt2,STP,1,1.5579019838478416,1.5530669058207422,,0.004835,0
QF_BV/spear/samba_v3.0.24/bin_libsmbsharemodes_vc6205.smt2,Yices2,1,0.968989998975303,0.9564787310082465,,0.012511,0
QF_BV/Sage2/bench_3694.smt2,Yices2,1,5.6715898519032635,5.576000361936167,,0.095589,0
QF_BV/20190311-bv-term-small-rw-Noetzli/bv-term-small-rw_618.smt2,STP,1,0.21533186291344464,0.2149334899149835,,0.000398,0
QF_BV/sage/app7/bench_1863.smt2,Yices2,1,0.3220492150285281,0.26014781603589654,,0.061901,0
QF_BV/spear/samba_v3.0.24/bin_libsmbsharemodes_vc7677.smt2,Bitwuzla,1,1.1022072231862694,1.0796026871539652,,0.022605,0
QF_BV/20221012-MCMPC/millionaires/millionaires.t1.i47.59e6069e.smt2,Yices2,1,0.21833526412956417,0.21637714211829007,,0.001958,0
QF_BV/sage/app7/bench_2088.smt2,Yices2,1,0.324058358091861,0.27192962705157697,,0.052129,0
QF_BV/bruttomesso/core/ext_con_028_016_1024.smt2,STP,1,3.944847791979555,3.9396098849829286,,0.005238,0
QF_BV/Sage2/bench_6365.smt2,STP,1,0.27879200107418,0.27229624707251787,,0.006496,0
QF_BV/bruttomesso/lfsr/lfsr_002_015_080.smt2,STP,1,2.2968951538787223,2.2946072828490287,,0.002288,0
QF_BV/sage/app12/bench_5545.smt2,Yices2,1,0.24351554788881913,0.23997040488757193,,0.003545,0
QF_BV/spear/samba_v3.0.24/bin_libsmbsharemodes_vc6238.smt2,Yices2,1,0.8320317281177267,0.810080086113885,,0.021952,0
QF_BV/20210219-Sydr/master/cjpeg/predicate_2175.smt2,Yices2,1,0.5343867262126878,0.4975471121724695,,0.036840,0
QF_BV/sage/app7/bench_1034.smt2,Yices2,1,0.4563091159798205,0.3147682109847665,,0.141541,0
QF_BV/sage/app7/bench_1900.smt2,Yices2,1,0.32613208214752376,0.2637042941059917,,0.062428,0
QF_BV/sage/app11/bench_378.smt2,Yices2,1,0.3740225840592757,0.29803694505244493,,0.075986,0
QF_BV/20221012-MCMPC/dualexecution/dualexecution.t1.i32.1516ac01.smt2,Yices2,1,0.2916167252114974,0.26030140020884573,,0.031315,0
QF_BV/20221012-MCMPC/millionaires/millionaires.t1.i40.cbb20d1e.smt2,Yices2,1,0.21642454713582993,0.2142657251097262,,0.002159,0
QF_BV/Sage2/bench_6621.smt2,STP,1,1.159148586972151,1.154219469986856,,0.004929,0
QF_BV/sage/app1/bench_170.smt2,Yices2,1,0.23442513000918552,0.23242964199744165,,0.001995,0
QF_BV/spear/samba_v3.0.24/bin_libsmbsharemodes_vc4817.smt2,Yices2,1,0.5894372491165996,0.5523229551035911,,0.037114,0
QF_BV/Sage2/bench_8355.smt2,STP,1,0.41506912984186783,0.40743457386270165,,0.007635,0
QF_BV/Sage2/bench_15103.smt2,STP,1,0.5052961250767112,0.49552967003546655,,0.009766,0
QF_BV/sage/app11/bench_318.smt2,Yices2,1,0.40957340091699734,0.3341250119265169,,0.075448,0
QF_BV/Sage2/bench_9675.smt2,STP,1,0.7378659269888885,0.7349581259768456,,0.002908,0
QF_BV/bruttomesso/core/ext_con_016_016_0512.smt2,STP,1,0.9813594780862331,0.9781988600734621,,0.003161,0
QF_BV/spear/samba_v3.0.24/bin_libsmbsharemodes_vc7132.smt2,Bitwuzla,1,0.8734087880002335,0.8572851000353694,,0.016124,0
QF_BV/Sage2/bench_6989.smt2,Yices2,1,0.6302611689316109,0.47067727893590927,,0.159584,0
QF_BV/20210219-Sydr/symbolic_memory/linear/minigzip/predicate_691.smt2,Yices2,1,1.2753994828672148,1.1078664988745004,,0.167533,0
QF_BV/spear/samba_v3.0.24/bin_eventlogadm_vc331042.smt2,Bitwuzla,1,0.5443950240151025,0.5395851610228419,,0.004810,0
QF_BV/uclid/catchconv/convert-jpg2gif-query-1431.smt2,Yices2,1,0.346596795017831,0.2856465820223093,,0.060950,0
QF_BV/spear/samba_v3.0.24/bin_libsmbsharemodes_vc6276.smt2,Yices2,1,0.48442192608490586,0.47113292408175766,,0.013289,0
QF_BV/sage/app9/bench_2976.smt2,Bitwuzla,1,0.47525707917520776,0.4716620221734047,,0.003595,0
QF_BV/sage/app1/bench_698.smt2,STP,1,0.7522983659873717,0.7516321509610862,,0.000666,0
QF_BV/Sage2/bench_17670.smt2,STP,1,0.343155583133921,0.3376230471767485,,0.005533,0
QF_BV/20221012-MCMPC/dualexecution_affine/dualexecution_affine.t1.i12.6c0d0f5a.smt2,Yices2,1,0.32526658492861316,0.26370216091163456,,0.061564,0
QF_BV/sage/app7/bench_1368.smt2,Yices2,1,0.4034648289671168,0.29972851695492864,,0.103736,0
QF_BV/sage/app7/bench_661.smt2,Yices2,1,0.5139218371477909,0.34186169411987066,,0.172060,0
QF_BV/20210312-Bouvier/vlsat3_a00.smt2,STP,1,5.1084495731047355,5.104945884086192,,0.003504,0
QF_BV/sage/app8/bench_757.smt2,STP,1,0.33426722092553973,0.33176311990246177,,0.002504,0
QF_BV/Sage2/bench_1722.smt2,STP,1,11.551342568011023,11.549632037058473,,0.001711,0
QF_BV/sage/app7/bench_7069.smt2,Yices2,1,0.5662982810754329,0.37592791207134724,,0.190370,0
QF_BV/spear/samba_v3.0.24/bin_libsmbclient_vc1228445.smt2,Yices2,1,0.9368624900234863,0.916226461995393,,0.020636,0
QF_BV/spear/samba_v3.0.24/bin_libmsrpc_vc1225939.smt2,Yices2,1,0.9601261000498198,0.9381678870413452,,0.021958,0
QF_BV/asp/ChannelRouting/channelRoute.in10.smt2,Yices2,1,3.6973764619906433,3.542173661990091,,0.155203,0
QF_BV/Sage2/bench_2649.smt2,Yices2,1,0.5020492520416155,0.390772090991959,,0.111277,0
QF_BV/sage/app2/bench_527.smt2,Yices2,1,0.25242990686092526,0.23294256487861276,,0.019487,0
QF_BV/sage/app12/bench_1058.smt2,Yices2,1,0.24723448388976976,0.24263856187462807,,0.004596,0
QF_BV/bruttomesso/lfsr/lfsr_002_127_048.smt2,STP,1,1.2516535521135665,1.2500965960789472,,0.001557,0
QF_BV/20221012-MCMPC/wage/wage.t1.i24.d9725c6f.smt2,Bitwuzla,1,0.26973924500634894,0.26825946499593556,,0.001480,0
QF_BV/Sage2/bench_8449.smt2,Yices2,1,3.5565422479994595,3.445099995005876,,0.111442,0
QF_BV/bruttomesso/core/ext_con_016_064_1024.smt2,cvc5,1,1.7169824439333752,1.7056398009881377,,0.011343,0
QF_BV/sage/app11/bench_245.smt2,Yices2,1,0.3907977449707687,0.31528201699256897,,0.075516,0
QF_BV/float/div3.c.20.smt2,Yices2,1,3.4038102139602415,3.3868176189716905,,0.016993,0
QF_BV/20210219-Sydr/master/yices/predicate_5971.smt2,STP,1,1.1823277180083096,1.0511026959866285,,0.131225,0
QF_BV/Sage2/bench_13242.smt2,Yices2,1,12.481990181899164,12.369582898914814,,0.112407,0
QF_BV/20221012-MCMPC/millionaires/millionaires.t1.i62.9aecd426.smt2,Yices2,1,0.22662131185643375,0.2246984348166734,,0.001923,0
QF_BV/sage/app9/bench_1196.smt2,STP,1,0.2540959338657558,0.25193260586820543,,0.002163,0
QF_BV/Sage2/bench_8426.smt2,Yices2,1,0.4706901501631364,0.3691275881137699,,0.101563,0
QF_BV/Sage2/bench_17222.smt2,STP,1,0.7112674418604001,0.7070606178604066,,0.004207,0
QF_BV/sage/app7/bench_78.smt2,Yices2,1,0.6496350009110756,0.4630427649244666,,0.186592,0
QF_BV/Sage2/bench_16748.smt2,Bitwuzla,1,3.6394093659473583,3.6043352929409593,,0.035074,0
QF_BV/sage/app7/bench_4947.smt2,Yices2,1,0.6802593269967474,0.48339913599193096,,0.196860,0
QF_BV/sage/app11/bench_379.smt2,Yices2,1,0.3848479679436423,0.3087596979457885,,0.076088,0
QF_BV/sage/app7/bench_473.smt2,Yices2,1,0.5307878149324097,0.34825138188898563,,0.182536,0
QF_BV/spear/samba_v3.0.24/bin_libsmbsharemodes_vc6189.smt2,Yices2,1,0.5164179411367513,0.5044709511566907,,0.011947,0
QF_BV/Sage2/bench_7861.smt2,Yices2,1,1.1969001909601502,1.1498100629542023,,0.047090,0
QF_BV/spear/samba_v3.0.24/bin_eventlogadm_vc351331.smt2,Bitwuzla,1,0.33810090902261436,0.332330642035231,,0.005770,0
QF_BV/sage/app7/bench_6424.smt2,Yices2,1,0.6682396120741032,0.4748471970669925,,0.193392,0
QF_BV/pspace/ndist.a.22994.smt2,STP,1,103.33895553817274,103.33844648418017,,0.000509,0
QF_BV/spear/inn_v2.4.3/nnrpd_nnrpd_vc21225.smt2,Bitwuzla,1,0.4440050948760472,0.4423069308977574,,0.001698,0
QF_BV/20221012-MCMPC/millionaires/millionaires.t1.i18.c2508b84.smt2,STP,1,0.22662271198350936,0.22534564603120089,,0.001277,0
QF_BV/Sage2/bench_9919.smt2,Yices2,1,0.4584624568815343,0.37036806787364185,,0.088094,0
QF_BV/20190311-bv-term-small-rw-Noetzli/bv-term-small-rw_1413.smt2,STP,1,0.25187539792386815,0.25141560193151236,,0.000460,0
QF_BV/Sage2/bench_6213.smt2,STP,1,0.4561766830156557,0.4550057570450008,,0.001171,0
QF_BV/sage/app1/bench_2407.smt2,Yices2,1,0.21385037107393146,0.21260965103283525,,0.001241,0
QF_BV/20221012-MCMPC/mean_buckets/mean_buckets.t1.i7.94239c6d.smt2,STP,1,0.33657285291701555,0.33343563694506884,,0.003137,0
QF_BV/sage/app8/bench_3232.smt2,STP,1,0.2433246800210327,0.24274484300985932,,0.000580,0
QF_BV/Sage2/bench_7740.smt2,Yices2,1,791.9708175770938,791.7822314121295,,0.188586,0
QF_BV/Sage2/bench_11984.smt2,Yices2,1,5.239678582875058,5.160148541908711,,0.079530,0
QF_BV/bruttomesso/core/ext_con_060_032_0256.smt2,Yices2,1,1.6198316779918969,1.599688553949818,,0.020143,0
QF_BV/Sage2/bench_17196.smt2,Yices2,1,1.1701256039668806,1.148494804976508,,0.021631,0
QF_BV/20221012-MCMPC/wage/wage.t1.i20.a0a560e6.smt2,Bitwuzla,1,0.2820911948219873,0.2806307408027351,,0.001460,0
QF_BV/Sage2/bench_16743.smt2,STP,1,1.9107061459799297,1.8977239129599184,,0.012982,0
QF_BV/sage/app1/bench_2559.smt2,Bitwuzla,1,0.23627112491521984,0.23204813688062131,,0.004223,0
QF_BV/Sage2/bench_9391.smt2,STP,1,6.223140358051751,6.221133074024692,,0.002007,0
QF_BV/20221012-MCMPC/millionaires/millionaires.t3.i62.16eec975.smt2,Yices2,1,0.21934298006817698,0.21580673707649112,,0.003536,0
QF_BV/20221012-MCMPC/dualexecution_affine/dualexecution_affine.t1.i6.67cb3dbb.smt2,Yices2,1,0.7639897608896717,0.4702360238879919,,0.293754,0
QF_BV/Sage2/bench_16949.smt2,STP,1,14.84960450802464,14.706301982048899,,0.143303,0
QF_BV/bruttomesso/core/ext_con_016_064_0256.smt2,cvc5,1,0.6631316678831354,0.6519718049094081,,0.011160,0
QF_BV/Sage2/bench_8005.smt2,Yices2,1,1.3964614081196487,1.047787459101528,,0.348674,0
QF_BV/Sage2/bench_15397.smt2,Yices2,1,1.2276531080133282,0.9229616899974644,,0.304691,0
QF_BV/20210219-Sydr/master/yices/predicate_3426.smt2,STP,1,0.6870821120683104,0.6114721740595996,,0.075610,0
QF_BV/mcm/64.smt2,Bitwuzla,1,185.35461768007372,185.34491828107275,,0.009699,0
QF_BV/Sage2/bench_15785.smt2,Yices2,1,4.952576694951858,4.841276393970475,,0.111300,0
QF_BV/sage/app7/bench_5191.smt2,Yices2,1,0.6924627180560492,0.48655935702845454,,0.205903,0
QF_BV/Sage2/bench_13674.smt2,Bitwuzla,1,0.9856541710905731,0.9491572061087936,,0.036497,0
QF_BV/uclid/catchconv/convert-jpg2gif-query-1526.smt2,Yices2,1,0.4369915001443587,0.3629418141208589,,0.074050,0
QF_BV/spear/samba_v3.0.24/bin_libsmbsharemodes_vc7089.smt2,Bitwuzla,1,0.695187293109484,0.6856003070715815,,0.009587,0
QF_BV/bruttomesso/lfsr/lfsr_008_079_080.smt2,Yices2,1,7.389423867047299,7.382376305060461,,0.007048,0
QF_BV/bruttomesso/lfsr/lfsr_008_031_128.smt2,Yices2,1,23.437864621984772,23.42623734101653,,0.011627,0
QF_BV/Sage2/bench_16907.smt2,STP,1,0.47968229703838006,0.4706141280476004,,0.009068,0
QF_BV/Sage2/bench_1248.smt2,Yices2,1,0.581131674000062,0.47859323397278786,,0.102538,0
QF_BV/Sage2/bench_6873.smt2,Yices2,1,1.5021883550216444,1.4394539350178093,,0.062734,0
QF_BV/Sage2/bench_11144.smt2,STP,1,0.22515336400829256,0.22352736303582788,,0.001626,0
QF_BV/20221012-MCMPC/millionaires/millionaires.t1.i56.3f35845e.smt2,Yices2,1,0.21666716720210388,0.21478302218019962,,0.001884,0
QF_BV/Sage2/bench_109.smt2,Bitwuzla,1,0.7034623619401827,0.5683354339562356,,0.135127,0
QF_BV/sage/app1/bench_832.smt2,STP,1,0.2413264760398306,0.2385541070252657,,0.002772,0
QF_BV/Sage2/bench_8119.smt2,STP,1,0.4424399950657971,0.43440576107241213,,0.008034,0
QF_BV/sage/app7/bench_7680.smt2,Yices2,1,0.660339575028047,0.47601126902736723,,0.184328,0
QF_BV/sage/app7/bench_8593.smt2,Yices2,1,0.6561232089879923,0.46455720299854875,,0.191566,0
QF_BV/20221012-MCMPC/millionaires/millionaires.t1.i29.fcade2cb.smt2,Yices2,1,0.21432036394253373,0.21225220896303654,,0.002068,0
QF_BV/20221012-MCMPC/millionaires/millionaires.t1.i49.0018840f.smt2,Yices2,1,0.2169041219749488,0.21478893095627427,,0.002115,0
QF_BV/sage/app7/bench_555.smt2,Yices2,1,0.5291522549814545,0.34778008493594825,,0.181372,0
QF_BV/Sage2/bench_1363.smt2,Yices2,1,2.0668573069851846,2.002811243990436,,0.064046,0
QF_BV/uclid/catchconv/convert-jpg2gif-query-2120.smt2,STP,1,0.27309600909939036,0.2586962610948831,,0.014400,0
QF_BV/uclid/catchconv/convert-jpg2gif-query-1475.smt2,Yices2,1,0.5740871159359813,0.5067538069561124,,0.067333,0
QF_BV/sage/app1/bench_154.smt2,Bitwuzla,1,0.23531875788467005,0.23162293690256774,,0.003696,0
QF_BV/20221012-MCMPC/mean_buckets/mean_buckets.t1.i12.7435b9be.smt2,STP,1,0.34207918896572664,0.33870152896270156,,0.003378,0
QF_BV/asp/Sokoban/duthen-990602.77.steps.9.asp.smt2,STP,1,2.610588930081576,2.5601469890680164,,0.050442,0
QF_BV/Sage2/bench_3057.smt2,STP,1,38.42457604804076,38.422405163990334,,0.002171,0
QF_BV/20190311-bv-term-small-rw-Noetzli/bv-term-small-rw_1255.smt2,STP,1,0.21851249795872718,0.21812383295036852,,0.000389,0
QF_BV/bruttomesso/core/ext_con_044_016_0512.smt2,STP,1,2.121254498080816,2.1134006520733237,,0.007854,0
QF_BV/20221012-MCMPC/wage/wage.t1.i27.da7f7dca.smt2,Bitwuzla,1,0.2567883849260397,0.25539025594480336,,0.001398,0
QF_BV/sage/app11/bench_48.smt2,Yices2,1,0.3819220631266944,0.30126904509961605,,0.080653,0
QF_BV/sage/app8/bench_848.smt2,STP,1,0.3241330590681173,0.3213451621122658,,0.002788,0
QF_BV/Sage2/bench_6963.smt2,STP,1,0.22821048006881028,0.2267790320329368,,0.001431,0
QF_BV/bruttomesso/core/ext_con_052_008_0032.smt2,STP,1,0.4916761059430428,0.4868471559602767,,0.004829,0
QF_BV/sage/app7/bench_1425.smt2,Yices2,1,0.7197153591550887,0.46926727215759456,,0.250448,0
QF_BV/brummayerbiere3/maxxor128.smt2,Bitwuzla,0,1200.0,1201.2443252860103,,0.005763,0
QF_BV/Sage2/bench_11874.smt2,Bitwuzla,1,2.7626163627719507,2.7176148467697203,,0.045002,0
QF_BV/bruttomesso/core/ext_con_028_001_0256.smt2,STP,1,0.5961759800557047,0.5949750340078026,,0.001201,0
QF_BV/Sage2/bench_14117.smt2,STP,1,19.109804788022302,18.887331641977653,,0.222473,0
QF_BV/20221012-MCMPC/millionaires/millionaires.t1.i11.7d626796.smt2,STP,1,0.2302967340219766,0.22885857103392482,,0.001438,0
QF_BV/ecc/com.galois.ecc.P384ECC64.ec_twin_mul_aux21.short.smt2,Yices2,1,0.2690525910584256,0.2436842720489949,,0.025368,0
QF_BV/bruttomesso/core/ext_con_004_016_0512.smt2,STP,1,0.35542473901296034,0.35426948801614344,,0.001155,0
QF_BV/20221012-MCMPC/dualexecution_affine/dualexecution.t1.i32.2633c0c7.smt2,Yices2,1,1.401525834982749,0.8646610339637846,,0.536865,0
QF_BV/Sage2/bench_6881.smt2,Bitwuzla,1,0.9860900340136141,0.9800481779966503,,0.006042,0
QF_BV/spear/samba_v3.0.24/bin_eventlogadm_vc331241.smt2,Yices2,1,1.2040282859816216,1.1717658969573677,,0.032262,0
QF_BV/20210219-Sydr/symbolic_memory/linear/pk2bm/predicate_410.smt2,STP,1,0.38507560995640233,0.3736663709860295,,0.011409,0
QF_BV/spear/samba_v3.0.24/bin_libmsrpc_vc1225339.smt2,Yices2,1,0.8294944250374101,0.8069745490793139,,0.022520,0
QF_BV/uclid/catchconv/convert-jpg2gif-query-1148.smt2,Yices2,1,0.28779008600395173,0.2521305719856173,,0.035660,0
QF_BV/Sage2/bench_17855.smt2,Yices2,1,0.45963965804548934,0.3652304080314934,,0.094409,0
QF_BV/20190311-bv-term-small-rw-Noetzli/bv-term-small-rw_322.smt2,STP,1,0.2242992178653367,0.22390606487169862,,0.000393,0
QF_BV/sage/app7/bench_124.smt2,Yices2,1,0.6719608948915266,0.4824844629038125,,0.189476,0
QF_BV/20221012-MCMPC/millionaires/millionaires.t1.i9.9a56d315.smt2,Bitwuzla,1,0.2829899500356987,0.28067966899834573,,0.002310,0
QF_BV/Sage2/bench_10188.smt2,STP,1,0.5089780908892862,0.5074592379387468,,0.001519,0
QF_BV/Sage2/bench_7514.smt2,STP,1,0.6537131200311705,0.6269855659920722,,0.026728,0
QF_BV/20210312-Bouvier/vlsat3_a50.smt2,STP,1,113.64707184192957,113.62817708193325,,0.018895,0
QF_BV/Sage2/bench_17312.smt2,STP,1,0.3507399250520393,0.34177804202772677,,0.008962,0
QF_BV/Sage2/bench_9107.smt2,STP,1,0.2596606070874259,0.2581876520998776,,0.001473,0
QF_BV/2018-Goel-hwbench/QF_BV_pouring.2.prop1_cc_ref_max.smt2,STP,1,3.1018070828868076,2.9272932938765734,,0.174514,0
QF_BV/brummayerbiere3/minxorminand008.smt2,Bitwuzla,1,0.42571905604563653,0.4240526279900223,,0.001666,0
QF_BV/20221012-MCMPC/wage/wage.t1.i36.22e115b7.smt2,Bitwuzla,1,0.2643346730619669,0.26301191304810345,,0.001323,0
QF_BV/sage/app1/bench_2567.smt2,Yices2,1,0.25214460399001837,0.24671667302027345,,0.005428,0
QF_BV/Sage2/bench_10754.smt2,Yices2,1,1.3020723409717903,0.9850032459944487,,0.317069,0
QF_BV/Sage2/bench_10764.smt2,STP,1,0.23054861795390025,0.22838763892650604,,0.002161,0
QF_BV/log-slicing/bvashr_0342.smt2,Bitwuzla,1,41.30112111696508,41.29727548896335,,0.003846,0
QF_BV/uclid/catchconv/convert-jpg2gif-query-1519.smt2,Yices2,1,0.43332499696407467,0.3606929839588702,,0.072632,0
QF_BV/Sage2/bench_6198.smt2,STP,1,0.4134056448820047,0.40541115892119706,,0.007994,0
QF_BV/sage/app1/bench_2107.smt2,Yices2,1,0.2726912699872628,0.2679438500199467,,0.004747,0
QF_BV/20221012-MCMPC/wage/wage.t1.i28.683dfd05.smt2,Bitwuzla,1,0.25798245903570205,0.25647635105997324,,0.001506,0
QF_BV/Sage2/bench_6398.smt2,Yices2,1,1.0835447289282456,0.9855235009454191,,0.098021,0
QF_BV/Sage2/bench_14808.smt2,Yices2,1,0.4657104988582432,0.3775041028857231,,0.088206,0
QF_BV/20210312-Bouvier/vlsat3_a56.smt2,STP,1,384.253054284025,384.2495484710671,,0.003506,0
QF_BV/sage/app8/bench_234.smt2,Bitwuzla,1,0.8623779001645744,0.8589179741684347,,0.003460,0
QF_BV/sage/app7/bench_49.smt2,Yices2,1,0.6426447209669277,0.46075775497592986,,0.181887,0
QF_BV/Sage2/bench_9724.smt2,STP,1,0.27468988503096625,0.26328619103878736,,0.011404,0
QF_BV/Sage2/bench_4305.smt2,STP,1,1.3284752639592625,1.3241521299351007,,0.004323,0
QF_BV/Sage2/bench_5240.smt2,STP,1,16.11733917699894,16.116188399028033,,0.001151,0
QF_BV/Sage2/bench_1560.smt2,Bitwuzla,1,20.725446375086904,20.722619862062857,,0.002827,0
QF_BV/uclid/catchconv/convert-jpg2gif-query-1349.smt2,Yices2,1,0.3045451369252987,0.25319014792330563,,0.051355,0
QF_BV/Sage2/bench_8866.smt2,STP,1,1.3829487361363135,1.3808677361812443,,0.002081,0
QF_BV/brummayerbiere2/umulov2bw0128.smt2,Bitwuzla,1,0.3503907099366188,0.34898832999169827,,0.001402,0
QF_BV/20221012-MCMPC/millionaires/millionaires.t1.i24.590e3675.smt2,Bitwuzla,1,0.26469727588118985,0.2625324218533933,,0.002165,0
QF_BV/Sage2/bench_6486.smt2,STP,1,0.47761271795025095,0.46971170394681394,,0.007901,0
QF_BV/bruttomesso/core/ext_con_008_256_1024.smt2,Yices2,1,2.1887348859454505,2.1659961119294167,,0.022739,0
QF_BV/Sage2/bench_2356.smt2,STP,1,11.44573949999176,11.444296072004363,,0.001443,0
QF_BV/Sage2/bench_13569.smt2,Yices2,1,0.5089382859878242,0.39222071901895106,,0.116718,0
QF_BV/sage/app7/bench_1706.smt2,Yices2,1,0.353092452918645,0.275565838906914,,0.077527,0
QF_BV/20210219-Sydr/master/readelf/predicate_523.smt2,Bitwuzla,1,0.23445505811832845,0.23250980908051133,,0.001945,0
QF_BV/sage/app1/bench_947.smt2,Yices2,1,1.058418586035259,1.0531966860871762,,0.005222,0
QF_BV/Sage2/bench_7616.smt2,Yices2,1,6.8829269469715655,6.719946488970891,,0.162980,0
QF_BV/spear/samba_v3.0.24/bin_libsmbsharemodes_vc5766.smt2,Bitwuzla,1,0.6191650771070272,0.6066604810766876,,0.012505,0
QF_BV/20221012-MCMPC/millionaires/millionaires.t1.i29.f459b9b5.smt2,STP,1,0.22615665500052273,0.22471136902458966,,0.001445,0
QF_BV/Sage2/bench_16341.smt2,Bitwuzla,1,869.3026157678687,869.2832376358565,,0.019378,0
QF_BV/sage/app8/bench_193.smt2,Bitwuzla,1,0.451590339129325,0.44813217711634934,,0.003458,0
QF_BV/Sage2/bench_8002.smt2,STP,1,2.8319462839863263,2.829958986956626,,0.001987,0
QF_BV/20221012-MCMPC/millionaires/millionaires.t1.i30.ef33a825.smt2,STP,1,0.23209152597701177,0.23084642901085317,,0.001245,0
QF_BV/float/test_v3_r8_vr10_c1_s18214.smt2,Yices2,1,11.314997195149772,11.287540143122897,,0.027457,0
QF_BV/Sage2/bench_15077.smt2,Yices2,1,0.8478414370329119,0.5731799020431936,,0.274662,0
QF_BV/20221012-MCMPC/dualexecution/dualexecution.t1.i6.f3039dc0.smt2,Yices2,1,0.3220467569772154,0.2792283659800887,,0.042818,0
QF_BV/20221012-MCMPC/dualexecution_affine/dualexecution.t1.i9.785cdd8b.smt2,Yices2,1,0.4437712238286622,0.32822038885205984,,0.115551,0
QF_BV/sage/app7/bench_404.smt2,Yices2,1,0.550785859930329,0.36880367691628635,,0.181982,0
QF_BV/Sage2/bench_1419.smt2,Bitwuzla,1,0.2503226939588785,0.24865736695937812,,0.001665,0
QF_BV/Sage2/bench_16385.smt2,STP,1,0.2870874460786581,0.2810985781252384,,0.005989,0
QF_BV/brummayerbiere3/maxandminor128.smt2,Bitwuzla,1,0.4189536161138676,0.4065877681132406,,0.012366,0
QF_BV/Sage2/bench_16498.smt2,STP,1,0.2985849870601669,0.29412839002907276,,0.004457,0
QF_BV/sage/app7/bench_1429.smt2,Yices2,1,0.4058016139897518,0.31287631299346685,,0.092925,0
QF_BV/20221012-MCMPC/wage_circuit_div/wage_circuit_div.t1.i34.a29432e2.smt2,STP,1,0.22699457895942032,0.22556084394454956,,0.001434,0
QF_BV/Sage2/bench_15241.smt2,Yices2,1,1.5622203320381232,1.425574447028339,,0.136646,0
QF_BV/20190311-bv-term-small-rw-Noetzli/bv-term-small-rw_851.smt2,STP,1,0.21280495991231874,0.21237689186818898,,0.000428,0
QF_BV/20221012-MCMPC/dualexecution_affine/dualexecution.t1.i4.a5a277eb.smt2,Yices2,1,0.5343687040731311,0.38477361504919827,,0.149595,0
QF_BV/20221012-MCMPC/millionaires/millionaires.t1.i36.9d70a1cd.smt2,Yices2,1,0.21748512802878395,0.21538191800937057,,0.002103,0
QF_BV/float/test_v7_r12_vr10_c1_s30410.smt2,Bitwuzla,0,1200.0,1201.275585180847,,0.094003,0
QF_BV/sage/app7/bench_256.smt2,Yices2,1,0.5573019749717787,0.3737134749535471,,0.183589,0
QF_BV/Sage2/bench_7827.smt2,Yices2,1,0.44181630783714354,0.34385199984535575,,0.097964,0
QF_BV/20221012-MCMPC/dualexecution_affine/dualexecution.t1.i9.8f50e88b.smt2,Yices2,1,0.34742002689745277,0.27794138388708234,,0.069479,0
QF_BV/sage/app7/bench_5125.smt2,Yices2,1,0.7494000809965655,0.5455155810341239,,0.203884,0
QF_BV/sage/app11/bench_116.smt2,Yices2,1,0.3793821590952575,0.3018481261096895,,0.077534,0
QF_BV/Sage2/bench_2823.smt2,STP,1,14.480459704063833,14.478336038067937,,0.002124,0
QF_BV/spear/samba_v3.0.24/bin_libsmbsharemodes_vc6239.smt2,Yices2,1,0.5012145009823143,0.4903549309819937,,0.010860,0
QF_BV/sage/app7/bench_217.smt2,Yices2,1,0.6741249311598949,0.48686606413684785,,0.187259,0
QF_BV/asp/HamiltonianPath/gryzzles.44.lp.smt2,Yices2,1,1.6039855222334154,1.5830333752091974,,0.020952,0
QF_BV/Sage2/bench_15692.smt2,STP,1,0.24219060997711495,0.23851230298168957,,0.003678,0
QF_BV/bruttomesso/core/ext_con_036_004_1024.smt2,STP,1,3.4289813960785978,3.4269530770834535,,0.002028,0
QF_BV/20221012-MCMPC/mean_buckets/simplemean_buckets.t1.i5.26dda420.smt2,STP,1,0.36007112998049706,0.35686630895361304,,0.003205,0
QF_BV/20221214-p4dfa-XiaoqiChen/StringMatching/string2x16.2._bit8_na6_nr3_paired.smt2,Yices2,0,1200.0,1201.2732200738974,,0.125518,0
QF_BV/Sage2/bench_11580.smt2,STP,1,0.7089843651629053,0.6788667121436447,,0.030118,0
QF_BV/Sage2/bench_1937.smt2,STP,1,10.863493209180888,10.861961257178336,,0.001532,0
QF_BV/spear/samba_v3.0.24/bin_libsmbsharemodes_vc4330.smt2,Yices2,1,1.5024245829554275,1.4583730939775705,,0.044051,0
QF_BV/20221012-MCMPC/dualexecution_affine/dualexecution_affine.t1.i6.2af4c4d9.smt2,Yices2,1,0.7365036281407811,0.44786236714571714,,0.288641,0
QF_BV/20221012-MCMPC/millionaires/millionaires.t3.i9.399bd7e4.smt2,Bitwuzla,1,0.27712035895092413,0.27397511689923704,,0.003145,0
QF_BV/Sage2/bench_16409.smt2,Bitwuzla,1,0.49377912509953603,0.48272302211262286,,0.011056,0
QF_BV/sage/app7/bench_1254.smt2,Yices2,1,0.40476957097416744,0.29389778594486415,,0.110872,0
QF_BV/20221012-MCMPC/mean_buckets/mean_buckets.t1.i32.ec35972b.smt2,STP,1,0.30720865196781233,0.30495927296578884,,0.002249,0
QF_BV/20210219-Sydr/master/cjpeg/predicate_964.smt2,Yices2,1,0.5090249719214626,0.4925578669644892,,0.016467,0
QF_BV/20221012-MCMPC/dualexecution_affine/dualexecution.t1.i6.22256b5f.smt2,Yices2,1,0.44150599610293284,0.3143687180709094,,0.127137,0
QF_BV/Sage2/bench_16769.smt2,STP,1,0.2411649270216003,0.23782200901769102,,0.003343,0
QF_BV/20221012-MCMPC/millionaires/millionaires.t1.i32.3cca0b32.smt2,STP,1,0.21989824093179777,0.21868983190506697,,0.001208,0
QF_BV/Sage2/bench_16658.smt2,Bitwuzla,1,0.7270969259552658,0.7227622249629349,,0.004335,0
QF_BV/float/newton.4.2.i.smt2,Yices2,1,88.23688452789793,88.2133556578774,,0.023529,0
QF_BV/spear/samba_v3.0.24/bin_eventlogadm_vc331255.smt2,Yices2,1,1.6471230840543285,1.6178513190243393,,0.029272,0
QF_BV/20221012-MCMPC/millionaires/millionaires.t1.i2.3cfc85f3.smt2,Bitwuzla,1,0.2573100110166706,0.2548304470255971,,0.002480,0
QF_BV/Sage2/bench_15105.smt2,STP,1,0.5683898360002786,0.5433197040110826,,0.025070,0
QF_BV/spear/samba_v3.0.24/bin_eventlogadm_vc331109.smt2,Yices2,1,0.3525682580075227,0.3416049559600651,,0.010963,0
QF_BV/20221012-MCMPC/dualexecution_affine/dualexecution_affine.t1.i12.78f3f3e7.smt2,Yices2,1,0.3415540338610299,0.2698738118633628,,0.071680,0
QF_BV/bruttomesso/lfsr/lfsr_008_127_048.smt2,STP,1,8.535470326198265,8.530874939169735,,0.004595,0
QF_BV/Sage2/bench_5160.smt2,STP,1,15.411676107847597,15.410018822876737,,0.001657,0
QF_BV/sage/app7/bench_3114.smt2,Yices2,1,0.6928234539809637,0.44429045799188316,,0.248533,0
QF_BV/sage/app11/bench_82.smt2,Yices2,1,0.3837123718694784,0.3072894678916782,,0.076423,0
QF_BV/20221012-MCMPC/millionaires/millionaires.t3.i51.edee8120.smt2,Yices2,1,0.22147635015426204,0.21797774615697563,,0.003499,0
QF_BV/Sage2/bench_9789.smt2,STP,1,36.091310997959226,36.08907653298229,,0.002234,0
QF_BV/20221012-MCMPC/millionaires/millionaires.t1.i56.279904e0.smt2,Yices2,1,0.21761635009897873,0.21554524009115994,,0.002071,0
QF_BV/Sage2/bench_13867.smt2,STP,1,0.2684575628954917,0.262733198935166,,0.005724,0
QF_BV/bruttomesso/lfsr/lfsr_002_127_080.smt2,STP,1,2.0564771729987115,2.054234015988186,,0.002243,0
QF_BV/uclid/catchconv/convert-jpg2gif-query-1301.smt2,Yices2,1,0.3067976107704453,0.2583198267966509,,0.048478,0
QF_BV/spear/samba_v3.0.24/bin_libsmbclient_vc1228495.smt2,Yices2,1,1.1850738430512138,1.163552531041205,,0.021521,0
QF_BV/Sage2/bench_16515.smt2,STP,1,0.23003962996881455,0.228274388005957,,0.001765,0
QF_BV/20221012-MCMPC/dualexecution_affine/dualexecution_affine.t1.i10.cb4bd753.smt2,Yices2,1,0.2747615539119579,0.24162939889356494,,0.033132,0
QF_BV/log-slicing/bvshl_0559.smt2,STP,1,6.23165189701831,6.229190625017509,,0.002461,0
QF_BV/sage/app1/bench_1933.smt2,Yices2,1,0.24437817314174026,0.23951879516243935,,0.004859,0
QF_BV/spear/inn_v2.4.3/nnrpd_nnrpd_vc21637.smt2,Bitwuzla,1,0.49971081799594685,0.4980224820319563,,0.001688,0
QF_BV/20210312-Bouvier/vlsat3_g56.smt2,STP,1,3.489634548081085,3.4580197581090033,,0.031615,0
QF_BV/Sage2/bench_12471.smt2,STP,1,0.5098884269827977,0.49375881301239133,,0.016130,0
QF_BV/sage/app9/bench_1292.smt2,STP,1,0.2437997839297168,0.24108386994339526,,0.002716,0
QF_BV/sage/app7/bench_505.smt2,Yices2,1,0.5288221889641136,0.3494469339493662,,0.179375,0
QF_BV/Sage2/bench_3608.smt2,STP,1,0.39311946684028953,0.3871868788264692,,0.005933,0
QF_BV/20221012-MCMPC/millionaires/millionaires.t1.i55.7e8bb5aa.smt2,Yices2,1,0.2154964210349135,0.2134937969967723,,0.002003,0
QF_BV/sage/app7/bench_392.smt2,Yices2,1,0.894222752074711,0.6489631910808384,,0.245260,0
QF_BV/20221012-MCMPC/millionaires/millionaires.t1.i37.492edbbf.smt2,Yices2,1,0.215129749965854,0.21301727392710745,,0.002112,0
QF_BV/spear/samba_v3.0.24/bin_libmsrpc_vc1225908.smt2,Yices2,1,1.329762600013055,1.3071631570346653,,0.022599,0
QF_BV/uum/uum24.smt2,STP,0,1200.0,1201.2228516519535,,0.006383,0
QF_BV/Sage2/bench_11268.smt2,STP,1,0.22771977388765663,0.22611941886134446,,0.001600,0
QF_BV/sage/app7/bench_8069.smt2,Yices2,1,0.5619693060289137,0.3742552250623703,,0.187714,0
QF_BV/Sage2/bench_4867.smt2,STP,1,41.38479102088604,41.38324562390335,,0.001545,0
QF_BV/20221012-MCMPC/dualexecution/dualexecution.t1.i11.0fed9409.smt2,Yices2,1,0.2918854219606146,0.2480681319721043,,0.043817,0
QF_BV/bruttomesso/core/ext_con_052_016_0064.smt2,cvc5,1,0.5919706820859574,0.5829089770559222,,0.009062,0
QF_BV/sage/app7/bench_7395.smt2,STP,1,0.24558137101121247,0.2445937569718808,,0.000988,0
QF_BV/20221012-MCMPC/mean_buckets/mean_buckets.t1.i18.375df19c.smt2,STP,1,0.3161888640024699,0.31318246899172664,,0.003006,0
QF_BV/sage/app7/bench_5169.smt2,Yices2,1,0.6905053799855523,0.49210139899514616,,0.198404,0
QF_BV/sage/app7/bench_521.smt2,Yices2,1,0.6211689100018702,0.4321066050324589,,0.189062,0
QF_BV/spear/samba_v3.0.24/bin_libmsrpc_vc1225832.smt2,Yices2,1,1.6843834288883954,1.6638315978925675,,0.020552,0
QF_BV/sage/app1/bench_2109.smt2,Yices2,1,0.30268601700663567,0.29783926298841834,,0.004847,0
QF_BV/uclid/catchconv/convert-jpg2gif-query-1601.smt2,Yices2,1,0.43342562386533245,0.35360122891142964,,0.079824,0
QF_BV/Sage2/bench_3004.smt2,Yices2,1,0.5389896531123668,0.43705103313550353,,0.101939,0
QF_BV/bruttomesso/lfsr/lfsr_002_095_128.smt2,STP,1,3.0988509849412367,3.095645864959806,,0.003205,0
QF_BV/bruttomesso/lfsr/lfsr_004_015_016.smt2,STP,1,0.487865682982374,0.4867325429804623,,0.001133,0
QF_BV/20221012-MCMPC/wage/wage.t1.i23.366ad3e1.smt2,Bitwuzla,1,0.2528652020264417,0.25141967507079244,,0.001446,0
QF_BV/sage/app7/bench_1238.smt2,Yices2,1,0.40437657496659085,0.29529367992654443,,0.109083,0
QF_BV/asp/GeneralizedSlitherlink/altair1.9.asp.smt2,Yices2,1,5.565057874890044,5.328659572871402,,0.236398,0
QF_BV/Sage2/bench_6512.smt2,STP,1,1.9010820711264387,1.8965527541004121,,0.004529,0
QF_BV/Sage2/bench_16171.smt2,STP,1,1.0922007728368044,1.0638474058359861,,0.028353,0
QF_BV/Sage2/bench_12397.smt2,Bitwuzla,1,10.579509895818774,10.567761693848297,,0.011748,0
QF_BV/20221012-MCMPC/millionaires/millionaires.t1.i16.8336897d.smt2,Bitwuzla,1,0.2521444039302878,0.24991965992376208,,0.002225,0
QF_BV/20221012-MCMPC/dualexecution_affine/dualexecution_affine.t1.i4.9ec80e6c.smt2,Yices2,1,0.31787494907621294,0.26128505007363856,,0.056590,0
QF_BV/sage/app7/bench_545.smt2,Yices2,1,0.6289230369147845,0.4470415369141847,,0.181882,0
QF_BV/Sage2/bench_14921.smt2,Bitwuzla,1,1.6318782558082603,1.5669912388548255,,0.064887,0
QF_BV/20210312-Bouvier/vlsat3_g02.smt2,STP,1,3.9848882609512657,3.952072222949937,,0.032816,0
QF_BV/Sage2/bench_15164.smt2,Bitwuzla,1,0.2975615479517728,0.2953743259422481,,0.002187,0
QF_BV/stp_samples/22930-0426-195.smt2,STP,1,487.5132771380013,487.51217328803614,,0.001104,0
QF_BV/uclid/catchconv/convert-jpg2gif-query-1175.smt2,Yices2,1,0.2934766499674879,0.25436953199096024,,0.039107,0
QF_BV/20221012-MCMPC/dualexecution_affine/dualexecution_affine.t1.i9.f4bcc47d.smt2,Yices2,1,0.40860523597802967,0.29935474693775177,,0.109250,0
QF_BV/sage/app1/bench_1936.smt2,Yices2,1,0.24519998219329864,0.24034375115297735,,0.004856,0
QF_BV/20221012-MCMPC/dualexecution_affine/dualexecution_affine.t1.i2.5bd5c650.smt2,Yices2,1,0.6811766769969836,0.4177867870312184,,0.263390,0
QF_BV/sage/app7/bench_1998.smt2,Yices2,1,0.31248461309587583,0.2560868461150676,,0.056398,0
QF_BV/Sage2/bench_10091.smt2,STP,1,0.24991525581572205,0.24853140185587108,,0.001384,0
QF_BV/sage/app7/bench_681.smt2,Yices2,1,0.793158152140677,0.5395357881207019,,0.253622,0
QF_BV/Sage2/bench_13988.smt2,Yices2,1,0.45853372087003663,0.37288817786611617,,0.085646,0
QF_BV/Sage2/bench_12642.smt2,STP,1,0.3326715109869838,0.3262531890068203,,0.006418,0
QF_BV/20221012-MCMPC/wage_circuit_div/wage_circuit_div.t1.i25.8fdc9fcb.smt2,STP,1,0.24454412708291784,0.24291620403528214,,0.001628,0
QF_BV/Sage2/bench_14920.smt2,Yices2,1,5.187756127968896,5.073955327970907,,0.113801,0
QF_BV/Sage2/bench_8834.smt2,Yices2,1,5.967925219098106,5.791419516084716,,0.176506,0
QF_BV/Sage2/bench_12101.smt2,Yices2,1,0.26935783599037677,0.24373225099407136,,0.025626,0
QF_BV/log-slicing/bvlshr_0635.smt2,STP,1,8.57562791206874,8.573115315055475,,0.002513,0
QF_BV/Sage2/bench_15975.smt2,Bitwuzla,1,1.629415693867486,1.6215808459091932,,0.007835,0
QF_BV/20221012-MCMPC/millionaires/millionaires.t1.i31.aeec8494.smt2,STP,1,0.2277103720116429,0.2264148429967463,,0.001296,0
QF_BV/20221012-MCMPC/millionaires/millionaires.t1.i17.86a7abcc.smt2,Bitwuzla,1,0.2505390817532316,0.24819869478233159,,0.002340,0
QF_BV/Sage2/bench_15615.smt2,STP,1,0.2747631741221994,0.2703162271063775,,0.004447,0
QF_BV/20210219-Sydr/symbolic_memory/nested/cjpeg/predicate_150.smt2,Bitwuzla,1,0.2544257858535275,0.25011571287177503,,0.004310,0
QF_BV/Sage2/bench_14892.smt2,Bitwuzla,1,1.5857866179430857,1.577891310909763,,0.007895,0
QF_BV/Sage2/bench_3616.smt2,STP,1,9.109091726131737,9.107403064146638,,0.001689,0
QF_BV/20190311-bv-term-small-rw-Noetzli/bv-term-small-rw_328.smt2,STP,1,0.22007919294992462,0.2196842369157821,,0.000395,0
QF_BV/20210219-Sydr/symbolic_memory/linear/minigzip/predicate_695.smt2,Yices2,1,1.2450911129708402,1.0820496149826795,,0.163041,0
QF_BV/20221012-MCMPC/mean_buckets/mean_buckets.t1.i13.c590a2eb.smt2,STP,1,0.37351372704142705,0.3700496880337596,,0.003464,0
QF_BV/20221012-MCMPC/dualexecution_affine/dualexecution.t1.i6.ae4e9d98.smt2,Yices2,1,0.39396614901488647,0.30962353898212314,,0.084343,0
QF_BV/sage/app7/bench_2196.smt2,Yices2,1,0.30044550506863743,0.24843812407925725,,0.052007,0
QF_BV/asp/Sokoban/duthen-990602.36.steps.10.asp.smt2,STP,1,4.0528428389225155,3.999546221923083,,0.053297,0
QF_BV/20190311-bv-term-small-rw-Noetzli/bv-term-small-rw_1362.smt2,STP,1,0.263341507059522,0.2629448170773685,,0.000397,0
QF_BV/sage/app7/bench_1106.smt2,Yices2,1,0.45807909389259294,0.322255085920915,,0.135824,0
QF_BV/20221012-MCMPC/dualexecution_affine/dualexecution.t1.i12.d1320fdd.smt2,Yices2,1,0.247742984094657,0.22873800108209252,,0.019005,0
QF_BV/sage/app1/bench_2478.smt2,Yices2,1,0.2504154398338869,0.24503229185938835,,0.005383,0
QF_BV/20221012-MCMPC/dualexecution_affine/dualexecution_affine.t1.i4.7c41db76.smt2,Yices2,1,0.3332951039192267,0.27652008389122784,,0.056775,0
QF_BV/20221214-p4dfa-XiaoqiChen/TCP/tcp_open_bit8_na6_nr3_paired.smt2,Yices2,1,47.901091724052094,47.875839435029775,,0.025252,0
QF_BV/log-slicing/bvsdiv_23.smt2,STP,0,1200.0,1201.2675808630884,,0.001803,0
QF_BV/Sage2/bench_1228.smt2,Yices2,1,1.0218764229211956,0.7401715249288827,,0.281705,0
QF_BV/sage/app1/bench_2563.smt2,Bitwuzla,1,0.23812277714023367,0.23407576512545347,,0.004047,0
QF_BV/Sage2/bench_3108.smt2,STP,1,43.62867394607747,43.626965607050806,,0.001708,0
QF_BV/Sage2/bench_15217.smt2,Yices2,1,1.0066050168825313,0.9728026099037379,,0.033802,0
QF_BV/sage/app7/bench_3703.smt2,Yices2,1,0.7400933058816008,0.5157342369202524,,0.224359,0
QF_BV/20221012-MCMPC/millionaires/millionaires.t1.i9.ae4b52b4.smt2,STP,1,0.22669747995678335,0.22536951093934476,,0.001328,0
QF_BV/sage/app11/bench_296.smt2,Yices2,1,0.38558136601932347,0.30903125600889325,,0.076550,0
QF_BV/Sage2/bench_15637.smt2,Yices2,1,0.43382845586165786,0.41627216385677457,,0.017556,0
QF_BV/20210219-Sydr/master/yices/predicate_2545.smt2,STP,1,0.6983719000127167,0.6386986169964075,,0.059673,0
QF_BV/Sage2/bench_3614.smt2,STP,1,20.11589302093489,20.113982127979398,,0.001911,0
QF_BV/sage/app7/bench_1685.smt2,Yices2,1,0.4055340539198369,0.3272988179232925,,0.078235,0
QF_BV/log-slicing/bvsdiv_16.smt2,STP,1,57.78467354393797,57.78308870596811,,0.001585,0
QF_BV/sage/app11/bench_541.smt2,Yices2,1,0.3747424120083451,0.2995962610002607,,0.075146,0
QF_BV/uclid/catchconv/convert-jpg2gif-query-1492.smt2,Yices2,1,0.47906631301157176,0.40957583603449166,,0.069490,0
QF_BV/20221012-MCMPC/millionaires/millionaires.t1.i52.6959b84b.smt2,Yices2,1,0.22138244594680145,0.21925295796245337,,0.002129,0
QF_BV/20221012-MCMPC/millionaires/millionaires.t1.i48.e951050f.smt2,Yices2,1,0.23272392799844965,0.23059878800995648,,0.002125,0
QF_BV/20221012-MCMPC/millionaires/millionaires.t1.i47.681649f6.smt2,Yices2,1,0.21463506191503257,0.2126980689354241,,0.001937,0
QF_BV/20221012-MCMPC/wage/wage.t1.i28.e912e377.smt2,Bitwuzla,1,0.2553125278209336,0.25381060782819986,,0.001502,0
QF_BV/spear/inn_v2.4.3/innd_innd_vc33343.smt2,Bitwuzla,1,0.5376123778987676,0.5359084329102188,,0.001704,0
QF_BV/20221012-MCMPC/millionaires/millionaires.t1.i28.74170bfd.smt2,Yices2,1,0.21947661699960008,0.21728847199119627,,0.002188,0
QF_BV/Sage2/bench_7139.smt2,Yices2,1,0.24185614008456469,0.2314963371027261,,0.010360,0
QF_BV/uclid/catchconv/convert-jpg2gif-query-1613.smt2,Yices2,1,0.8644685209146701,0.7820540328975767,,0.082414,0
QF_BV/uclid/catchconv/convert-jpg2gif-query-1573.smt2,Yices2,1,0.3914802218787372,0.31409792392514646,,0.077382,0
QF_BV/Sage2/bench_6021.smt2,STP,1,0.9626776941586286,0.9577786531299353,,0.004899,0
QF_BV/20221012-MCMPC/millionaires/millionaires.t1.i61.ad3d06dd.smt2,Yices2,1,0.21963734709424898,0.21757203806191683,,0.002065,0
QF_BV/Sage2/bench_9653.smt2,Yices2,1,0.3029271269333549,0.28269461495801806,,0.020233,0
QF_BV/Sage2/bench_5294.smt2,STP,1,7.83868602802977,7.837423824006692,,0.001262,0
QF_BV/bruttomesso/core/ext_con_060_008_0064.smt2,STP,1,0.7721008131047711,0.7665745210833848,,0.005526,0
QF_BV/20221012-MCMPC/millionaires/millionaires.t1.i42.b5fbdefd.smt2,Yices2,1,0.21509596792748198,0.21292125689797103,,0.002175,0
QF_BV/20221012-MCMPC/millionaires/millionaires.t1.i42.8ff689b5.smt2,Yices2,1,0.2165991038782522,0.2144935098476708,,0.002106,0
QF_BV/Sage2/bench_13164.smt2,Bitwuzla,1,25.401678687136155,25.399317236151546,,0.002361,0
QF_BV/sage/app12/bench_3568.smt2,STP,1,0.39029313292121515,0.3887083949521184,,0.001585,0
QF_BV/sage/app1/bench_1167.smt2,STP,1,0.33765754889464006,0.335514155915007,,0.002143,0
QF_BV/asp/KnightTour/knightTour.in03.smt2,STP,1,13.209905797906686,13.162872819928452,,0.047033,0
QF_BV/20221012-MCMPC/millionaires/millionaires.t4.i18.cdd6de72.smt2,Yices2,1,0.22268230508780107,0.21841128706000745,,0.004271,0
QF_BV/Sage2/bench_15734.smt2,Yices2,1,0.22415378014557064,0.2183096611406654,,0.005844,0
QF_BV/20210219-Sydr/master/cjpeg/predicate_896.smt2,Yices2,1,0.491623992100358,0.47591528110206127,,0.015709,0
QF_BV/20221012-MCMPC/millionaires/millionaires.t1.i40.b0d07f1f.smt2,Yices2,1,0.21473504602909088,0.21262511401437223,,0.002110,0
QF_BV/sage/app7/bench_348.smt2,Yices2,1,0.6645147388917394,0.4228860049042851,,0.241629,0
QF_BV/Sage2/bench_15577.smt2,STP,1,0.2896706882165745,0.2852278081700206,,0.004443,0
QF_BV/sage/app7/bench_7102.smt2,Yices2,1,0.6659576058154926,0.4763017238583416,,0.189656,0
QF_BV/asp/Hanoi/mgs_towers-hanoi.80_7.smt2,Yices2,1,11.487209294107743,11.292407097062096,,0.194802,0
QF_BV/20230224-grsbits-truby/grs-96-96.smt2,Yices2,1,705.4832227739971,705.4777870019898,,0.005436,0
QF_BV/Sage2/bench_2807.smt2,STP,1,15.391315595945343,15.389674942940474,,0.001641,0
QF_BV/Sage2/bench_17161.smt2,STP,1,0.4838154000462964,0.47448286204598844,,0.009333,0
QF_BV/Sage2/bench_13282.smt2,Bitwuzla,1,4.528345460828859,4.5141956568695605,,0.014150,0
QF_BV/Sage2/bench_374.smt2,Yices2,1,0.6180927180685103,0.41908379504457116,,0.199009,0
QF_BV/sage/app7/bench_7012.smt2,STP,1,0.2564854858792387,0.2555349508766085,,0.000951,0
QF_BV/Sage2/bench_4548.smt2,Yices2,1,1.3571594930253923,1.0076947819907218,,0.349465,0
QF_BV/Sage2/bench_1360.smt2,STP,1,0.37922274199081585,0.3722651610150933,,0.006958,0
QF_BV/sage/app7/bench_164.smt2,Yices2,1,0.6480437431600876,0.4632231581490487,,0.184821,0
QF_BV/Sage2/bench_10456.smt2,Yices2,1,1.9373998960363679,1.848561821039766,,0.088838,0
QF_BV/bruttomesso/lfsr/lfsr_004_159_128.smt2,Yices2,1,7.2307984758517705,7.224747090833262,,0.006051,0
QF_BV/20221012-MCMPC/millionaires/millionaires.t1.i16.7dee3af6.smt2,STP,1,0.23021510505350307,0.22892232006415725,,0.001293,0
QF_BV/20221012-MCMPC/millionaires/millionaires.t1.i64.7c4bb4f7.smt2,Yices2,1,0.21548541088122874,0.21355525986291468,,0.001930,0
QF_BV/mcm/173.smt2,Bitwuzla,1,354.16298769507557,353.93116015708074,,0.231828,0
QF_BV/sage/app11/bench_421.smt2,Yices2,1,0.37465129693737254,0.29867207794450223,,0.075979,0
QF_BV/Sage2/bench_6346.smt2,STP,1,0.9527136628748849,0.9289174298755825,,0.023796,0
QF_BV/log-slicing/bvmul_16.smt2,STP,1,87.119939524855,87.1188071758952,,0.001132,0
QF_BV/sage/app1/bench_725.smt2,Yices2,1,0.22151983802905306,0.21600559703074396,,0.005514,0
QF_BV/Sage2/bench_6102.smt2,STP,1,1.0421931151067838,1.0373027101159096,,0.004890,0
QF_BV/Sage2/bench_1721.smt2,STP,1,16.977903463935945,16.975860527949408,,0.002043,0
QF_BV/Sage2/bench_16438.smt2,Yices2,1,8.164115895982832,7.71151321195066,,0.452603,0
QF_BV/sage/app7/bench_718.smt2,Yices2,1,0.5217321108211763,0.35099086281843483,,0.170741,0
QF_BV/spear/samba_v3.0.24/bin_libmsrpc_vc1228566.smt2,Yices2,1,0.9771740868454799,0.9563197048846632,,0.020854,0
QF_BV/Sage2/bench_51.smt2,Yices2,1,1.8111539361416362,1.6145466461312026,,0.196607,0
QF_BV/Sage2/bench_2101.smt2,STP,1,12.264354727929458,12.263002428924665,,0.001352,0
QF_BV/spear/openldap_v2.3.35/servers_slapd_a_vc149789.smt2,Bitwuzla,1,5.796356795122847,5.7864739201031625,,0.009883,0
QF_BV/20221012-MCMPC/dualexecution_affine/dualexecution_affine.t1.i11.fa44c810.smt2,Yices2,1,0.2604135351139121,0.23596095712855458,,0.024453,0
QF_BV/bruttomesso/core/ext_con_052_008_0256.smt2,STP,1,1.7830908168689348,1.7781068098265678,,0.004984,0
QF_BV/sage/app1/bench_536.smt2,Yices2,1,0.24729326408123598,0.24193822708912194,,0.005355,0
QF_BV/20190311-bv-term-small-rw-Noetzli/bv-term-small-rw_926.smt2,STP,1,0.21602741081733257,0.2156379148364067,,0.000389,0
QF_BV/bruttomesso/lfsr/lfsr_008_015_064.smt2,Yices2,1,17.603074669954367,17.596982006914914,,0.006093,0
QF_BV/spear/samba_v3.0.24/bin_libsmbsharemodes_vc5810.smt2,Bitwuzla,1,0.7169254330801778,0.7038613890763372,,0.013064,0
QF_BV/spear/samba_v3.0.24/bin_libsmbclient_vc1228413.smt2,Yices2,1,0.6708354760776274,0.6548407380469143,,0.015995,0
QF_BV/sage/app7/bench_151.smt2,Yices2,1,0.6578654210316017,0.467678067041561,,0.190187,0
QF_BV/Sage2/bench_5547.smt2,STP,1,1.0059459690237418,1.0051235780119896,,0.000822,0
QF_BV/Sage2/bench_16245.smt2,STP,1,1.0964796850457788,1.074200320057571,,0.022279,0
QF_BV/Sage2/bench_16332.smt2,STP,1,28.225215788115747,28.224453549133614,,0.000762,0
QF_BV/Sage2/bench_6953.smt2,STP,1,2.440488827007357,2.433813520008698,,0.006675,0
QF_BV/20221012-MCMPC/millionaires/millionaires.t4.i56.1d9261d8.smt2,Yices2,1,0.22316615813178942,0.21876233513467014,,0.004404,0
QF_BV/bruttomesso/lfsr/lfsr_004_063_112.smt2,STP,1,4.722845611977391,4.7177432959433645,,0.005102,0
QF_BV/sage/app11/bench_277.smt2,Yices2,1,0.3828892550081946,0.3057006529998034,,0.077189,0
QF_BV/20190311-bv-term-small-rw-Noetzli/bv-term-small-rw_480.smt2,STP,1,0.23553804476978257,0.23515845579095185,,0.000380,0
QF_BV/spear/inn_v2.4.3/innfeed_imapfeed_vc25419.smt2,Bitwuzla,1,0.43612898304127157,0.4343515520449728,,0.001777,0
QF_BV/asp/Hanoi/mgs_towers-hanoi.73_7.smt2,Yices2,1,8.279292174149305,8.103630700148642,,0.175661,0
QF_BV/sage/app1/bench_2280.smt2,Bitwuzla,1,0.2721874828566797,0.26766515988856554,,0.004522,0
QF_BV/sage/app8/bench_2936.smt2,STP,1,0.2473868800443597,0.24674206203781068,,0.000645,0
QF_BV/20210219-Sydr/master/cjpeg/predicate_849.smt2,Yices2,1,0.23837359005119652,0.22336563910357654,,0.015008,0
QF_BV/sage/app7/bench_6747.smt2,Yices2,1,0.5781121570034884,0.38955676299519837,,0.188555,0
QF_BV/sage/app7/bench_7424.smt2,Yices2,1,0.6532162830699235,0.46679518208839,,0.186421,0
QF_BV/sage/app12/bench_5334.smt2,Yices2,1,0.24501507205422968,0.24134448706172407,,0.003671,0
QF_BV/20221012-MCMPC/dualexecution_affine/dualexecution_affine.t1.i9.7bd47fd9.smt2,Yices2,1,0.39964804804185405,0.3099925350397825,,0.089656,0
QF_BV/sage/app11/bench_360.smt2,Yices2,1,0.4035827420302667,0.32750493404455483,,0.076078,0
QF_BV/Sage2/bench_6031.smt2,Yices2,1,4.977425487071741,4.864604013040662,,0.112821,0
QF_BV/sage/app1/bench_1163.smt2,STP,1,0.3352658880758099,0.33305181306786835,,0.002214,0
QF_BV/Sage2/bench_7123.smt2,STP,1,0.27671832306077704,0.2714182890485972,,0.005300,0
QF_BV/Sage2/bench_12251.smt2,Bitwuzla,1,0.30690546793630347,0.2865018139127642,,0.020404,0
QF_BV/Sage2/bench_1677.smt2,STP,1,0.31579258799320087,0.3116119420155883,,0.004181,0
QF_BV/20190311-bv-term-small-rw-Noetzli/bv-term-small-rw_1220.smt2,STP,1,0.2151102091302164,0.21463357214815915,,0.000477,0
QF_BV/Sage2/bench_7594.smt2,Yices2,1,0.6016894319909625,0.42628927901387215,,0.175400,0
QF_BV/Sage2/bench_15532.smt2,STP,1,0.28171752498019487,0.2783219600096345,,0.003396,0
QF_BV/20221012-MCMPC/wage/wage.t1.i32.82f31d16.smt2,Bitwuzla,1,0.25612348096910864,0.2547439669724554,,0.001380,0
QF_BV/Sage2/bench_7063.smt2,Yices2,1,0.25794573908206075,0.23822434805333614,,0.019721,0
QF_BV/20221012-MCMPC/millionaires/millionaires.t1.i52.7b9769c8.smt2,Yices2,1,0.21583632502006367,0.21371310902759433,,0.002123,0
QF_BV/20221012-MCMPC/dualexecution_affine/dualexecution_affine.t1.i12.85f1e2c6.smt2,Yices2,1,0.3324509601225145,0.2655540250707418,,0.066897,0
QF_BV/Sage2/bench_11993.smt2,Yices2,1,0.27440976997604594,0.24302454199641943,,0.031385,0
QF_BV/bruttomesso/lfsr/lfsr_008_127_016.smt2,STP,1,2.627816322899889,2.6258836009074003,,0.001933,0
QF_BV/sage/app7/bench_190.smt2,Yices2,1,0.647280813776888,0.4647960898000747,,0.182485,0
QF_BV/20221012-MCMPC/millionaires/millionaires.t1.i64.3c9d67a6.smt2,Yices2,1,0.2169592379941605,0.21510845399461687,,0.001851,0
QF_BV/sage/app8/bench_1924.smt2,STP,1,0.955915346974507,0.9550806370098144,,0.000835,0
QF_BV/sage/app1/bench_2310.smt2,Bitwuzla,1,0.5239421580918133,0.5195306111127138,,0.004412,0
QF_BV/20221012-MCMPC/millionaires/millionaires.t1.i17.1cff7920.smt2,STP,1,0.2276449840865098,0.22634191112592816,,0.001303,0
QF_BV/20221012-MCMPC/wage/wage.t1.i27.181f4ff5.smt2,Bitwuzla,1,0.269017074839212,0.2675030818209052,,0.001514,0
QF_BV/20221214-p4dfa-XiaoqiChen/StringMatching/string4x16.7._bit16_na6_nr4_paired.smt2,Yices2,0,1200.0,1201.465333516011,,0.498103,0
QF_BV/20221012-MCMPC/wage_circuit_div/wage_circuit_div.t1.i28.3baf23ab.smt2,STP,1,0.26379970606649294,0.26215484202839434,,0.001645,0
QF_BV/Sage2/bench_10408.smt2,STP,1,0.23201140307355672,0.2298262300901115,,0.002185,0
QF_BV/Sage2/bench_13614.smt2,Bitwuzla,1,3.0671960439067334,3.030955141875893,,0.036241,0
QF_BV/Sage2/bench_1439.smt2,STP,1,7.529391093936283,7.527416375931352,,0.001975,0
QF_BV/sage/app1/bench_2313.smt2,Yices2,1,0.22354888101108372,0.22219781600870192,,0.001351,0
QF_BV/20190311-bv-term-small-rw-Noetzli/bv-term-small-rw_1448.smt2,STP,1,0.2617211370379664,0.26126263407059014,,0.000459,0
QF_BV/Sage2/bench_16316.smt2,STP,1,0.28618273802567273,0.28010845300741494,,0.006074,0
QF_BV/Sage2/bench_12305.smt2,STP,1,0.28961047396296635,0.28338874597102404,,0.006222,0
QF_BV/sage/app7/bench_242.smt2,Yices2,1,0.5571583191631362,0.36336741014383733,,0.193791,0
QF_BV/20210219-Sydr/symbolic_memory/nested/readelf/predicate_2538.smt2,Yices2,1,1.1812773970304988,1.0264727440662682,,0.154805,0
QF_BV/20190311-bv-term-small-rw-Noetzli/bv-term-small-rw_1346.smt2,STP,1,0.2149621150456369,0.21452918904833496,,0.000433,0
QF_BV/spear/samba_v3.0.24/bin_libsmbclient_vc1225054.smt2,Bitwuzla,1,0.46345546591328457,0.45899081393145025,,0.004465,0
QF_BV/Sage2/bench_5465.smt2,Yices2,1,1.6353024480049498,1.5362870190292597,,0.099015,0
QF_BV/Sage2/bench_8115.smt2,STP,1,0.2685097090434283,0.2640768480487168,,0.004433,0
QF_BV/Sage2/bench_2444.smt2,STP,1,33.628373805840965,33.62670184485614,,0.001672,0
QF_BV/Sage2/bench_3096.smt2,STP,1,12.027434049057774,12.02604119409807,,0.001393,0
QF_BV/sage/app12/bench_5547.smt2,Yices2,1,0.24293917696923018,0.23952689999714494,,0.003412,0
QF_BV/sage/app1/bench_1117.smt2,STP,1,0.23768077115528286,0.2351563221309334,,0.002524,0
QF_BV/20210219-Sydr/master/cjpeg/predicate_1989.smt2,Yices2,1,0.27057674108073115,0.23662165505811572,,0.033955,0
QF_BV/Sage2/bench_5984.smt2,Yices2,1,1.9682815788546577,1.8783613538835198,,0.089920,0
QF_BV/asp/GeneralizedSlitherlink/altair1.54.asp.smt2,Yices2,1,4.694609492144082,4.457709706155583,,0.236900,0
QF_BV/sage/app7/bench_459.smt2,Yices2,1,0.787591629952658,0.539752566954121,,0.247839,0
QF_BV/Sage2/bench_12985.smt2,STP,1,0.27865353401284665,0.2735756270121783,,0.005078,0
QF_BV/20221012-MCMPC/millionaires/millionaires.t1.i20.ea24dc0e.smt2,Bitwuzla,1,0.25787139107706025,0.2555781020782888,,0.002293,0
QF_BV/spear/samba_v3.0.24/bin_libsmbsharemodes_vc6347.smt2,Yices2,1,0.6543137280386873,0.6405597820412368,,0.013754,0
QF_BV/Sage2/bench_15345.smt2,STP,1,0.23923214414389804,0.23579140612855554,,0.003441,0
QF_BV/Sage2/bench_769.smt2,STP,1,8.775196456175763,8.54127908218652,,0.233917,0
QF_BV/Sage2/bench_1351.smt2,STP,1,46.130316466034856,46.12849750602618,,0.001819,0
QF_BV/Sage2/bench_14125.smt2,STP,1,0.2296631391509436,0.228237375151366,,0.001426,0
QF_BV/Sage2/bench_17539.smt2,Yices2,1,0.24468697205884382,0.23773324000649154,,0.006954,0
QF_BV/bruttomesso/lfsr/lfsr_008_111_048.smt2,STP,1,4.721848618064541,4.717333089094609,,0.004516,0
QF_BV/Sage2/bench_4871.smt2,STP,1,10.93781966593815,10.936164784943685,,0.001655,0
QF_BV/float/add_01_10_4.smt2,Yices2,1,5.658898788911756,5.6518761029001325,,0.007023,0
QF_BV/20210219-Sydr/symbolic_memory/linear/minigzip/predicate_642.smt2,Yices2,1,1.1747526869294234,1.0164220959413797,,0.158331,0
QF_BV/bruttomesso/core/ext_con_056_016_0064.smt2,cvc5,1,0.6501788597670384,0.6405273918062449,,0.009651,0
QF_BV/Sage2/bench_1734.smt2,STP,1,21.811684652930126,21.809927915921435,,0.001757,0
QF_BV/Sage2/bench_3785.smt2,STP,1,0.8620691609685309,0.8427401860244572,,0.019329,0
QF_BV/sage/app7/bench_2096.smt2,Yices2,1,0.30294352397322655,0.25138938799500465,,0.051554,0
QF_BV/sage/app7/bench_21.smt2,Yices2,1,0.651045247039292,0.4641285140533,,0.186917,0
QF_BV/sage/app7/bench_2120.smt2,Yices2,1,0.31101400312036276,0.25896402611397207,,0.052050,0
QF_BV/Sage2/bench_16419.smt2,Bitwuzla,1,42.340441078995354,42.292353498982266,,0.048088,0
QF_BV/sage/app1/bench_443.smt2,STP,1,0.4816044340841472,0.47839396307244897,,0.003210,0
QF_BV/20190311-bv-term-small-rw-Noetzli/bv-term-small-rw_927.smt2,STP,1,0.2124773840769194,0.212076687021181,,0.000401,0
QF_BV/20221012-MCMPC/millionaires/millionaires.t1.i24.3bcccbc4.smt2,Bitwuzla,1,0.25367554888362065,0.25153873790986836,,0.002137,0
QF_BV/Sage2/bench_6926.smt2,Bitwuzla,1,3.466197090863716,3.4313022948335856,,0.034895,0
QF_BV/sage/app7/bench_8622.smt2,Yices2,1,0.6525307751726359,0.46572732413187623,,0.186803,0
QF_BV/Sage2/bench_16447.smt2,Bitwuzla,1,0.47070873191114515,0.44523158692754805,,0.025477,0
QF_BV/Sage2/bench_8468.smt2,STP,1,44.92571627884172,44.81557335983962,,0.110143,0
QF_BV/Sage2/bench_5235.smt2,STP,1,16.671810532046948,16.670308995060623,,0.001502,0
QF_BV/uclid/catchconv/convert-jpg2gif-query-1203.smt2,Yices2,1,0.32163915410637856,0.2760049521457404,,0.045634,0
QF_BV/brummayerbiere2/smulov1bw08.smt2,STP,1,0.40606969594955444,0.40550941694527864,,0.000560,0
QF_BV/float/sine.5.0.i.smt2,Bitwuzla,1,0.6554000020842068,0.6485519290436059,,0.006848,0
QF_BV/sage/app7/bench_65.smt2,Yices2,1,0.6617891288478859,0.46906518982723355,,0.192724,0
QF_BV/Sage2/bench_4488.smt2,Yices2,1,0.37375671812333167,0.32604678510688245,,0.047710,0
QF_BV/20221012-MCMPC/millionaires/millionaires.t4.i32.e4c75cf4.smt2,Yices2,1,0.2522953630541451,0.24804250802844763,,0.004253,0
QF_BV/Sage2/bench_14411.smt2,STP,1,0.46280853205826133,0.449130502063781,,0.013678,0
QF_BV/Sage2/bench_14909.smt2,STP,1,0.29048322490416467,0.28463332587853074,,0.005850,0
QF_BV/sage/app11/bench_5.smt2,Yices2,1,0.39071347907884046,0.3131937400903553,,0.077520,0
QF_BV/sage/app9/bench_1432.smt2,STP,1,0.228375808801502,0.22779034078121185,,0.000585,0
QF_BV/20221012-MCMPC/millionaires/millionaires.t4.i50.5393f374.smt2,Yices2,1,0.22381315409438685,0.21949473908171058,,0.004318,0
QF_BV/sage/app7/bench_1995.smt2,Yices2,1,0.31653245707275346,0.2589158280752599,,0.057617,0
QF_BV/20221012-MCMPC/millionaires/millionaires.t1.i18.75f52649.smt2,Bitwuzla,1,0.2581502569373697,0.2560241159517318,,0.002126,0
QF_BV/Sage2/bench_3726.smt2,STP,1,0.3870506777893752,0.37923187180422246,,0.007819,0
QF_BV/20221012-MCMPC/wage/wage.t1.i26.2d0fc94c.smt2,Bitwuzla,1,0.2507431581034325,0.24894731515087187,,0.001796,0
QF_BV/Sage2/bench_15735.smt2,Bitwuzla,1,82.73584220011253,82.71917563211173,,0.016667,0
QF_BV/20221012-MCMPC/sugarbeets/sugarbeets.t1.i28.d1880023.smt2,Yices2,1,0.5112852439051494,0.4988754529040307,,0.012410,0
QF_BV/20221012-MCMPC/dualexecution/dualexecution.t1.i6.3394b5b0.smt2,Yices2,1,0.3920977169764228,0.31271128496155143,,0.079386,0
QF_BV/sage/app12/bench_3291.smt2,Yices2,1,0.2492114551132545,0.24530242709442973,,0.003909,0
QF_BV/asp/HierarchicalClustering/xy.12.x.12.r.4.274529373.784913.data_k=4_l=4_sat.gph.smt2,STP,1,8.680412728106603,8.599188333144411,,0.081224,0
QF_BV/20210312-Bouvier/vlsat3_g95.smt2,Bitwuzla,1,20.277220753894653,20.169808429898694,,0.107412,0
QF_BV/20221012-MCMPC/millionaires/millionaires.t1.i23.153d312b.smt2,Bitwuzla,1,0.27849876694381237,0.2762399909552187,,0.002259,0
QF_BV/20210219-Sydr/master/yices/predicate_4109.smt2,STP,1,0.9100046189269051,0.8197343968786299,,0.090270,0
QF_BV/spear/cvs_v1.11.22/cvs_vc105413.smt2,STP,1,0.5581847370485775,0.5526599660515785,,0.005525,0
QF_BV/Sage2/bench_13873.smt2,Yices2,1,1.3004753229324706,1.2047484999056906,,0.095727,0
QF_BV/Sage2/bench_14220.smt2,STP,1,0.2205914508085698,0.2180189078208059,,0.002573,0
QF_BV/sage/app7/bench_1795.smt2,Yices2,1,0.33362892997683957,0.26390514499507844,,0.069724,0
QF_BV/20221012-MCMPC/dualexecution/dualexecution.t1.i2.4a42c922.smt2,Yices2,1,0.3826921149739064,0.2889563769567758,,0.093736,0
QF_BV/sage/app7/bench_1842.smt2,Yices2,1,0.3332694639102556,0.26546863187104464,,0.067801,0
QF_BV/Sage2/bench_10046.smt2,Bitwuzla,1,0.3563526010257192,0.34522342099808156,,0.011129,0
QF_BV/Sage2/bench_6616.smt2,STP,1,1.8776082920376211,1.8728235620073974,,0.004785,0
QF_BV/20221214-p4dfa-XiaoqiChen/StringMatching/string4x16.8._bit16_na6_nr4_paired.smt2,Yices2,0,1200.0,1201.3838087229524,,0.276218,0
QF_BV/20210312-Bouvier/vlsat3_g40.smt2,Bitwuzla,1,20.09279519401025,19.9657362930011,,0.127059,0
QF_BV/bruttomesso/lfsr/lfsr_008_111_080.smt2,Yices2,1,7.845917959173676,7.838581862160936,,0.007336,0
QF_BV/20210219-Sydr/master/readelf/predicate_520.smt2,Bitwuzla,1,0.23865595110692084,0.2365291090682149,,0.002127,0
QF_BV/20221012-MCMPC/wage/wage.t1.i23.5f8fe7b3.smt2,Bitwuzla,1,0.2803032590309158,0.2785426720511168,,0.001761,0
QF_BV/20221012-MCMPC/millionaires/millionaires.t1.i24.b8551fec.smt2,Bitwuzla,1,0.2693508709780872,0.26696509099565446,,0.002386,0
QF_BV/20221012-MCMPC/dualexecution_affine/dualexecution.t1.i32.e3ba0737.smt2,Yices2,1,1.504402392951306,0.9165058929938823,,0.587896,0
QF_BV/Sage2/bench_3459.smt2,STP,1,9.293981192982756,9.29214861500077,,0.001833,0
QF_BV/Sage2/bench_4073.smt2,Yices2,1,0.5561088197864592,0.4480739748105407,,0.108035,0
QF_BV/sage/app7/bench_950.smt2,Yices2,1,0.4650995319825597,0.3196625499986112,,0.145437,0
QF_BV/sage/app7/bench_2006.smt2,Yices2,1,0.3209484330145642,0.2639938329812139,,0.056955,0
QF_BV/sage/app7/bench_5725.smt2,Yices2,1,0.6778597200172953,0.4772801899816841,,0.200580,0
QF_BV/sage/app7/bench_5858.smt2,Yices2,1,0.7164757000864483,0.518788400106132,,0.197687,0
QF_BV/Sage2/bench_12821.smt2,Bitwuzla,1,5.872497621108778,5.862627705093473,,0.009870,0
QF_BV/sage/app8/bench_762.smt2,STP,1,0.37449582293629646,0.371933463960886,,0.002562,0
QF_BV/20230221-oisc-gurtner/AND-NESTED-32-32-src-sp-not-excluded.smt2,Yices2,0,107.20235324307578,103.028303533094,,4.174050,0
QF_BV/Sage2/bench_8318.smt2,STP,1,0.259722945978865,0.2565206210128963,,0.003202,0
QF_BV/spear/samba_v3.0.24/bin_libmsrpc_vc1225811.smt2,Yices2,1,0.8556651851395145,0.8396600091364235,,0.016005,0
QF_BV/asp/GeneralizedSlitherlink/trisquares.40.asp.smt2,STP,1,8.684120018093381,8.440507868072018,,0.243612,0
QF_BV/Sage2/bench_13208.smt2,Yices2,1,2.2004634219338186,2.0902595219668,,0.110204,0
QF_BV/Sage2/bench_15529.smt2,STP,1,0.3046096997568384,0.3001349507831037,,0.004475,0
QF_BV/Sage2/bench_27.smt2,Bitwuzla,1,0.23582561599323526,0.23310160101391375,,0.002724,0
QF_BV/spear/samba_v3.0.24/bin_libsmbclient_vc1225740.smt2,Yices2,1,0.6603151530725881,0.642767301062122,,0.017548,0
QF_BV/20190311-bv-term-small-rw-Noetzli/bv-term-small-rw_747.smt2,STP,1,0.2532900829683058,0.2528932229615748,,0.000397,0
QF_BV/Sage2/bench_7856.smt2,Yices2,1,0.286621370119974,0.26052538212388754,,0.026096,0
QF_BV/spear/samba_v3.0.24/bin_eventlogadm_vc331229.smt2,Yices2,1,1.2767312790383585,1.248481733025983,,0.028250,0
QF_BV/20221012-MCMPC/millionaires/millionaires.t1.i15.e26eae03.smt2,Bitwuzla,1,0.2546220710501075,0.25149863003753126,,0.003123,0
QF_BV/20221012-MCMPC/millionaires/millionaires.t1.i61.9f61ed89.smt2,Yices2,1,0.21694729779846966,0.21483403979800642,,0.002113,0
QF_BV/asp/BlockedNQueens/156.48.1960.36.1721259656.dat.smt2,Yices2,1,3.1686260290443897,3.1389333840925246,,0.029693,0
QF_BV/Sage2/bench_12969.smt2,Yices2,1,0.6499304650933482,0.4588225120678544,,0.191108,0
QF_BV/sage/app1/bench_1348.smt2,Yices2,1,0.250130730913952,0.24487118190154433,,0.005260,0
QF_BV/bruttomesso/core/ext_con_024_256_1024.smt2,Yices2,1,3.5423821789445356,3.4765659559052438,,0.065816,0
QF_BV/20221012-MCMPC/dualexecution_affine/dualexecution_affine.t1.i6.77df4f9c.smt2,Yices2,1,0.8891402140143327,0.5170796220190823,,0.372061,0
QF_BV/spear/samba_v3.0.24/bin_libsmbsharemodes_vc5303.smt2,Bitwuzla,1,0.5702141360961832,0.5627868310548365,,0.007427,0
QF_BV/Sage2/bench_9305.smt2,Yices2,1,0.4679403690388426,0.3699670110363513,,0.097973,0
QF_BV/20210312-Bouvier/vlsat3_a91.smt2,Bitwuzla,1,463.7678955111187,463.58582216710784,,0.182073,0
QF_BV/asp/BlockedNQueens/156.48.1960.36.1721345259.dat.smt2,Yices2,1,3.5350017960299738,3.5045515280216932,,0.030450,0
QF_BV/spear/samba_v3.0.24/bin_libsmbsharemodes_vc5221.smt2,Bitwuzla,1,0.45363978802924976,0.4503482240252197,,0.003292,0
QF_BV/20221012-MCMPC/dualexecution_affine/dualexecution.t1.i16.e7c172b6.smt2,Yices2,1,0.23125643300591037,0.22297713602893054,,0.008279,0
QF_BV/sage/app1/bench_2193.smt2,Yices2,1,0.3425061721354723,0.3377791701350361,,0.004727,0
QF_BV/asp/Labyrinth/laby_18_18_11.lp.smt2,STP,1,791.112129257177,789.6816589671653,,1.430470,0
QF_BV/20221012-MCMPC/millionaires/millionaires.t1.i44.a31cc9ef.smt2,Yices2,1,0.2178752810577862,0.21570282406173646,,0.002172,0
QF_BV/spear/inn_v2.4.3/nnrpd_nnrpd_vc20512.smt2,Bitwuzla,1,0.32923246396239847,0.3282774109393358,,0.000955,0
QF_BV/sage/app7/bench_585.smt2,Yices2,1,0.5621849079616368,0.38071585400030017,,0.181469,0
QF_BV/Sage2/bench_2464.smt2,Yices2,1,0.45478412992088124,0.3635753719136119,,0.091209,0
QF_BV/20221012-MCMPC/mean_buckets/mean_buckets.t1.i19.80c2f5de.smt2,STP,1,0.344636426132638,0.3416902411263436,,0.002946,0
QF_BV/bruttomesso/lfsr/lfsr_004_111_096.smt2,STP,1,4.152102917956654,4.147565037943423,,0.004538,0
QF_BV/sage/app1/bench_2241.smt2,Bitwuzla,1,0.23880891595035791,0.23424763092771173,,0.004561,0
QF_BV/spear/samba_v3.0.24/bin_eventlogadm_vc354411.smt2,Bitwuzla,1,0.9694309180486016,0.9509139070287347,,0.018517,0
QF_BV/Sage2/bench_180.smt2,Yices2,1,0.6569605300901458,0.43568214611150324,,0.221278,0
QF_BV/sage/app7/bench_168.smt2,Yices2,1,0.6786361651029438,0.4908379791304469,,0.187798,0
QF_BV/bruttomesso/core/ext_con_028_002_1024.smt2,STP,1,3.677506023203023,3.676449765218422,,0.001056,0
QF_BV/sage/app7/bench_737.smt2,Yices2,1,0.5145829942193814,0.34310364723205566,,0.171479,0
QF_BV/sage/app11/bench_466.smt2,Yices2,1,0.3834395900485106,0.3074710180517286,,0.075969,0
QF_BV/Sage2/bench_13458.smt2,Bitwuzla,1,2.9152101358631626,2.882345534861088,,0.032865,0
QF_BV/20221012-MCMPC/wage_circuit_div/wage_circuit_div.t1.i19.d0149f16.smt2,STP,1,0.23409781488589942,0.2322520308662206,,0.001846,0
QF_BV/sage/app7/bench_5558.smt2,Yices2,1,0.732806161919143,0.485721587901935,,0.247085,0
QF_BV/bruttomesso/core/ext_con_048_016_0512.smt2,STP,1,2.421422967046965,2.4128941390663385,,0.008529,0
QF_BV/uclid/catchconv/convert-jpg2gif-query-1338.smt2,Yices2,1,0.36676262685796246,0.31563042290508747,,0.051132,0
QF_BV/20210219-Sydr/master/cjpeg/predicate_291.smt2,Bitwuzla,1,0.3291315198293887,0.3231549938209355,,0.005977,0
QF_BV/spear/samba_v3.0.24/bin_eventlogadm_vc330967.smt2,Bitwuzla,1,0.41303371801041067,0.4093912129756063,,0.003643,0
QF_BV/20210219-Sydr/master/cjpeg/predicate_2075.smt2,Yices2,1,0.43182265799259767,0.3957909899763763,,0.036032,0
QF_BV/bruttomesso/core/ext_con_020_032_0256.smt2,STP,1,1.1742233850527555,1.1670410430524498,,0.007182,0
QF_BV/20221012-MCMPC/millionaires/millionaires.t1.i48.73a76b92.smt2,Yices2,1,0.21730049489997327,0.21512758685275912,,0.002173,0
QF_BV/sage/app7/bench_8594.smt2,Yices2,1,0.680826805124525,0.4913285900838673,,0.189498,0
QF_BV/sage/app2/bench_493.smt2,Yices2,1,0.28654356906190515,0.26584648503921926,,0.020697,0
QF_BV/sage/app7/bench_3359.smt2,Yices2,1,0.7797859020647593,0.5362061250489205,,0.243580,0
QF_BV/bruttomesso/core/ext_con_056_008_0032.smt2,STP,1,0.4364960271050222,0.4310534300748259,,0.005443,0
QF_BV/sage/app12/bench_2542.smt2,STP,1,0.3887403509579599,0.38703055097721517,,0.001710,0
QF_BV/sage/app1/bench_119.smt2,STP,1,0.22011147817829624,0.21926105115562677,,0.000850,0
QF_BV/20221012-MCMPC/dualexecution/dualexecution.t1.i12.1b1ab8e0.smt2,Yices2,1,0.23273384582716972,0.22260918584652245,,0.010125,0
QF_BV/bruttomesso/core/ext_con_044_016_1024.smt2,STP,1,4.686518897069618,4.678428953047842,,0.008090,0
QF_BV/sage/app7/bench_342.smt2,Yices2,1,0.6456923090736382,0.45819577504880726,,0.187497,0
QF_BV/2019-Wolf-fmbench/2019A/picorv32_mutBX_QF_BV_NONINCR.smt2,Yices2,1,75.2811969970935,75.08856351510622,,0.192633,0
QF_BV/brummayerbiere3/icbrtorinvalidvc.smt2,STP,1,0.2993927570641972,0.2986335400491953,,0.000759,0
QF_BV/sage/app7/bench_850.smt2,Yices2,1,0.5172355070826598,0.36237673508003354,,0.154859,0
QF_BV/Sage2/bench_2719.smt2,STP,1,10.304273539979476,10.302941808011383,,0.001332,0
QF_BV/20221012-MCMPC/mean_buckets/mean_buckets.t1.i12.38e3d0a5.smt2,STP,1,0.3230075738974847,0.3196752069052309,,0.003332,0
QF_BV/20221012-MCMPC/millionaires/millionaires.t1.i44.e090037d.smt2,Yices2,1,0.2177531237830408,0.21559931081719697,,0.002154,0
QF_BV/Sage2/bench_11398.smt2,Yices2,1,0.2747411669115536,0.26094214292243123,,0.013799,0
QF_BV/20221012-MCMPC/millionaires/millionaires.t2.i21.fb2f18b1.smt2,Yices2,1,0.22082491999026388,0.21793310600332916,,0.002892,0
QF_BV/spear/samba_v3.0.24/bin_eventlogadm_vc351365.smt2,Yices2,1,0.7409745079930872,0.7017822579946369,,0.039192,0
QF_BV/20221012-MCMPC/mean_buckets/mean_buckets.t1.i26.d78fb402.smt2,STP,1,0.31966768187703565,0.31717919185757637,,0.002488,0
QF_BV/challenge/multiplyOverflow.smt2,STP,1,372.62069130002055,372.62023680703714,,0.000454,0
QF_BV/Sage2/bench_935.smt2,Yices2,1,0.5499491412192583,0.44922258821316063,,0.100727,0
QF_BV/20221012-MCMPC/millionaires/millionaires.t1.i61.375b23a6.smt2,Yices2,1,0.23007293610135093,0.22817579610273242,,0.001897,0
QF_BV/sage/app7/bench_1058.smt2,Yices2,1,0.7808891648892313,0.5389492178801447,,0.241940,0
QF_BV/20221012-MCMPC/millionaires/millionaires.t1.i14.f3ede8c8.smt2,Bitwuzla,1,0.2603706340887584,0.2581540350802243,,0.002217,0
QF_BV/Sage2/bench_16733.smt2,STP,1,0.281008608173579,0.2764147771522403,,0.004594,0
QF_BV/bruttomesso/core/ext_con_036_001_0128.smt2,STP,1,0.4764168809633702,0.4755892569664866,,0.000828,0
QF_BV/sage/app7/bench_7980.smt2,Yices2,1,0.5696155540063046,0.3794174350332469,,0.190198,0
QF_BV/sage/app7/bench_286.smt2,Yices2,1,0.6439869529567659,0.46008172794245183,,0.183905,0
QF_BV/Sage2/bench_3704.smt2,Yices2,1,2.4638012361247092,2.4570449450984597,,0.006756,0
QF_BV/Sage2/bench_3447.smt2,STP,1,11.544151128910016,11.542486019898206,,0.001665,0
QF_BV/sage/app1/bench_2101.smt2,Yices2,1,0.24339715408859774,0.23877174011431634,,0.004625,0
QF_BV/bruttomesso/lfsr/lfsr_002_015_032.smt2,STP,1,0.5574184868019074,0.5561637408100069,,0.001255,0
QF_BV/sage/app1/bench_2423.smt2,Bitwuzla,1,0.3724219207651913,0.3679698877967894,,0.004452,0
QF_BV/Sage2/bench_4170.smt2,Yices2,1,0.5925861691357568,0.4364468411076814,,0.156139,0
QF_BV/float/square.7.0.i.smt2,Yices2,1,2.0782872900599614,2.07081416901201,,0.007473,0
QF_BV/Sage2/bench_11610.smt2,STP,1,0.2443068510037847,0.24096834799274802,,0.003339,0
QF_BV/spear/samba_v3.0.24/bin_libsmbsharemodes_vc5300.smt2,Bitwuzla,1,0.5498021100647748,0.5418717700522393,,0.007930,0
QF_BV/Sage2/bench_4524.smt2,STP,1,1.1868012540508062,1.155242688022554,,0.031559,0
QF_BV/Sage2/bench_1437.smt2,STP,1,0.3415196430287324,0.3395957690663636,,0.001924,0
QF_BV/Sage2/bench_15186.smt2,STP,1,0.27982392214471474,0.2749497371260077,,0.004874,0
QF_BV/20221012-MCMPC/millionaires/millionaires.t1.i9.b9d51cbc.smt2,Bitwuzla,1,0.26101698010461405,0.25845239008776844,,0.002565,0
QF_BV/bruttomesso/lfsr/lfsr_004_143_048.smt2,Yices2,1,3.205785194062628,3.202424616087228,,0.003361,0
QF_BV/20221012-MCMPC/wage/wage.t1.i34.f9d53c83.smt2,Bitwuzla,1,0.25506904389476404,0.25360387191176414,,0.001465,0
QF_BV/float/div3.c.50.smt2,Yices2,1,7.200633784988895,7.158788227010518,,0.041846,0
QF_BV/20210219-Sydr/symbolic_memory/bst/yices/predicate_2921_0.smt2,Yices2,1,1.2542017189553007,0.8398012949619442,,0.414400,0
QF_BV/sage/app12/bench_3590.smt2,STP,1,0.3832086979527958,0.3817528479266912,,0.001456,0
QF_BV/Sage2/bench_10624.smt2,Yices2,1,0.5771084650768898,0.3925981230568141,,0.184510,0
QF_BV/Sage2/bench_14089.smt2,STP,1,0.29011383914621547,0.2843880821019411,,0.005726,0
QF_BV/pspace/ndist.b.20998.smt2,STP,1,0.8752164848847315,0.8736978399101645,,0.001519,0
QF_BV/spear/samba_v3.0.24/bin_libsmbsharemodes_vc4295.smt2,Bitwuzla,1,0.4723971370840445,0.4674277270678431,,0.004969,0
QF_BV/20210312-Bouvier/vlsat3_g53.smt2,Bitwuzla,1,16.485838007065468,16.367497195024043,,0.118341,0
QF_BV/sage/app7/bench_1859.smt2,Yices2,1,0.33355666091665626,0.2639327079523355,,0.069624,0
QF_BV/Sage2/bench_996.smt2,STP,1,1.3929405029048212,1.3856029328890145,,0.007338,0
QF_BV/sage/app7/bench_6391.smt2,Yices2,1,0.6693574250093661,0.4730941499583423,,0.196263,0
QF_BV/sage/app11/bench_327.smt2,Yices2,1,0.41085995209869,0.33460075012408197,,0.076259,0
QF_BV/sage/app7/bench_805.smt2,Yices2,1,0.48548366996692494,0.3320924199651927,,0.153391,0
QF_BV/sage/app7/bench_2127.smt2,Yices2,1,0.30134365090634674,0.25052785291336477,,0.050816,0
QF_BV/sage/app11/bench_529.smt2,Yices2,1,0.38446683099027723,0.30959993903525174,,0.074867,0
QF_BV/sage/app1/bench_1877.smt2,Yices2,1,0.9654787019826472,0.9603575100190938,,0.005121,0
QF_BV/Sage2/bench_12298.smt2,Yices2,1,1.1306478370679542,1.0959617930930108,,0.034686,0
QF_BV/20210219-Sydr/master/cjpeg/predicate_425.smt2,Yices2,1,0.4357326309545897,0.4273792919702828,,0.008353,0
QF_BV/Sage2/bench_2468.smt2,STP,1,18.21598316699965,18.214396313996986,,0.001587,0
QF_BV/Sage2/bench_14304.smt2,Bitwuzla,1,13.808552502014209,13.728369317017496,,0.080183,0
QF_BV/Sage2/bench_13513.smt2,STP,1,0.31139968312345445,0.3051097150892019,,0.006290,0
QF_BV/bruttomesso/core/ext_con_036_064_0512.smt2,Yices2,1,1.8411228290060535,1.816520299995318,,0.024603,0
QF_BV/sage/app11/bench_543.smt2,Yices2,1,0.3785332089755684,0.3030963889323175,,0.075437,0
QF_BV/20221012-MCMPC/dualexecution_affine/dualexecution_affine.t1.i12.a608dae1.smt2,Yices2,1,0.3508131409762427,0.275317613966763,,0.075496,0
QF_BV/20221012-MCMPC/millionaires/millionaires.t1.i39.f6bb0b9d.smt2,Yices2,1,0.21779359714128077,0.2155934281181544,,0.002200,0
QF_BV/sage/app7/bench_1616.smt2,STP,1,0.21562353300396353,0.21489520301111042,,0.000728,0
QF_BV/Sage2/bench_1101.smt2,STP,1,10.621108962863218,10.618886960903183,,0.002222,0
QF_BV/20221012-MCMPC/millionaires/millionaires.t2.i51.8074bbc8.smt2,Yices2,1,0.24163432890782133,0.23884020489640534,,0.002794,0
QF_BV/20210219-Sydr/master/yices/predicate_4285.smt2,STP,1,0.8464412788162008,0.7498797518201172,,0.096562,0
QF_BV/Sage2/bench_3762.smt2,STP,1,0.9402122991741635,0.917264053132385,,0.022948,0
QF_BV/Sage2/bench_967.smt2,Yices2,1,1.8448055080953054,1.4829857361037284,,0.361820,0
QF_BV/20221012-MCMPC/millionaires/millionaires.t1.i22.a662e84c.smt2,STP,1,0.22164676908869296,0.22042144904844463,,0.001225,0
QF_BV/uclid/catchconv/convert-jpg2gif-query-1164.smt2,Yices2,1,0.2887152300099842,0.25107714999467134,,0.037638,0
QF_BV/sage/app1/bench_195.smt2,Bitwuzla,1,0.24855585995828733,0.24485329701565206,,0.003703,0
QF_BV/20221012-MCMPC/dualexecution_affine/dualexecution_affine.t1.i7.fbceaf5c.smt2,Yices2,1,0.3660200138692744,0.2958874278701842,,0.070133,0
QF_BV/20221012-MCMPC/mean_buckets/mean_buckets.t1.i8.2b1e6b69.smt2,STP,1,0.3438684351858683,0.3402791451662779,,0.003589,0
QF_BV/Sage2/bench_15959.smt2,Yices2,1,1.624985329050105,1.5911284040194005,,0.033857,0
QF_BV/20221012-MCMPC/dualexecution_affine/dualexecution_affine.t1.i9.04b5845b.smt2,Yices2,1,0.3747307588928379,0.28515709191560745,,0.089574,0
QF_BV/sage/app1/bench_2441.smt2,Bitwuzla,1,0.2690363088622689,0.26485953689552844,,0.004177,0
QF_BV/sage/app7/bench_991.smt2,Yices2,1,0.7759769930853508,0.5360881721135229,,0.239889,0
QF_BV/sage/app11/bench_266.smt2,Yices2,1,0.3813626989722252,0.30535826296545565,,0.076004,0
QF_BV/20221012-MCMPC/millionaires/millionaires.t1.i30.626e8799.smt2,Yices2,1,0.2150490310159512,0.2128560959827155,,0.002193,0
QF_BV/20190311-bv-term-small-rw-Noetzli/bv-term-small-rw_651.smt2,STP,1,0.21458388702012599,0.21418975200504065,,0.000394,0
QF_BV/Sage2/bench_7130.smt2,STP,1,0.554881940886844,0.5519021688960493,,0.002980,0
QF_BV/20221012-MCMPC/millionaires/millionaires.t1.i25.c9fce6bb.smt2,Bitwuzla,1,0.2593884230591357,0.2570927480701357,,0.002296,0
QF_BV/20221012-MCMPC/dualexecution_affine/dualexecution.t1.i15.c263bae8.smt2,Yices2,1,1.284585643967148,0.7360049129929394,,0.548581,0
QF_BV/Sage2/bench_3218.smt2,STP,1,29.74613285495434,29.74442383600399,,0.001709,0
QF_BV/20190311-bv-term-small-rw-Noetzli/bv-term-small-rw_783.smt2,STP,1,0.21808323980076239,0.2177009368315339,,0.000382,0
QF_BV/spear/samba_v3.0.24/bin_eventlogadm_vc351371.smt2,Yices2,1,1.752428537060041,1.702476724050939,,0.049952,0
QF_BV/Sage2/bench_10573.smt2,STP,1,0.6591169179300778,0.6552143339067698,,0.003903,0
QF_BV/20221012-MCMPC/millionaires/millionaires.t2.i51.3994eb06.smt2,Yices2,1,0.2173489599954337,0.214490938000381,,0.002858,0
QF_BV/20221012-MCMPC/millionaires/millionaires.t1.i18.0bf9d749.smt2,Bitwuzla,1,0.2621610779315233,0.25973236793652177,,0.002429,0
QF_BV/bruttomesso/core/ext_con_020_032_1024.smt2,STP,1,3.8061304760049097,3.7988610030151904,,0.007269,0
QF_BV/20230221-oisc-gurtner/SRLI-SAFE-256-1024.smt2,Yices2,1,1100.7885873700725,1100.7021087000612,,0.086479,0
QF_BV/Sage2/bench_14975.smt2,STP,1,19.42264054698171,19.418137026019394,,0.004504,0
QF_BV/Sage2/bench_11432.smt2,STP,1,0.22785090177785605,0.22662969678640366,,0.001221,0
QF_BV/bruttomesso/core/ext_con_016_008_0512.smt2,STP,1,1.1745368540869094,1.1727814110927284,,0.001755,0
QF_BV/Sage2/bench_3149.smt2,STP,1,0.2559932699659839,0.25484177097678185,,0.001151,0
QF_BV/Sage2/bench_16376.smt2,STP,1,0.22936459595803171,0.2274192499462515,,0.001945,0
QF_BV/Sage2/bench_6595.smt2,STP,1,0.2548535430105403,0.25324581004679203,,0.001608,0
QF_BV/asp/SchurNumbers/15.14.schur.lp.smt2,Yices2,1,23.51472907490097,23.432432289933786,,0.082297,0
QF_BV/sage/app7/bench_5736.smt2,Yices2,1,0.7098541008890606,0.5148994019255042,,0.194955,0
QF_BV/Sage2/bench_9395.smt2,Bitwuzla,1,24.272894283058122,24.065774067072198,,0.207120,0
QF_BV/Sage2/bench_8841.smt2,STP,1,0.4175009598839097,0.4093312828335911,,0.008170,0
QF_BV/Sage2/bench_5145.smt2,STP,1,33.92051297100261,33.91904040798545,,0.001473,0
QF_BV/sage/app11/bench_51.smt2,Yices2,1,0.37887688900809735,0.30317263398319483,,0.075704,0
QF_BV/spear/inn_v2.4.3/nnrpd_nnrpd_vc21245.smt2,Bitwuzla,1,0.6455337011138909,0.6433819960802794,,0.002152,0
QF_BV/sage/app7/bench_3836.smt2,Yices2,1,0.6020458298735321,0.39095533289946616,,0.211090,0
QF_BV/Sage2/bench_2182.smt2,STP,1,13.665843759896234,13.664110936922953,,0.001733,0
QF_BV/asp/WeightBoundedDominatingSet/rand_150_600_1159731678_3.lp.smt2,Yices2,1,14.821122318098787,14.805721464101225,,0.015401,0
QF_BV/20210312-Bouvier/vlsat3_g28.smt2,STP,1,7.674821900960524,7.63250414095819,,0.042318,0
QF_BV/Sage2/bench_14830.smt2,Bitwuzla,1,1.0822186570730992,1.0744296270422637,,0.007789,0
QF_BV/Sage2/bench_6511.smt2,STP,1,0.4607889952021651,0.4530117001850158,,0.007777,0
QF_BV/bruttomesso/core/ext_con_040_064_1024.smt2,Yices2,1,3.2418910261476412,3.214317992096767,,0.027573,0
QF_BV/sage/app7/bench_8619.smt2,Yices2,1,0.6622816589660943,0.47609436395578086,,0.186187,0
QF_BV/20221012-MCMPC/wage_circuit_div/wage_circuit_div.t1.i36.fcfea737.smt2,STP,1,0.22883158997865394,0.22733161295764148,,0.001500,0
QF_BV/bruttomesso/core/ext_con_044_064_1024.smt2,Yices2,1,3.3677630080492236,3.3376766650471836,,0.030086,0
QF_BV/20221012-MCMPC/mean_buckets/mean_buckets.t1.i23.671eb469.smt2,STP,1,0.3119731530896388,0.30950041208416224,,0.002473,0
QF_BV/spear/samba_v3.0.24/bin_libmsrpc_vc1225855.smt2,Yices2,1,0.9260125939617865,0.9049448049627244,,0.021068,0
QF_BV/20221012-MCMPC/millionaires/millionaires.t1.i25.73bcd231.smt2,STP,1,0.25655750109581277,0.2551938761025667,,0.001364,0
QF_BV/20210219-Sydr/symbolic_memory/linear/minigzip/predicate_630.smt2,Yices2,1,1.22809990006499,1.0662532320711762,,0.161847,0
QF_BV/20221012-MCMPC/dualexecution/dualexecution.t1.i9.9cb9560f.smt2,Yices2,1,0.5011562809813768,0.35986025794409215,,0.141296,0
QF_BV/sage/app7/bench_3914.smt2,Yices2,1,0.7548001839895733,0.5476512450259179,,0.207149,0
QF_BV/Sage2/bench_15456.smt2,Bitwuzla,1,1.3676085328334011,1.332874609855935,,0.034734,0
QF_BV/20221012-MCMPC/millionaires/millionaires.t1.i59.038e55b0.smt2,Yices2,1,0.23307845694944263,0.23111457494087517,,0.001964,0
QF_BV/sage/app9/bench_2714.smt2,STP,1,0.24323120713233948,0.2426111961249262,,0.000620,0
QF_BV/20221012-MCMPC/millionaires/millionaires.t1.i30.74c1f6e7.smt2,STP,1,0.2287657760316506,0.22751706303097308,,0.001249,0
QF_BV/sage/app1/bench_1292.smt2,Yices2,1,0.25737913203192875,0.25222429702989757,,0.005155,0
QF_BV/asp/WeightBoundedDominatingSet/rand_200_800_1159728969_11.lp.smt2,Yices2,1,26.33036116603762,26.310420253081247,,0.019941,0
QF_BV/20210219-Sydr/master/cjpeg/predicate_2058.smt2,Yices2,1,0.43110218102810904,0.3959415650460869,,0.035161,0
QF_BV/spear/cvs_v1.11.22/cvs_vc105453.smt2,STP,1,0.9434401331236586,0.9378339510876685,,0.005606,0
QF_BV/asp/BlockedNQueens/156.48.1960.36.1721325133.dat.smt2,Yices2,1,2.7178897979902104,2.688295064959675,,0.029595,0
QF_BV/sage/app7/bench_340.smt2,Yices2,1,0.6410639201640151,0.4604715071618557,,0.180592,0
QF_BV/sage/app12/bench_3539.smt2,STP,1,0.38904086785623804,0.3875468878541142,,0.001494,0
QF_BV/20221214-p4dfa-XiaoqiChen/StringMatching/string2x8.1._bit8_na6_nr3_paired.smt2,Yices2,1,979.3190657738014,979.2581778378226,,0.060888,0
QF_BV/20221012-MCMPC/millionaires/millionaires.t2.i1.db565f53.smt2,Bitwuzla,1,0.2679098370135762,0.26520522800274193,,0.002705,0
QF_BV/Sage2/bench_5036.smt2,STP,1,17.87409001297783,17.87251487094909,,0.001575,0
QF_BV/pspace/ndist.a.26986.smt2,STP,1,99.43889306893107,99.43848128593527,,0.000412,0
QF_BV/sage/app7/bench_1566.smt2,Yices2,1,0.3656203679856844,0.27749218395911157,,0.088128,0
QF_BV/spear/samba_v3.0.24/bin_libsmbsharemodes_vc6345.smt2,Yices2,1,0.6921717300429009,0.6782769430428743,,0.013895,0
QF_BV/bruttomesso/core/ext_con_040_001_0064.smt2,STP,1,0.43016502214595675,0.4290724671445787,,0.001093,0
QF_BV/20190311-bv-term-small-rw-Noetzli/bv-term-small-rw_726.smt2,STP,1,0.21602806984446943,0.21561203384771943,,0.000416,0
QF_BV/Sage2/bench_7116.smt2,STP,1,0.6963790298323147,0.6897240588441491,,0.006655,0
QF_BV/sage/app11/bench_59.smt2,Yices2,1,0.3732976199244149,0.2978053349070251,,0.075492,0
QF_BV/sage/app12/bench_3470.smt2,Yices2,1,0.25109894102206454,0.2471596470568329,,0.003939,0
QF_BV/sage/app7/bench_267.smt2,Yices2,1,0.6494356520124711,0.46235730801708996,,0.187078,0
QF_BV/Sage2/bench_16312.smt2,STP,1,0.23881874384824187,0.23579717986285686,,0.003022,0
QF_BV/mcm/148.smt2,STP,1,392.3671872319537,392.32650021696463,,0.040687,0
QF_BV/asp/Labyrinth/laby_18_18_04.lp.smt2,STP,1,463.3455461108242,461.91664257179946,,1.428904,0
QF_BV/20221012-MCMPC/millionaires/millionaires.t1.i32.d2f648f3.smt2,Yices2,1,0.21638575894758105,0.2143803199287504,,0.002005,0
QF_BV/Sage2/bench_16628.smt2,Yices2,1,0.720701971964445,0.7128631439991295,,0.007839,0
QF_BV/20221012-MCMPC/millionaires/millionaires.t1.i19.0a12e395.smt2,Bitwuzla,1,0.26357122405897826,0.26114510907791555,,0.002426,0
QF_BV/20221012-MCMPC/dualexecution_affine/dualexecution_affine.t1.i7.0e2b8af0.smt2,Yices2,1,0.5548874329542741,0.37678423896431923,,0.178103,0
QF_BV/spear/inn_v2.4.3/innd_innd_vc33735.smt2,Bitwuzla,1,0.43834648915799335,0.43647048412822187,,0.001876,0
QF_BV/Sage2/bench_10316.smt2,Yices2,1,0.24265368684427813,0.23383915680460632,,0.008815,0
QF_BV/sage/app7/bench_5036.smt2,Yices2,1,0.6927026649937034,0.4959161849692464,,0.196786,0
QF_BV/Sage2/bench_13309.smt2,STP,1,6.673802785051521,6.430753706023097,,0.243049,0
QF_BV/20221012-MCMPC/dualexecution_affine/dualexecution_affine.t1.i12.fd15021c.smt2,Yices2,1,0.2368472380330786,0.22596193104982376,,0.010885,0
QF_BV/spear/samba_v3.0.24/bin_eventlogadm_vc334891.smt2,Yices2,1,1.261971598083619,1.2282156751025468,,0.033756,0
QF_BV/sage/app11/bench_478.smt2,Yices2,1,0.4095724221551791,0.33286475110799074,,0.076708,0
QF_BV/bruttomesso/core/ext_con_040_004_0032.smt2,STP,1,0.3373980189790018,0.3353447129484266,,0.002053,0
QF_BV/Sage2/bench_1107.smt2,STP,1,15.440550846920814,15.438803480938077,,0.001747,0
QF_BV/log-slicing/bvsub_12973.smt2,STP,1,406.7137563749566,406.71327495295554,,0.000481,0
QF_BV/spear/samba_v3.0.24/bin_libsmbsharemodes_vc7106.smt2,Bitwuzla,1,0.5359752489603125,0.5204369379207492,,0.015538,0
QF_BV/spear/samba_v3.0.24/bin_libmsrpc_vc1228479.smt2,Yices2,1,0.3654568229103461,0.35199748491868377,,0.013459,0
QF_BV/Sage2/bench_4588.smt2,Bitwuzla,1,0.5718692018999718,0.5687610649038106,,0.003108,0
QF_BV/sage/app1/bench_2416.smt2,Yices2,1,0.22617744118906558,0.2249608151614666,,0.001217,0
QF_BV/Sage2/bench_16078.smt2,STP,1,0.2310699280933477,0.2286337660625577,,0.002436,0
QF_BV/20221012-MCMPC/millionaires/millionaires.t1.i31.43e7c00f.smt2,STP,1,0.2225540999788791,0.22123556793667376,,0.001319,0
QF_BV/Sage2/bench_8948.smt2,STP,1,0.22520390601130202,0.22393408603966236,,0.001270,0
QF_BV/Sage2/bench_8299.smt2,Yices2,1,0.4889238150790334,0.37823842908255756,,0.110685,0
QF_BV/20221012-MCMPC/wage_circuit_div/wage_circuit_div.t1.i28.f3887b7e.smt2,STP,1,0.2320760300499387,0.23048453405499458,,0.001591,0
QF_BV/Sage2/bench_9048.smt2,Bitwuzla,1,10.654315970954485,10.225233966950327,,0.429082,0
QF_BV/spear/samba_v3.0.24/bin_libsmbsharemodes_vc4315.smt2,Yices2,1,1.0368320990819484,0.9988759621046484,,0.037956,0
QF_BV/Sage2/bench_3672.smt2,Yices2,1,0.7519561560475267,0.7471623730380088,,0.004794,0
QF_BV/Sage2/bench_9514.smt2,STP,1,0.23150197108043358,0.23013954004272819,,0.001362,0
QF_BV/uclid/catchconv/convert-jpg2gif-query-1337.smt2,Yices2,1,0.3274773268494755,0.2771418518386781,,0.050335,0
QF_BV/Sage2/bench_13585.smt2,Yices2,1,0.3101519388728775,0.26223022188059986,,0.047922,0
QF_BV/asp/GraphColouring/graph-colouring-nodes=125-density=0.1-instance=7.smt2,Yices2,1,5.0788212399347685,5.05206036195159,,0.026761,0
QF_BV/bruttomesso/core/ext_con_060_008_0128.smt2,STP,1,0.7416884900303558,0.7362595880404115,,0.005429,0
QF_BV/20221012-MCMPC/millionaires/millionaires.t1.i47.31a64294.smt2,Yices2,1,0.2180462471442297,0.21585024613887072,,0.002196,0
QF_BV/20221012-MCMPC/mean_buckets/mean_buckets.t1.i12.d9f3334b.smt2,STP,1,0.3233375229756348,0.3201187460217625,,0.003219,0
QF_BV/Sage2/bench_3511.smt2,STP,1,8.812203837034758,8.810336695052683,,0.001867,0
QF_BV/20210219-Sydr/symbolic_memory/nested/readelf/predicate_2783.smt2,Yices2,1,1.2330109691247344,1.0523404760751873,,0.180670,0
QF_BV/bruttomesso/core/ext_con_024_002_0064.smt2,STP,1,0.3489828039892018,0.34796734200790524,,0.001015,0
QF_BV/sage/app7/bench_7825.smt2,Yices2,1,0.5572583028115332,0.3696171888150275,,0.187641,0
QF_BV/Sage2/bench_7451.smt2,STP,1,1.092612266947981,1.0619855299592018,,0.030627,0
QF_BV/sage/app7/bench_2370.smt2,Yices2,1,0.7911465070210397,0.538720804033801,,0.252426,0
QF_BV/20221012-MCMPC/millionaires/millionaires.t1.i30.566e10a7.smt2,STP,1,0.22227985400240868,0.22109521902166307,,0.001185,0
QF_BV/sage/app7/bench_8648.smt2,Yices2,1,0.652264959004242,0.4648342269938439,,0.187431,0
QF_BV/bruttomesso/lfsr/lfsr_008_047_032.smt2,STP,1,2.84250028221868,2.839349933201447,,0.003150,0
QF_BV/20221012-MCMPC/mean_buckets/simplemean_buckets.t1.i25.a1d5c625.smt2,STP,1,0.3256862609414384,0.323009833926335,,0.002676,0
QF_BV/sage/app7/bench_539.smt2,Yices2,1,0.5571384070208296,0.3733942660037428,,0.183744,0
QF_BV/sage/app7/bench_1427.smt2,Yices2,1,0.37323648791061714,0.28297997592017055,,0.090257,0
QF_BV/20221012-MCMPC/millionaires/millionaires.t1.i13.cfef0857.smt2,STP,1,0.22928226314252242,0.22792382817715406,,0.001358,0
QF_BV/20221012-MCMPC/millionaires/millionaires.t1.i15.ad186c0f.smt2,Bitwuzla,1,0.2660425598733127,0.26372123789042234,,0.002321,0
QF_BV/20221012-MCMPC/millionaires/millionaires.t1.i31.c1dc3c8c.smt2,STP,1,0.2249492238042876,0.22360446280799806,,0.001345,0
QF_BV/Sage2/bench_3960.smt2,STP,1,0.42202947207260877,0.4146381560713053,,0.007391,0
QF_BV/20221012-MCMPC/millionaires/millionaires.t1.i10.2b95dce0.smt2,Bitwuzla,1,0.25175292504718527,0.24958269204944372,,0.002170,0
QF_BV/20221012-MCMPC/mean_buckets/mean_buckets.t1.i26.8f01e1dc.smt2,STP,1,0.3222220599418506,0.3198285149410367,,0.002394,0
QF_BV/sage/app1/bench_2085.smt2,Yices2,1,0.2783208528999239,0.27368071186356246,,0.004640,0
QF_BV/20221012-MCMPC/millionaires/millionaires.t2.i28.dd1c11e1.smt2,Yices2,1,0.21749829110922292,0.21472249110229313,,0.002776,0
QF_BV/spear/samba_v3.0.24/bin_libsmbclient_vc1225222.smt2,Yices2,1,1.0713877759408206,1.0565402589272708,,0.014848,0
QF_BV/Sage2/bench_5280.smt2,STP,1,0.3970373810152523,0.3904557100031525,,0.006582,0
QF_BV/Sage2/bench_9853.smt2,Yices2,1,0.4715971398400143,0.3831797428429127,,0.088417,0
QF_BV/Sage2/bench_11955.smt2,STP,1,0.24094866280211136,0.23793399683199823,,0.003015,0
QF_BV/sage/app11/bench_453.smt2,Yices2,1,0.40723239281214774,0.3312940488103777,,0.075938,0
QF_BV/asp/HierarchicalClustering/xy.13.x.13.r.3.541669225.993881.data_k=2_l=6_sat.gph.smt2,STP,1,12.564539147133473,12.454723114147782,,0.109816,0
QF_BV/Sage2/bench_11061.smt2,STP,1,0.7775990971713327,0.7566605431493372,,0.020939,0
QF_BV/sage/app1/bench_2673.smt2,Bitwuzla,1,0.27117113798158243,0.2672499199397862,,0.003921,0
QF_BV/Sage2/bench_12705.smt2,STP,1,0.6641626009368338,0.6398217929527164,,0.024341,0
QF_BV/Sage2/bench_8868.smt2,STP,1,0.22930577694205567,0.22780808596871793,,0.001498,0
QF_BV/20190311-bv-term-small-rw-Noetzli/bv-term-small-rw_1483.smt2,STP,1,0.22549341316334903,0.22507048514671624,,0.000423,0
QF_BV/sage/app1/bench_2345.smt2,Yices2,1,0.2203542849747464,0.21482429397292435,,0.005530,0
QF_BV/mcm/21.smt2,Bitwuzla,1,152.92175442085136,152.91512985085137,,0.006625,0
QF_BV/Sage2/bench_4329.smt2,Bitwuzla,1,3.4770287180435844,3.0798414240125567,,0.397187,0
QF_BV/Sage2/bench_3326.smt2,STP,1,9.290564266149886,9.289011455141008,,0.001553,0
QF_BV/spear/samba_v3.0.24/bin_libsmbsharemodes_vc5786.smt2,Bitwuzla,1,0.9007941950694658,0.8889003740623593,,0.011894,0
QF_BV/Sage2/bench_2757.smt2,STP,1,16.4276540200226,16.425704977009445,,0.001949,0
QF_BV/20221012-MCMPC/millionaires/millionaires.t1.i64.0b2dd246.smt2,Yices2,1,0.22344635496847332,0.2215365229640156,,0.001910,0
QF_BV/Sage2/bench_5808.smt2,STP,1,0.26310225698398426,0.26049817097373307,,0.002604,0
QF_BV/bruttomesso/simple_processor/simple_processors_008_006_0008.smt2,STP,1,2.7483769690734334,2.7468097440432757,,0.001567,0
QF_BV/sage/app11/bench_584.smt2,Yices2,1,0.38175368012161925,0.3052324061281979,,0.076521,0
QF_BV/sage/app11/bench_226.smt2,Yices2,1,0.45403995399829,0.3781597299966961,,0.075880,0
QF_BV/Sage2/bench_368.smt2,Yices2,1,1.220567152951844,1.056701045949012,,0.163866,0
QF_BV/Sage2/bench_9167.smt2,Yices2,1,0.4933230418828316,0.3942391749005765,,0.099084,0
QF_BV/sage/app1/bench_2058.smt2,Yices2,1,0.24831786297727376,0.24320728098973632,,0.005111,0
QF_BV/bruttomesso/lfsr/lfsr_004_015_080.smt2,STP,1,16.926779388915747,16.922964117955416,,0.003815,0
QF_BV/mcm/87.smt2,Bitwuzla,1,11.505022902158089,11.497937098145485,,0.007086,0
QF_BV/sage/app7/bench_845.smt2,Yices2,1,0.49267461185809225,0.32844751491211355,,0.164227,0
QF_BV/bruttomesso/lfsr/lfsr_002_015_096.smt2,STP,1,2.6321092660655268,2.6296032210811973,,0.002506,0
QF_BV/float/add_01_1000_2.smt2,Yices2,1,1.2138282101950608,1.2069243341684341,,0.006904,0
QF_BV/sage/app7/bench_922.smt2,Yices2,1,0.5268883379758336,0.3800482340157032,,0.146840,0
QF_BV/Sage2/bench_10773.smt2,Yices2,1,0.28412169322837144,0.2628914841916412,,0.021230,0
QF_BV/20210312-Bouvier/vlsat3_g11.smt2,Bitwuzla,1,13.165042512060609,13.086109508061782,,0.078933,0
QF_BV/Sage2/bench_5293.smt2,STP,1,50.25075056916103,50.246650176122785,,0.004100,0
QF_BV/20221012-MCMPC/millionaires/millionaires.t1.i59.9ffe52e8.smt2,Yices2,1,0.2651459410553798,0.26311988406814635,,0.002026,0
QF_BV/Sage2/bench_9534.smt2,Yices2,1,0.27018589503131807,0.24186360300518572,,0.028322,0
QF_BV/20221012-MCMPC/millionaires/millionaires.t1.i9.1e3b38aa.smt2,Bitwuzla,1,0.2535432869917713,0.251308755017817,,0.002235,0
QF_BV/sage/app7/bench_968.smt2,Yices2,1,0.5386452680686489,0.39948078407905996,,0.139164,0
QF_BV/Sage2/bench_2790.smt2,STP,1,0.4558000320685096,0.4486329620704055,,0.007167,0
QF_BV/Sage2/bench_3373.smt2,STP,1,16.569893478124868,16.568286226131022,,0.001607,0
QF_BV/20221012-MCMPC/wage/wage.t1.i35.2c2d76bc.smt2,Bitwuzla,1,0.2561866160831414,0.25466487905941904,,0.001522,0
QF_BV/spear/samba_v3.0.24/bin_libsmbsharemodes_vc6284.smt2,Yices2,1,0.7427523008664139,0.7279623008798808,,0.014790,0
QF_BV/Sage2/bench_6115.smt2,STP,1,3.2235940021346323,3.2221876811236143,,0.001406,0
QF_BV/log-slicing/bvsrem_12.smt2,Bitwuzla,1,6.6311940790037625,6.629691282985732,,0.001503,0
QF_BV/Sage2/bench_489.smt2,STP,1,0.5728887290460989,0.5582543660420924,,0.014634,0
QF_BV/Sage2/bench_12286.smt2,Bitwuzla,1,9.084266237041447,9.01085627102293,,0.073410,0
QF_BV/Sage2/bench_3059.smt2,STP,1,6.9156408361159265,6.914067858131602,,0.001573,0
QF_BV/sage/app1/bench_983.smt2,STP,1,0.4632285609841347,0.4605015160050243,,0.002727,0
QF_BV/Sage2/bench_16873.smt2,STP,1,0.2319705489790067,0.22956323996186256,,0.002407,0
QF_BV/mcm/154.smt2,STP,0,1200.0,1201.2521421208512,,0.037681,0
QF_BV/sage/app7/bench_580.smt2,Yices2,1,0.5234227950568311,0.3453804440796375,,0.178042,0
QF_BV/20221012-MCMPC/millionaires/millionaires.t1.i24.ad537d41.smt2,Bitwuzla,1,0.29819435509853065,0.2957047331146896,,0.002490,0
QF_BV/sage/app9/bench_1254.smt2,STP,1,0.25603696005418897,0.25545061100274324,,0.000586,0
QF_BV/20230221-oisc-gurtner/SLL-NESTED-8-32-src-sp-not-excluded.smt2,STP,1,280.9598358020885,279.8569378540851,,1.102898,0
QF_BV/float/mult2.c.40.smt2,Yices2,1,7.559396259894129,7.533946869894862,,0.025449,0
QF_BV/uclid/catchconv/convert-jpg2gif-query-1238.smt2,Yices2,1,0.3003251071786508,0.2529125511646271,,0.047413,0
QF_BV/sage/app7/bench_560.smt2,Yices2,1,0.528371519758366,0.34806894278153777,,0.180303,0
QF_BV/Sage2/bench_1960.smt2,STP,1,3.965431771823205,3.960953283822164,,0.004478,0
QF_BV/Sage2/bench_5172.smt2,STP,1,18.308946273114998,18.307621193118393,,0.001325,0
QF_BV/20221012-MCMPC/dualexecution_affine/dualexecution_affine.t1.i10.8c019578.smt2,Yices2,1,0.28230530611472204,0.2443600280676037,,0.037945,0
QF_BV/asp/TravellingSalesperson/tsp_rand_70_300_1155482584_4.lp.smt2,Yices2,1,24.78222921199631,24.744461941998452,,0.037767,0
QF_BV/Sage2/bench_1784.smt2,STP,1,4.692874816071708,4.691089556086808,,0.001785,0
QF_BV/20221012-MCMPC/millionaires/millionaires.t1.i26.8b1f372e.smt2,Yices2,1,0.21604800003115088,0.21392205799929798,,0.002126,0
QF_BV/Sage2/bench_11703.smt2,Yices2,1,1.4219342420692556,1.3673622100614011,,0.054572,0
QF_BV/Sage2/bench_628.smt2,Yices2,1,0.5432120659970678,0.425598202040419,,0.117614,0
QF_BV/Sage2/bench_1891.smt2,STP,1,5.209930764976889,5.208280754974112,,0.001650,0
QF_BV/asp/Labyrinth/laby_22_22_08.lp.smt2,Yices2,0,1200.0,1201.3725942550227,,2.622708,0
QF_BV/sage/app7/bench_1800.smt2,STP,1,0.23694492876529694,0.23471604380756617,,0.002229,0
QF_BV/Sage2/bench_9225.smt2,Yices2,1,0.500693197012879,0.4054487820249051,,0.095244,0
QF_BV/Sage2/bench_8944.smt2,STP,1,41.32175575091969,41.31081208190881,,0.010944,0
QF_BV/20221012-MCMPC/millionaires/millionaires.t4.i62.4f1fe2f4.smt2,Yices2,1,0.25741003290750086,0.2528596199117601,,0.004550,0
QF_BV/Sage2/bench_15987.smt2,STP,1,0.28772140300134197,0.28198516299016774,,0.005736,0
QF_BV/20221012-MCMPC/millionaires/millionaires.t1.i15.8fb8385c.smt2,Bitwuzla,1,0.2857348400284536,0.28328228602185845,,0.002453,0
QF_BV/Sage2/bench_7190.smt2,Yices2,1,0.613384970172774,0.39688761718571186,,0.216497,0
QF_BV/20190429-UltimateAutomizerSvcomp2019/byte_add_1_true-unreach-call_true-no-overflow_true-termination.i_3.smt2,STP,1,0.24310775205958635,0.24252152303233743,,0.000586,0
QF_BV/spear/samba_v3.0.24/bin_libsmbsharemodes_vc7296.smt2,Bitwuzla,1,0.4498989952262491,0.4461105791851878,,0.003788,0
QF_BV/Sage2/bench_6646.smt2,STP,1,0.41894391702953726,0.41091471700929105,,0.008029,0
QF_BV/sage/app11/bench_14.smt2,Yices2,1,0.43453910999232903,0.35734398500062525,,0.077195,0
QF_BV/sage/app7/bench_1719.smt2,Yices2,1,0.3484127960400656,0.27025204501114786,,0.078161,0
QF_BV/Sage2/bench_11418.smt2,STP,1,0.8048127208021469,0.7998979678377509,,0.004915,0
QF_BV/sage/app7/bench_3514.smt2,Yices2,1,0.7320368801010773,0.5092857130803168,,0.222751,0
QF_BV/sage/app1/bench_2232.smt2,Bitwuzla,1,0.25279322994174436,0.24810738489031792,,0.004686,0
QF_BV/Sage2/bench_17532.smt2,STP,1,0.29908811702625826,0.29388787504285574,,0.005200,0
QF_BV/Sage2/bench_8366.smt2,Yices2,1,0.455152950133197,0.3670122451148927,,0.088141,0
QF_BV/sage/app7/bench_1714.smt2,Yices2,1,0.7924163338611834,0.5483352108858526,,0.244081,0
QF_BV/sage/app7/bench_669.smt2,Yices2,1,0.6660817149677314,0.4180538449436426,,0.248028,0
QF_BV/Sage2/bench_17544.smt2,Bitwuzla,1,0.7347582630463876,0.5943064980674535,,0.140452,0
QF_BV/mcm/30.smt2,Bitwuzla,1,30.214168977050576,30.20730671705678,,0.006862,0
QF_BV/sage/app7/bench_1596.smt2,Yices2,1,0.36478349193930626,0.27715263795107603,,0.087631,0
QF_BV/Sage2/bench_3170.smt2,STP,1,0.27376659377478063,0.2674377937801182,,0.006329,0
QF_BV/20221012-MCMPC/millionaires/millionaires.t4.i9.253194ea.smt2,Bitwuzla,1,0.3124015459907241,0.30834900098852813,,0.004053,0
QF_BV/bmc-bv-svcomp14/modulus_true.c.17.smt2,STP,1,11.005411961115897,10.991746911080554,,0.013665,0
QF_BV/Sage2/bench_1643.smt2,STP,1,11.243426636967342,11.24175765295513,,0.001669,0
QF_BV/sage/app1/bench_426.smt2,STP,1,0.5220734449685551,0.5184115569572896,,0.003662,0
QF_BV/sage/app7/bench_692.smt2,Yices2,1,0.7846411479986273,0.5428532520309091,,0.241788,0
QF_BV/sage/app7/bench_44.smt2,Yices2,1,0.6535084949573502,0.4661226789467037,,0.187386,0
QF_BV/20210219-Sydr/symbolic_memory/bst/cjpeg/predicate_107.smt2,Bitwuzla,1,0.25519408198306337,0.2512744090054184,,0.003920,0
QF_BV/spear/samba_v3.0.24/bin_libsmbsharemodes_vc6295.smt2,Yices2,1,0.952365703007672,0.9371709800325334,,0.015195,0
QF_BV/20190311-bv-term-small-rw-Noetzli/bv-term-small-rw_350.smt2,STP,1,0.21534911182243377,0.21492748684249818,,0.000422,0
QF_BV/Sage2/bench_12545.smt2,STP,1,0.6486575669259764,0.6182977459393442,,0.030360,0
QF_BV/Sage2/bench_16465.smt2,STP,1,0.780695524008479,0.7628687280230224,,0.017827,0
QF_BV/Sage2/bench_2818.smt2,STP,1,25.115193684992846,25.11301748198457,,0.002176,0
QF_BV/sage/app7/bench_2013.smt2,Yices2,1,0.3136659379233606,0.2569028129801154,,0.056763,0
QF_BV/20221012-MCMPC/dualexecution/dualexecution.t1.i15.27b9b83b.smt2,Yices2,1,0.6745485480641946,0.479629771085456,,0.194919,0
QF_BV/Sage2/bench_7464.smt2,STP,1,0.23169328004587442,0.22950159502215683,,0.002192,0
QF_BV/Sage2/bench_12303.smt2,STP,1,0.297065545048099,0.29073918401263654,,0.006326,0
QF_BV/Sage2/bench_11932.smt2,Bitwuzla,1,1.7072193819913082,1.699906239984557,,0.007313,0
QF_BV/20221012-MCMPC/dualexecution_affine/dualexecution.t1.i14.1628dca9.smt2,Yices2,1,1.4685414221021347,0.7879284610971808,,0.680613,0
QF_BV/Sage2/bench_5313.smt2,Yices2,1,2.131246256933082,2.0504212819505483,,0.080825,0
QF_BV/sage/app7/bench_1209.smt2,Yices2,1,0.4250183738768101,0.30483077885583043,,0.120188,0
QF_BV/spear/samba_v3.0.24/bin_libsmbsharemodes_vc7640.smt2,Bitwuzla,1,1.0442680941196159,1.0282659830991179,,0.016002,0
QF_BV/20190311-bv-term-small-rw-Noetzli/bv-term-small-rw_604.smt2,STP,1,0.22510775789851323,0.22471610689535737,,0.000392,0
QF_BV/Sage2/bench_8541.smt2,STP,1,0.4062068809871562,0.39838153100572526,,0.007825,0
QF_BV/sage/app1/bench_603.smt2,Yices2,1,0.26964216702617705,0.2642170100007206,,0.005425,0
QF_BV/sage/app11/bench_300.smt2,Yices2,1,0.3960296559962444,0.31996092898771167,,0.076069,0
QF_BV/20221012-MCMPC/sugarbeets/sugarbeets.t1.i12.9171f988.smt2,Yices2,1,0.5782578188809566,0.5456816998776048,,0.032576,0
QF_BV/spear/samba_v3.0.24/bin_libsmbclient_vc1228504.smt2,Yices2,1,1.3432266078307293,1.3208836598787457,,0.022343,0
QF_BV/spear/samba_v3.0.24/bin_libsmbsharemodes_vc6316.smt2,Yices2,1,0.5243364862399176,0.5100735952146351,,0.014263,0
QF_BV/20221012-MCMPC/dualexecution/dualexecution.t1.i16.2f311bab.smt2,Yices2,1,0.26510331593453884,0.23828116594813764,,0.026822,0
QF_BV/spear/cvs_v1.11.22/cvs_vc105458.smt2,STP,1,0.5795837090699933,0.5737758730538189,,0.005808,0
QF_BV/Sage2/bench_9508.smt2,STP,1,0.3329805010580458,0.3251533070579171,,0.007827,0
QF_BV/sage/app2/bench_483.smt2,Yices2,1,0.2505892988992855,0.23005270189605653,,0.020537,0
QF_BV/sage/app7/bench_5780.smt2,Yices2,1,0.6728358009713702,0.4215595219284296,,0.251276,0
QF_BV/Sage2/bench_4523.smt2,STP,1,1.8301438900525682,1.8284485950134695,,0.001695,0
QF_BV/spear/samba_v3.0.24/bin_eventlogadm_vc352899.smt2,Yices2,1,1.3038868930307217,1.272336004069075,,0.031551,0
QF_BV/Sage2/bench_5284.smt2,STP,1,24.54486380907474,24.54331225901842,,0.001552,0
QF_BV/Sage2/bench_14211.smt2,STP,1,0.2525573550956324,0.25117411906830966,,0.001383,0
QF_BV/20221012-MCMPC/dualexecution_affine/dualexecution_affine.t1.i12.393d3860.smt2,Yices2,1,0.27166641812073067,0.2472039731219411,,0.024462,0
QF_BV/20190311-bv-term-small-rw-Noetzli/bv-term-small-rw_1449.smt2,STP,1,0.21483636484481394,0.2144185258075595,,0.000418,0
QF_BV/sage/app7/bench_609.smt2,Yices2,1,0.5209874440333806,0.34100244101136923,,0.179985,0
QF_BV/bruttomesso/lfsr/lfsr_008_127_096.smt2,Yices2,1,11.427781956968829,11.419174192938954,,0.008608,0
QF_BV/bruttomesso/core/ext_con_056_001_0128.smt2,STP,1,0.5868893692386337,0.5856918701902032,,0.001197,0
QF_BV/sage/app7/bench_7646.smt2,Yices2,1,0.6520643541007303,0.4653093561064452,,0.186755,0
QF_BV/sage/app7/bench_2007.smt2,Yices2,1,0.3128391178906895,0.25612327991984785,,0.056716,0
QF_BV/Sage2/bench_1822.smt2,STP,1,14.972546595032327,14.97109728702344,,0.001449,0
QF_BV/20190311-bv-term-small-rw-Noetzli/bv-term-small-rw_445.smt2,STP,1,0.22331313899485394,0.22289881599135697,,0.000414,0
QF_BV/Sage2/bench_4595.smt2,Bitwuzla,1,0.5857370108715259,0.5033571368549019,,0.082380,0
QF_BV/Sage2/bench_1958.smt2,STP,1,81.3287920850562,81.32728867605329,,0.001503,0
QF_BV/Sage2/bench_16293.smt2,STP,1,0.233285375055857,0.2318282020278275,,0.001457,0
QF_BV/Sage2/bench_7814.smt2,STP,1,0.26341159403091297,0.25847086403518915,,0.004941,0
QF_BV/Sage2/bench_2012.smt2,STP,1,12.971273685980123,12.96954616298899,,0.001728,0
QF_BV/Sage2/bench_14408.smt2,STP,1,0.32076569489436224,0.31492866086773574,,0.005837,0
QF_BV/Sage2/bench_16966.smt2,Yices2,1,1.0018866691971198,0.9467612651642412,,0.055125,0
QF_BV/Sage2/bench_4754.smt2,Bitwuzla,1,27.12807086587418,27.08883660286665,,0.039234,0
QF_BV/Sage2/bench_13522.smt2,STP,1,0.36941153201041743,0.359239503974095,,0.010172,0
QF_BV/sage/app7/bench_8621.smt2,Yices2,1,0.6861804019426927,0.43993445695377886,,0.246246,0
QF_BV/sage/app7/bench_509.smt2,Yices2,1,0.5323076539789326,0.3516197910066694,,0.180688,0
QF_BV/spear/inn_v2.4.3/nnrpd_nnrpd_vc21454.smt2,Bitwuzla,1,0.4917453580419533,0.4897611930500716,,0.001984,0
QF_BV/20210312-Bouvier/vlsat3_g08.smt2,Bitwuzla,1,6.994833176897373,6.9388585078995675,,0.055975,0
QF_BV/bruttomesso/core/ext_con_032_008_0128.smt2,STP,1,0.5593508559977636,0.5562086920253932,,0.003142,0
QF_BV/spear/samba_v3.0.24/bin_eventlogadm_vc351376.smt2,Yices2,1,1.3270503801177256,1.282747880090028,,0.044303,0
QF_BV/Sage2/bench_11818.smt2,Yices2,1,1.0450995361316018,0.9903178231325,,0.054782,0
QF_BV/mcm/78.smt2,Bitwuzla,1,1159.5649683320662,1159.551829277072,,0.013139,0
QF_BV/spear/samba_v3.0.24/bin_libsmbsharemodes_vc5693.smt2,Bitwuzla,1,0.6477123020449653,0.6353633960243315,,0.012349,0
QF_BV/Sage2/bench_8217.smt2,STP,1,0.3116549630067311,0.307649431983009,,0.004006,0
QF_BV/20221012-MCMPC/dualexecution_affine/dualexecution_affine.t1.i10.4e5c9624.smt2,Yices2,1,0.4014368770294823,0.30830876901745796,,0.093128,0
QF_BV/sage/app7/bench_677.smt2,Yices2,1,0.5175880728638731,0.3450670768506825,,0.172521,0
QF_BV/Sage2/bench_4839.smt2,Yices2,1,0.23838139820145443,0.23040567920543253,,0.007976,0
QF_BV/sage/app7/bench_446.smt2,Yices2,1,0.5308651840314269,0.3471022080630064,,0.183763,0
QF_BV/sage/app7/bench_290.smt2,Yices2,1,0.6429626060998999,0.45756192109547555,,0.185401,0
QF_BV/Sage2/bench_7148.smt2,STP,1,0.228838519891724,0.2267508578952402,,0.002088,0
QF_BV/sage/app7/bench_6657.smt2,Yices2,1,0.6623751730076037,0.4715642479714006,,0.190811,0
QF_BV/sage/app7/bench_504.smt2,Yices2,1,0.533744388143532,0.35146530414931476,,0.182279,0
QF_BV/sage/app7/bench_1925.smt2,Yices2,1,0.7906143729924224,0.5452892109751701,,0.245325,0
QF_BV/sage/app7/bench_801.smt2,Yices2,1,0.4893121651839465,0.33456073119305074,,0.154751,0
QF_BV/spear/samba_v3.0.24/bin_libsmbsharemodes_vc4830.smt2,Yices2,1,1.490516854042653,1.4468676620163023,,0.043649,0
QF_BV/20221012-MCMPC/dualexecution/dualexecution.t1.i14.7871bd1f.smt2,Yices2,1,1.5624270781991072,0.9020372931845486,,0.660390,0
QF_BV/20190311-bv-term-small-rw-Noetzli/bv-term-small-rw_1394.smt2,STP,1,0.2137169530033134,0.21331922197714448,,0.000398,0
QF_BV/Sage2/bench_14925.smt2,STP,1,0.277541302901227,0.2720670779235661,,0.005474,0
QF_BV/20221012-MCMPC/mean_buckets/mean_buckets.t1.i27.9d518ea1.smt2,STP,1,0.3002634239383042,0.29805706394836307,,0.002206,0
QF_BV/sage/app1/bench_1892.smt2,Yices2,1,0.2513970001018606,0.24630517209880054,,0.005092,0
QF_BV/sage/app12/bench_3553.smt2,STP,1,0.395227593020536,0.39374840003438294,,0.001479,0
QF_BV/sage/app7/bench_2128.smt2,Yices2,1,0.3038153880625032,0.25349388807080686,,0.050321,0
QF_BV/sage/app11/bench_324.smt2,Yices2,1,0.38528841495281085,0.30663148895837367,,0.078657,0
QF_BV/uclid/catchconv/convert-jpg2gif-query-1292.smt2,Yices2,1,0.29779109498485923,0.2493736119940877,,0.048417,0
QF_BV/Sage2/bench_11467.smt2,STP,1,0.7874988478724845,0.7797770318575203,,0.007722,0
QF_BV/Sage2/bench_12208.smt2,STP,1,0.3892133330227807,0.3871656130068004,,0.002048,0
QF_BV/20210219-Sydr/master/readelf/predicate_493.smt2,STP,1,0.27125172002706677,0.2697402290068567,,0.001511,0
QF_BV/Sage2/bench_11038.smt2,Yices2,1,2.85470671299845,2.7259074070025235,,0.128799,0
QF_BV/bruttomesso/lfsr/lfsr_008_159_016.smt2,STP,1,3.8836884379852563,3.8817898789420724,,0.001899,0
QF_BV/sage/app7/bench_781.smt2,Yices2,1,0.7940525429439731,0.5501105019357055,,0.243942,0
QF_BV/spear/samba_v3.0.24/bin_eventlogadm_vc331158.smt2,Yices2,1,0.5948307460057549,0.5844841999933124,,0.010347,0
QF_BV/sage/app7/bench_54.smt2,Yices2,1,0.7790630888193846,0.5934686218388379,,0.185594,0
QF_BV/Sage2/bench_2343.smt2,STP,1,36.8894126880914,36.887949804076925,,0.001463,0
QF_BV/sage/app11/bench_373.smt2,Yices2,1,0.3795639878953807,0.3017941329162568,,0.077770,0
QF_BV/spear/samba_v3.0.24/bin_libsmbclient_vc1228506.smt2,Yices2,1,1.1518846609978937,1.1293168750125915,,0.022568,0
QF_BV/Sage2/bench_3743.smt2,STP,1,0.36291202605934814,0.35697604110464454,,0.005936,0
QF_BV/Sage2/bench_15952.smt2,STP,1,0.28516510501503944,0.28043836005963385,,0.004727,0
QF_BV/20230224-grsbits-truby/grs-32-128.smt2,Yices2,1,506.0579266429413,506.0509693629574,,0.006957,0
QF_BV/spear/samba_v3.0.24/bin_libsmbsharemodes_vc7299.smt2,Bitwuzla,1,0.49705218902090564,0.49326590704731643,,0.003786,0
QF_BV/sage/app7/bench_27.smt2,Yices2,1,0.6453532021841966,0.4597150972113013,,0.185638,0
QF_BV/sage/app7/bench_6347.smt2,Yices2,1,0.6695573900942691,0.478030180092901,,0.191527,0
QF_BV/pspace/power2sum.7092.smt2,STP,1,83.8277641509776,83.82734469301067,,0.000419,0
QF_BV/sage/app1/bench_1128.smt2,STP,1,0.39601578807923943,0.3935581820551306,,0.002458,0
QF_BV/log-slicing/bvadd_24418.smt2,STP,1,9.312507163791452,9.312013789778575,,0.000493,0
QF_BV/20221012-MCMPC/millionaires/millionaires.t1.i47.d6f7887b.smt2,Yices2,1,0.21435042191296816,0.21243229391984642,,0.001918,0
QF_BV/Sage2/bench_9961.smt2,Bitwuzla,1,2.208747268014122,2.1700701660010964,,0.038677,0
QF_BV/Sage2/bench_10793.smt2,STP,1,0.5974439430865459,0.5945396521128714,,0.002904,0
QF_BV/uclid/catchconv/convert-jpg2gif-query-1594.smt2,Yices2,1,0.39385130791924894,0.3130616599228233,,0.080790,0
QF_BV/20221012-MCMPC/dualexecution/dualexecution.t1.i15.7a01dfbb.smt2,Yices2,1,1.204541581158992,0.6780967961531132,,0.526445,0
QF_BV/spear/samba_v3.0.24/bin_eventlogadm_vc331249.smt2,Yices2,1,2.417699685145635,2.38861531810835,,0.029084,0
QF_BV/20210219-Sydr/master/cjpeg/predicate_2716.smt2,Yices2,1,0.29356320295482874,0.2480250559747219,,0.045538,0
QF_BV/20210312-Bouvier/vlsat3_a77.smt2,Bitwuzla,1,76.27362119598547,76.19579127198085,,0.077830,0
QF_BV/sage/app7/bench_8650.smt2,Yices2,1,0.6571993769612163,0.46014585299417377,,0.197054,0
QF_BV/sage/app11/bench_489.smt2,Yices2,1,0.4015026810229756,0.32464360701851547,,0.076859,0
QF_BV/spear/samba_v3.0.24/bin_libsmbclient_vc1228384.smt2,Bitwuzla,1,1.0129060000763275,0.9985901510808617,,0.014316,0
QF_BV/spear/inn_v2.4.3/innfeed_imapfeed_vc25453.smt2,Bitwuzla,1,0.7310742280678824,0.7289604120887816,,0.002114,0
QF_BV/20221012-MCMPC/wage_circuit_div/wage_circuit_div.t1.i28.5aa35b7f.smt2,STP,1,0.23868670087540522,0.23703534388914704,,0.001651,0
QF_BV/sage/app7/bench_1118.smt2,Yices2,1,0.43984861485660076,0.3125948258675635,,0.127254,0
QF_BV/20190311-bv-term-small-rw-Noetzli/bv-term-small-rw_1454.smt2,STP,1,0.31657873111544177,0.31618207111023366,,0.000397,0
QF_BV/20221012-MCMPC/millionaires/millionaires.t3.i6.5167c4b3.smt2,Bitwuzla,1,0.27014686894835904,0.2671953139360994,,0.002952,0
QF_BV/Sage2/bench_16052.smt2,STP,1,0.27979414811125025,0.27519281511195004,,0.004601,0
QF_BV/Sage2/bench_12172.smt2,STP,1,0.2310297240037471,0.22941326000727713,,0.001616,0
QF_BV/sage/app7/bench_1708.smt2,Yices2,1,0.35335522500099614,0.2754418139811605,,0.077913,0
QF_BV/Sage2/bench_16023.smt2,STP,1,0.2813937240280211,0.27673931303434074,,0.004654,0
QF_BV/Sage2/bench_1232.smt2,STP,1,41.48164741607616,41.479767084121704,,0.001880,0
QF_BV/Sage2/bench_16149.smt2,STP,1,0.27612816297914833,0.2704520139377564,,0.005676,0
QF_BV/mcm/44.smt2,Bitwuzla,1,7.806072298844811,7.799356951843947,,0.006715,0
QF_BV/Sage2/bench_3897.smt2,Yices2,1,0.5301641599508002,0.42873492394573987,,0.101429,0
QF_BV/uclid/catchconv/convert-jpg2gif-query-1375.smt2,Yices2,1,0.31722315587103367,0.2637222718913108,,0.053501,0
QF_BV/spear/wget_v1.10.2/src_wget_vc17907.smt2,Yices2,1,0.557010077056475,0.5554415830411017,,0.001568,0
QF_BV/Sage2/bench_16403.smt2,Bitwuzla,1,2.6015095917973667,2.5762880297843367,,0.025222,0
QF_BV/Sage2/bench_17790.smt2,STP,1,0.34345430391840637,0.33842169190756977,,0.005033,0
QF_BV/Sage2/bench_5617.smt2,STP,1,0.23420731601072475,0.23221369902603328,,0.001994,0
QF_BV/20221012-MCMPC/mean_buckets/mean_buckets.t1.i32.ca0234eb.smt2,STP,1,0.2978010421502404,0.29552140715532005,,0.002280,0
QF_BV/Sage2/bench_15403.smt2,STP,1,0.28275777300586924,0.277946111978963,,0.004812,0
QF_BV/bruttomesso/core/ext_con_012_001_0256.smt2,STP,1,0.4498948698746972,0.4491228088736534,,0.000772,0
QF_BV/spear/inn_v2.4.3/nnrpd_nnrpd_vc21650.smt2,Bitwuzla,1,0.43920465710107237,0.4375214111059904,,0.001683,0
QF_BV/Sage2/bench_13983.smt2,Yices2,1,0.46416674001375213,0.3703747580293566,,0.093792,0
QF_BV/spear/samba_v3.0.24/bin_libsmbsharemodes_vc7665.smt2,Bitwuzla,1,1.1801155548891984,1.1545285498723388,,0.025587,0
QF_BV/bruttomesso/core/ext_con_028_128_1024.smt2,Yices2,1,1.8033142948406748,1.7653459748253226,,0.037968,0
QF_BV/20221012-MCMPC/dualexecution/dualexecution.t1.i6.f442e4cf.smt2,Yices2,1,0.35517136787530035,0.29857467487454414,,0.056597,0
QF_BV/uclid/catchconv/convert-jpg2gif-query-1363.smt2,Yices2,1,0.32276874891249463,0.26983980694785714,,0.052929,0
QF_BV/20221012-MCMPC/millionaires/millionaires.t1.i40.ea46cc2d.smt2,Yices2,1,0.21482035709777847,0.2128268911037594,,0.001993,0
QF_BV/Sage2/bench_7785.smt2,Yices2,1,0.46640213776845485,0.37119671679101884,,0.095205,0
QF_BV/sage/app7/bench_2269.smt2,Yices2,1,0.3011773789767176,0.25293862796388566,,0.048239,0
QF_BV/Sage2/bench_1052.smt2,STP,1,1.6853365760762244,1.680881072068587,,0.004456,0
QF_BV/asp/TravellingSalesperson/rand_80_340_1159656267_15.lp.smt2,STP,1,8.440098991850391,8.397984580835328,,0.042114,0
QF_BV/bruttomesso/core/ext_con_040_016_0512.smt2,STP,1,1.6991704127867706,1.6920605758205056,,0.007110,0
QF_BV/bruttomesso/core/ext_con_064_002_0256.smt2,STP,1,1.1960563521133736,1.1941277671139687,,0.001929,0
QF_BV/Sage2/bench_3019.smt2,STP,1,54.33251118293265,54.33086623298004,,0.001645,0
QF_BV/spear/samba_v3.0.24/bin_libsmbsharemodes_vc7297.smt2,Bitwuzla,1,0.4386588869965635,0.434838660992682,,0.003820,0
QF_BV/Sage2/bench_7001.smt2,Bitwuzla,1,6.463713574048597,6.038727486040443,,0.424986,0
QF_BV/asp/GraphColouring/graph-colouring-nodes=140-density=0.1-instance=2.smt2,Yices2,1,1151.5937328608707,1151.5607592118904,,0.032974,0
QF_BV/Sage2/bench_13710.smt2,Bitwuzla,1,2.280509550124407,2.2465445711277425,,0.033965,0
QF_BV/20221012-MCMPC/mean_buckets/simplemean_buckets.t1.i25.c770ee24.smt2,STP,1,0.32130258483812213,0.31871984084136784,,0.002583,0
QF_BV/20221012-MCMPC/simplemean/simplemean.t1.i4.f10db1f3.smt2,STP,1,0.25014519394608214,0.2484972949605435,,0.001648,0
QF_BV/20221012-MCMPC/dualexecution_affine/dualexecution_affine.t1.i8.2f90b176.smt2,Yices2,1,0.41996120114345104,0.30633366014808416,,0.113628,0
QF_BV/Sage2/bench_11746.smt2,STP,1,0.280473489954602,0.27421107795089483,,0.006262,0
QF_BV/Sage2/bench_4098.smt2,Yices2,1,0.5617632580106147,0.4607637480366975,,0.101000,0
QF_BV/sage/app7/bench_791.smt2,Yices2,1,0.49411932012299076,0.3370934871491045,,0.157026,0
QF_BV/20210312-Bouvier/vlsat3_g80.smt2,Bitwuzla,1,13.673090167052578,13.5703152960632,,0.102775,0
QF_BV/20221012-MCMPC/simplemean_buckets/simplemean_buckets.t1.i25.8a95d981.smt2,STP,1,0.31257501104846597,0.31006815703585744,,0.002507,0
QF_BV/20221012-MCMPC/mean_buckets/mean_buckets.t1.i23.e078590a.smt2,STP,1,0.3335966670420021,0.33108046604320407,,0.002516,0
QF_BV/Sage2/bench_10649.smt2,STP,1,0.2598928468651138,0.25713605782948434,,0.002757,0
QF_BV/Sage2/bench_7811.smt2,STP,1,0.41519837005762383,0.4067493190523237,,0.008449,0
QF_BV/20221012-MCMPC/dualexecution_affine/dualexecution_affine.t1.i2.eaf4ef12.smt2,Yices2,1,0.7586337479879148,0.5381869119592011,,0.220447,0
QF_BV/spear/wget_v1.10.2/src_wget_vc17558.smt2,STP,1,1.3233181159594096,1.3221384349744767,,0.001180,0
QF_BV/bruttomesso/simple_processor/simple_processors_006_003_0032.smt2,STP,1,1.5832783259102143,1.5823531309142709,,0.000925,0
QF_BV/brummayerbiere4/unconstrained07.smt2,Bitwuzla,1,12.293638804170769,12.293232411146164,,0.000406,0
QF_BV/uclid/catchconv/convert-jpg2gif-query-1552.smt2,Yices2,1,0.43382041802397,0.35967795900069177,,0.074142,0
QF_BV/float/square.2.0.i.smt2,Yices2,1,1.8094265538966283,1.8018325888551772,,0.007594,0
QF_BV/sage/app7/bench_1936.smt2,Yices2,1,0.8123547221766785,0.5666614861693233,,0.245693,0
QF_BV/Sage2/bench_6373.smt2,STP,1,6.075384036870673,6.073746617883444,,0.001637,0
QF_BV/sage/app7/bench_192.smt2,Yices2,1,0.7963500861078501,0.5481804281007499,,0.248170,0
QF_BV/Sage2/bench_2910.smt2,STP,1,12.15340858604759,12.151768194045871,,0.001640,0
QF_BV/sage/app7/bench_1453.smt2,Yices2,1,0.37228850612882525,0.2838185140863061,,0.088470,0
QF_BV/bruttomesso/core/ext_con_048_001_0512.smt2,STP,1,2.076189818093553,2.075111339101568,,0.001078,0
QF_BV/20210219-Sydr/symbolic_memory/linear/readelf/predicate_2508.smt2,Yices2,1,1.7175970500684343,1.5499912090599537,,0.167606,0
QF_BV/spear/samba_v3.0.24/bin_libmsrpc_vc1225389.smt2,Yices2,1,1.1371497599757276,1.1179276090115309,,0.019222,0
QF_BV/Sage2/bench_13694.smt2,Yices2,1,4.390980387979653,4.277363199973479,,0.113617,0
QF_BV/sage/app7/bench_4769.smt2,Yices2,1,0.692914048966486,0.4869532079901546,,0.205961,0
QF_BV/sage/app2/bench_637.smt2,Yices2,1,0.25974189187400043,0.2472714208997786,,0.012470,0
QF_BV/20210219-Sydr/master/cjpeg/predicate_427.smt2,Yices2,1,0.3754200239200145,0.3670183268841356,,0.008402,0
QF_BV/brummayerbiere3/mulhs32.smt2,STP,0,1200.0,1201.2598879521247,,0.000877,0
QF_BV/20221012-MCMPC/wage_circuit_div/wage_circuit_div.t1.i33.e5f1afe7.smt2,STP,1,0.2276309979497455,0.22621486498974264,,0.001416,0
QF_BV/Sage2/bench_5748.smt2,STP,1,1.0232509120833129,1.018784732092172,,0.004466,0
QF_BV/20190311-bv-term-small-rw-Noetzli/bv-term-small-rw_132.smt2,STP,1,0.21134382608579472,0.21087614609859884,,0.000468,0
QF_BV/Sage2/bench_14991.smt2,Yices2,1,0.41165065503446385,0.3236249650362879,,0.088026,0
QF_BV/spear/samba_v3.0.24/bin_libsmbsharemodes_vc6206.smt2,Yices2,1,0.7049801030661911,0.692432007053867,,0.012548,0
QF_BV/Sage2/bench_6893.smt2,Yices2,1,0.4699685930972919,0.37282541510649025,,0.097143,0
QF_BV/sage/app1/bench_2447.smt2,Bitwuzla,1,0.24036461306968704,0.23606367106549442,,0.004301,0
QF_BV/float/test_v5_r15_vr10_c1_s11127.smt2,Bitwuzla,1,117.8915392899653,117.80909519898705,,0.082444,0
QF_BV/spear/cvs_v1.11.22/cvs_vc105323.smt2,STP,1,0.5562782749184407,0.5505839888937771,,0.005694,0
QF_BV/20221012-MCMPC/millionaires/millionaires.t1.i30.44b1df78.smt2,STP,1,0.24574285402195528,0.24452435597777367,,0.001218,0
QF_BV/Sage2/bench_4914.smt2,Yices2,1,0.45533302502008155,0.3698073660489172,,0.085526,0
QF_BV/20221012-MCMPC/wage/wage.t1.i27.208ed6f1.smt2,Bitwuzla,1,0.262518462841399,0.2610962998587638,,0.001422,0
QF_BV/Sage2/bench_5830.smt2,STP,1,0.23368684708839282,0.23159546009264886,,0.002091,0
QF_BV/spear/samba_v3.0.24/bin_libsmbclient_vc1225302.smt2,Yices2,1,1.2147023109719157,1.1909106229431927,,0.023792,0
QF_BV/sage/app7/bench_1121.smt2,Yices2,1,0.4732938490342349,0.34700845601037145,,0.126285,0
QF_BV/sage/app11/bench_538.smt2,Yices2,1,0.40805531706428155,0.3327745860442519,,0.075281,0
QF_BV/Sage2/bench_10.smt2,Yices2,1,1.1595345299574547,0.8643922039773315,,0.295142,0
QF_BV/Sage2/bench_15701.smt2,STP,1,0.22574175480986014,0.22433657781220973,,0.001405,0
QF_BV/20221012-MCMPC/dualexecution/dualexecution.t1.i6.e57e39b7.smt2,Yices2,1,0.4207892149570398,0.33157281996682286,,0.089216,0
QF_BV/calypto/problem_12.smt2,STP,0,1200.0,1201.2238247110508,,0.000476,0
QF_BV/20221012-MCMPC/dualexecution_affine/dualexecution_affine.t1.i6.0383662a.smt2,Yices2,1,0.8622347650234587,0.5236585750244558,,0.338576,0
QF_BV/sage/app11/bench_581.smt2,Yices2,1,0.3780020620324649,0.3023196030408144,,0.075682,0
QF_BV/sage/app2/bench_621.smt2,Yices2,1,0.24006701994221658,0.22698758891783655,,0.013079,0
QF_BV/Sage2/bench_1346.smt2,STP,1,4.317435394972563,4.31557683297433,,0.001859,0
QF_BV/20221012-MCMPC/millionaires/millionaires.t1.i52.e1db6e0a.smt2,Yices2,1,0.217912252061069,0.21582184708677232,,0.002090,0
QF_BV/spear/samba_v3.0.24/bin_eventlogadm_vc352379.smt2,Yices2,1,1.810089071863331,1.764467320870608,,0.045622,0
QF_BV/sage/app7/bench_2792.smt2,Yices2,1,0.7899258100660518,0.5464485590346158,,0.243477,0
QF_BV/sage/app11/bench_276.smt2,Yices2,1,0.3950678419787437,0.31793426303192973,,0.077134,0
QF_BV/sage/app7/bench_3014.smt2,Yices2,1,0.7850237370585091,0.5394527830649167,,0.245571,0
QF_BV/sage/app7/bench_187.smt2,Yices2,1,0.6490387300727889,0.46121686208061874,,0.187822,0
QF_BV/20221012-MCMPC/millionaires/millionaires.t3.i9.a2c698bc.smt2,Bitwuzla,1,0.26251600991236046,0.2595458119176328,,0.002970,0
QF_BV/spear/samba_v3.0.24/bin_eventlogadm_vc331115.smt2,Yices2,1,0.6382387389312498,0.6272605799604207,,0.010978,0
QF_BV/sage/app1/bench_862.smt2,STP,1,0.23319088690914214,0.23037002887576818,,0.002821,0
QF_BV/20221012-MCMPC/millionaires/millionaires.t1.i2.c03695c9.smt2,Bitwuzla,1,0.26327487477101386,0.2601941227912903,,0.003081,0
QF_BV/sage/app7/bench_8651.smt2,Yices2,1,0.6854348360793665,0.4943614180665463,,0.191073,0
QF_BV/Sage2/bench_6301.smt2,STP,1,0.4902132311835885,0.4825248911511153,,0.007688,0
QF_BV/uclid/catchconv/convert-jpg2gif-query-1617.smt2,Yices2,1,0.8379956920980476,0.754218643065542,,0.083777,0
QF_BV/Sage2/bench_16405.smt2,STP,1,0.2311293071252294,0.2291384181007743,,0.001991,0
QF_BV/bruttomesso/core/ext_con_008_001_0512.smt2,STP,1,0.5593697099247947,0.5587847759015858,,0.000585,0
QF_BV/Sage2/bench_11469.smt2,STP,1,20.32390316313831,20.32259987713769,,0.001303,0
QF_BV/sage/app1/bench_208.smt2,STP,1,0.2496550368377939,0.24886350985616446,,0.000792,0
QF_BV/spear/samba_v3.0.24/bin_libsmbsharemodes_vc5824.smt2,Bitwuzla,1,0.7075636219233274,0.6965880459174514,,0.010976,0
QF_BV/sage/app11/bench_451.smt2,Yices2,1,0.37323906895471737,0.29779999097809196,,0.075439,0
QF_BV/sage/app7/bench_762.smt2,Yices2,1,0.5106628580833785,0.3401182780507952,,0.170545,0
QF_BV/Sage2/bench_17186.smt2,STP,1,0.24048688809853047,0.23703249311074615,,0.003454,0
QF_BV/Sage2/bench_13085.smt2,Bitwuzla,1,0.6871662671328522,0.5520797751378268,,0.135086,0
QF_BV/20221012-MCMPC/millionaires/millionaires.t1.i11.b4b480fa.smt2,Bitwuzla,1,0.2652855727938004,0.26279580080881715,,0.002490,0
QF_BV/sage/app12/bench_697.smt2,STP,1,0.4106095581082627,0.408018303103745,,0.002591,0
QF_BV/20190311-bv-term-small-rw-Noetzli/bv-term-small-rw_1317.smt2,STP,1,0.21308781305560842,0.21254346100613475,,0.000544,0
QF_BV/20190311-bv-term-small-rw-Noetzli/bv-term-small-rw_43.smt2,STP,1,0.219656897126697,0.21925774216651917,,0.000399,0
QF_BV/Sage2/bench_1899.smt2,STP,1,84.29890304600121,84.29694332298823,,0.001960,0
QF_BV/20221012-MCMPC/dualexecution/dualexecution.t1.i6.78f7c8f8.smt2,Yices2,1,0.3442675750120543,0.2732024909928441,,0.071065,0
QF_BV/sage/app7/bench_135.smt2,Yices2,1,0.6564153638901189,0.46280779386870563,,0.193608,0
QF_BV/sage/app1/bench_2485.smt2,STP,1,0.24253054196015,0.2413372399751097,,0.001193,0
QF_BV/20210219-Sydr/symbolic_memory/linear/yices/predicate_2130.smt2,Yices2,1,1.3308659248868935,1.0338057798799127,,0.297060,0
QF_BV/20210219-Sydr/symbolic_memory/linear/hdp/predicate_3128.smt2,Yices2,1,2.737748865096364,2.519203511066735,,0.218545,0
QF_BV/20221012-MCMPC/dualexecution_affine/dualexecution_affine.t1.i10.1342e8d3.smt2,Yices2,1,0.4048531449516304,0.29786902596242726,,0.106984,0
QF_BV/spear/samba_v3.0.24/bin_eventlogadm_vc331154.smt2,Yices2,1,0.45327740005450323,0.44286548206582665,,0.010412,0
QF_BV/spear/samba_v3.0.24/bin_eventlogadm_vc331223.smt2,Yices2,1,0.7480314768035896,0.7176680248230696,,0.030363,0
QF_BV/20190311-bv-term-small-rw-Noetzli/bv-term-small-rw_1439.smt2,STP,1,0.21525848913006485,0.21485416614450514,,0.000404,0
QF_BV/sage/app7/bench_621.smt2,Yices2,1,0.5696979968925007,0.39305141591466963,,0.176647,0
QF_BV/sage/app7/bench_1424.smt2,Yices2,1,0.3764894540072419,0.2862881449982524,,0.090201,0
QF_BV/20190311-bv-term-small-rw-Noetzli/bv-term-small-rw_1314.smt2,STP,1,0.2288293779711239,0.22841986501589417,,0.000410,0
QF_BV/Sage2/bench_6597.smt2,STP,1,0.4786842518951744,0.4706948339007795,,0.007989,0
QF_BV/sage/app7/bench_6102.smt2,Yices2,1,0.6741376389982179,0.4808554300107062,,0.193282,0
QF_BV/20230221-oisc-gurtner/SRAI-SAFE-20-1024.smt2,STP,1,36.34340153908124,36.20806670305319,,0.135335,0
QF_BV/sage/app7/bench_533.smt2,Yices2,1,0.5456493650563061,0.3628853550180793,,0.182764,0
QF_BV/spear/samba_v3.0.24/bin_eventlogadm_vc331200.smt2,Yices2,1,2.1430409380118363,2.1165693739894778,,0.026472,0
QF_BV/Sage2/bench_10869.smt2,Bitwuzla,1,1.2352832600590773,1.2281541910488158,,0.007129,0
QF_BV/pspace/power2sum.9878.smt2,STP,1,172.55004939786159,172.54963199491613,,0.000417,0
QF_BV/20221012-MCMPC/dualexecution_affine/dualexecution.t1.i14.4c1944ca.smt2,Yices2,1,1.2632858808501624,0.7014996658544987,,0.561786,0
QF_BV/20221012-MCMPC/dualexecution_affine/dualexecution_affine.t1.i10.b180acbb.smt2,Yices2,1,0.2871583480737172,0.25339935603551567,,0.033759,0
QF_BV/20190311-bv-term-small-rw-Noetzli/bv-term-small-rw_336.smt2,STP,1,0.21619255386758596,0.2156864928547293,,0.000506,0
QF_BV/sage/app7/bench_3784.smt2,STP,1,0.28395377594279125,0.2826915339101106,,0.001262,0
QF_BV/sage/app9/bench_3275.smt2,STP,1,0.3918880801065825,0.3887221810873598,,0.003166,0
QF_BV/Sage2/bench_83.smt2,Bitwuzla,1,0.3843810789985582,0.3635923860128969,,0.020789,0
QF_BV/20221012-MCMPC/millionaires/millionaires.t2.i21.98a3167b.smt2,Yices2,1,0.21927185001550242,0.21643771301023662,,0.002834,0
QF_BV/Sage2/bench_9378.smt2,Yices2,1,1.4024129428435117,1.0565686328336596,,0.345844,0
QF_BV/sage/app9/bench_1666.smt2,STP,1,0.23070885194465518,0.2300345399416983,,0.000674,0
QF_BV/Sage2/bench_15568.smt2,Yices2,1,1.1466568901087157,1.094063124153763,,0.052594,0
QF_BV/Sage2/bench_16951.smt2,Yices2,1,0.23662927781697363,0.22759286686778069,,0.009036,0
QF_BV/Sage2/bench_9561.smt2,Yices2,1,0.45740694407140836,0.36579825705848634,,0.091609,0
QF_BV/20230221-oisc-gurtner/SRLI-SAFE-8-1024.smt2,Yices2,1,17.28619777993299,17.20557885291055,,0.080619,0
QF_BV/sage/app8/bench_1471.smt2,STP,1,0.234623508004006,0.23179027601145208,,0.002833,0
QF_BV/20190311-bv-term-small-rw-Noetzli/bv-term-small-rw_1539.smt2,STP,1,0.23458971502259374,0.23419450805522501,,0.000395,0
QF_BV/Sage2/bench_13921.smt2,Yices2,1,0.49607399420347065,0.40333280619233847,,0.092741,0
QF_BV/spear/inn_v2.4.3/nnrpd_nnrpd_vc21655.smt2,Bitwuzla,1,0.5404472228838131,0.5383704858832061,,0.002077,0
QF_BV/20221012-MCMPC/millionaires/millionaires.t1.i24.b5117e42.smt2,Bitwuzla,1,0.2591382300015539,0.2567771449685097,,0.002361,0
QF_BV/Sage2/bench_15158.smt2,STP,1,29.597841292154044,29.596792464144528,,0.001049,0
QF_BV/20190311-bv-term-small-rw-Noetzli/bv-term-small-rw_721.smt2,STP,1,0.2218443081364967,0.221454962156713,,0.000389,0
QF_BV/sage/app1/bench_2282.smt2,Bitwuzla,1,0.26395312405657023,0.25948199606500566,,0.004471,0
QF_BV/spear/samba_v3.0.24/bin_eventlogadm_vc331007.smt2,Bitwuzla,1,0.5915025239810348,0.5866392119787633,,0.004863,0
QF_BV/Sage2/bench_6696.smt2,STP,1,0.8494211899233051,0.8318680729717016,,0.017553,0
QF_BV/spear/samba_v3.0.24/bin_libsmbsharemodes_vc5763.smt2,Bitwuzla,1,0.5956477869767696,0.5829151680227369,,0.012733,0
QF_BV/sage/app7/bench_1542.smt2,Yices2,1,0.3694390199962072,0.2774943499825895,,0.091945,0
QF_BV/brummayerbiere4/unconstrained02.smt2,STP,1,0.24339838599553332,0.242815094999969,,0.000583,0
QF_BV/log-slicing/bvult_6000.smt2,STP,1,19.881763911107555,19.879784271121025,,0.001980,0
QF_BV/spear/inn_v2.4.3/innfeed_innfeed_vc36442.smt2,Bitwuzla,1,0.4545764329377562,0.4522842769511044,,0.002292,0
QF_BV/spear/samba_v3.0.24/bin_libmsrpc_vc1225958.smt2,Yices2,1,1.2225466739037074,1.2024531438946724,,0.020094,0
QF_BV/20221214-p4dfa-XiaoqiChen/StringMatching/string4x16.7._bit8_na6_nr4_pairedtwobranch.smt2,Yices2,0,1200.0,1201.3648290268611,,0.547902,0
QF_BV/20221012-MCMPC/wage/wage.t1.i28.366f39c4.smt2,Bitwuzla,1,0.2546296119107865,0.2530492169316858,,0.001580,0
QF_BV/Sage2/bench_16159.smt2,STP,1,0.992616996052675,0.9763839880470186,,0.016233,0
QF_BV/spear/samba_v3.0.24/bin_libsmbclient_vc1225210.smt2,Bitwuzla,1,0.9609503099345602,0.9461665919516236,,0.014784,0
QF_BV/20221214-p4dfa-XiaoqiChen/Composition/simple_bit8_na1_nr1_twocond.smt2,Yices2,1,0.22266056097578257,0.2212892819661647,,0.001371,0
QF_BV/20190311-bv-term-small-rw-Noetzli/bv-term-small-rw_236.smt2,STP,1,0.21938214800320566,0.21898737200535834,,0.000395,0
QF_BV/20210219-Sydr/master/yices/predicate_567.smt2,STP,1,0.367560159007553,0.35239200899377465,,0.015168,0
QF_BV/20221012-MCMPC/millionaires/millionaires.t1.i41.ee984129.smt2,Yices2,1,0.21783640910871327,0.21564876311458647,,0.002188,0
QF_BV/Sage2/bench_3103.smt2,STP,1,0.47868840902810916,0.471181120024994,,0.007507,0
QF_BV/sage/app1/bench_912.smt2,STP,1,0.23896245483774692,0.23628194583579898,,0.002681,0
QF_BV/20221012-MCMPC/mean_buckets/mean_buckets.t1.i13.1ab29681.smt2,STP,1,0.33081236819271,0.32793813617900014,,0.002874,0
QF_BV/sage/app7/bench_347.smt2,Yices2,1,0.5663945529377088,0.3846030819695443,,0.181791,0
QF_BV/Sage2/bench_4528.smt2,STP,1,0.2260859898524359,0.2245282898657024,,0.001558,0
QF_BV/sage/app1/bench_182.smt2,Bitwuzla,1,0.5082680310006253,0.5044791779946536,,0.003789,0
QF_BV/sage/app7/bench_5614.smt2,Yices2,1,0.6736999289714731,0.4757328829728067,,0.197967,0
QF_BV/sage/app1/bench_4.smt2,Yices2,1,0.7376461289823055,0.7321044059935957,,0.005542,0
QF_BV/20221012-MCMPC/mean_buckets/mean_buckets.t1.i25.fdf8caba.smt2,STP,1,0.3051623699720949,0.3027187529951334,,0.002444,0
QF_BV/20190429-UltimateAutomizerSvcomp2019/byte_add_1_true-unreach-call_true-no-overflow_true-termination.i_14.smt2,STP,1,0.2241581140551716,0.2234591080341488,,0.000699,0
QF_BV/Sage2/bench_13304.smt2,Yices2,1,1.1644770940765738,1.1305652600713074,,0.033912,0
QF_BV/bruttomesso/core/ext_con_036_008_0256.smt2,STP,1,1.3617028541630134,1.3581988101359457,,0.003504,0
QF_BV/20221012-MCMPC/dualexecution_affine/dualexecution_affine.t1.i8.22d1dc7b.smt2,Yices2,1,0.434036023914814,0.3107287809252739,,0.123307,0
QF_BV/Sage2/bench_12454.smt2,STP,1,13.240795752906706,13.239178526913747,,0.001617,0
QF_BV/20190311-bv-term-small-rw-Noetzli/bv-term-small-rw_1094.smt2,STP,1,0.2164188520400785,0.21599940001033247,,0.000419,0
QF_BV/Sage2/bench_3482.smt2,STP,1,11.134753915073816,11.132913232082501,,0.001841,0
QF_BV/uclid/catchconv/convert-jpg2gif-query-1190.smt2,Yices2,1,0.31058808107627556,0.2653079670853913,,0.045280,0
QF_BV/20221012-MCMPC/millionaires/millionaires.t1.i31.79fd94e9.smt2,STP,1,0.22275892400648445,0.22148965299129486,,0.001269,0
QF_BV/20221012-MCMPC/mean_buckets/simplemean_buckets.t1.i14.7a753cc2.smt2,STP,1,0.33161013113567606,0.32882982213050127,,0.002780,0
QF_BV/Sage2/bench_3246.smt2,STP,1,1.395651444036048,1.3692071170080453,,0.026444,0
QF_BV/sage/app7/bench_8213.smt2,Yices2,1,0.5629874242004007,0.37610937119461596,,0.186878,0
QF_BV/sage/app7/bench_3692.smt2,Yices2,1,0.7290539818932302,0.508512666914612,,0.220541,0
QF_BV/Sage2/bench_13572.smt2,Bitwuzla,1,2.1371399047784507,2.125402294797823,,0.011738,0
QF_BV/spear/inn_v2.4.3/innfeed_imapfeed_vc25456.smt2,Bitwuzla,1,0.8807039120001718,0.8786015580408275,,0.002102,0
QF_BV/20221012-MCMPC/wage_circuit_div/wage_circuit_div.t1.i31.01561111.smt2,STP,1,0.2390098050236702,0.23758346401154995,,0.001426,0
QF_BV/20221012-MCMPC/wage_circuit_div/wage_circuit_div.t1.i21.ed58e89e.smt2,STP,1,0.24380568088963628,0.24211175693199039,,0.001694,0
QF_BV/20221012-MCMPC/dualexecution_affine/dualexecution_affine.t1.i11.83e16a72.smt2,Yices2,1,0.3583792519639246,0.27782560396008193,,0.080554,0
QF_BV/Sage2/bench_16300.smt2,Yices2,1,1.9352726640645415,1.859680358087644,,0.075592,0
QF_BV/Sage2/bench_17082.smt2,Bitwuzla,1,5.211241550918203,5.208153903950006,,0.003088,0
QF_BV/Sage2/bench_14455.smt2,STP,1,0.22795440693153068,0.2258511409163475,,0.002103,0
QF_BV/20190311-bv-term-small-rw-Noetzli/bv-term-small-rw_1076.smt2,STP,1,0.2422066199942492,0.24176866398192942,,0.000438,0
QF_BV/Sage2/bench_10867.smt2,Yices2,1,0.4229092987952754,0.3009726738091558,,0.121937,0
QF_BV/20221012-MCMPC/millionaires/millionaires.t1.i54.8d79b81b.smt2,Yices2,1,0.2424815851263702,0.24047747813165188,,0.002004,0
QF_BV/Sage2/bench_16026.smt2,STP,1,0.5634334528585896,0.5595991178415716,,0.003834,0
QF_BV/spear/inn_v2.4.3/innfeed_innfeed_vc37055.smt2,Bitwuzla,1,0.7218982069171034,0.7196213689167053,,0.002277,0
QF_BV/spear/samba_v3.0.24/bin_libsmbsharemodes_vc4298.smt2,Bitwuzla,1,0.4585474340710789,0.4510935100261122,,0.007454,0
QF_BV/Sage2/bench_12544.smt2,Yices2,1,0.4869506811373867,0.33630175213329494,,0.150649,0
QF_BV/Sage2/bench_1811.smt2,STP,1,3.437520421925001,3.4330838709138334,,0.004437,0
QF_BV/20221012-MCMPC/dualexecution_affine/dualexecution_affine.t1.i9.b81683f7.smt2,Yices2,1,0.32224264997057617,0.26079762796871364,,0.061445,0
QF_BV/Sage2/bench_13410.smt2,Bitwuzla,1,2.136562584026251,2.1027556019835174,,0.033807,0
QF_BV/sage/app7/bench_2892.smt2,Yices2,1,0.6838887369958684,0.4327560430392623,,0.251133,0
QF_BV/20221012-MCMPC/wage/wage.t1.i30.f4ed9e56.smt2,Bitwuzla,1,0.2589670129818842,0.2575979579705745,,0.001369,0
QF_BV/20221012-MCMPC/dualexecution/dualexecution.t1.i15.e677ca3b.smt2,Yices2,1,0.9370837560854852,0.5525157060474157,,0.384568,0
QF_BV/20221012-MCMPC/millionaires/millionaires.t1.i27.29937ba3.smt2,STP,1,0.22923506994266063,0.22794395894743502,,0.001291,0
QF_BV/Sage2/bench_17830.smt2,Yices2,1,0.660115864011459,0.447107041021809,,0.213009,0
QF_BV/Sage2/bench_5900.smt2,STP,1,0.33397295395843685,0.32417961093597114,,0.009793,0
QF_BV/Sage2/bench_9446.smt2,STP,1,0.22457197296898812,0.22296945797279477,,0.001603,0
QF_BV/20221012-MCMPC/millionaires/millionaires.t1.i16.55b4c8ea.smt2,Bitwuzla,1,0.25202054693363607,0.2497619609348476,,0.002259,0
QF_BV/20190311-bv-term-small-rw-Noetzli/bv-term-small-rw_800.smt2,STP,1,0.23228861024836078,0.231814798200503,,0.000474,0
QF_BV/20221012-MCMPC/mean_buckets/mean_buckets.t1.i27.3dc44c8c.smt2,STP,1,0.2975196150946431,0.29534605611115694,,0.002174,0
QF_BV/20221012-MCMPC/millionaires/millionaires.t1.i29.405510c7.smt2,STP,1,0.21991237479960546,0.21874924981966615,,0.001163,0
QF_BV/Sage2/bench_14784.smt2,Bitwuzla,1,56.017668235173915,55.97083773417398,,0.046831,0
QF_BV/Sage2/bench_5772.smt2,STP,1,0.6572005178313702,0.6267285528592765,,0.030472,0
QF_BV/bruttomesso/core/ext_con_016_001_0064.smt2,STP,1,0.33085436082910746,0.3298838618211448,,0.000970,0
QF_BV/Sage2/bench_7839.smt2,STP,1,53.65808494313387,53.65666270209476,,0.001422,0
QF_BV/Sage2/bench_12639.smt2,Bitwuzla,1,0.544555494969245,0.5414761579595506,,0.003079,0
QF_BV/20221012-MCMPC/millionaires/millionaires.t2.i51.62431f3c.smt2,Yices2,1,0.2219294219976291,0.21897658496163785,,0.002953,0
QF_BV/Sage2/bench_4088.smt2,STP,1,0.3794607790769078,0.37767205107957125,,0.001789,0
QF_BV/spear/inn_v2.4.3/innd_innd_vc33342.smt2,Bitwuzla,1,0.4115488099632785,0.4097956239711493,,0.001753,0
QF_BV/Sage2/bench_5102.smt2,STP,1,0.24714844906702638,0.24434958305209875,,0.002799,0
QF_BV/sage/app1/bench_1975.smt2,Yices2,1,0.24554849497508258,0.24060070398263633,,0.004948,0
QF_BV/sage/app1/bench_1159.smt2,Yices2,1,0.22373141389107332,0.2185720398556441,,0.005159,0
QF_BV/log-slicing/bvshl_0506.smt2,STP,1,5.800736531964503,5.798625868977979,,0.002111,0
QF_BV/Sage2/bench_9600.smt2,STP,1,1.0383768770843744,1.012754752067849,,0.025622,0
QF_BV/Sage2/bench_13843.smt2,Yices2,1,0.4972777051734738,0.38323782617226243,,0.114040,0
QF_BV/sage/app11/bench_146.smt2,Yices2,1,0.4423968818737194,0.3579981639049947,,0.084399,0
QF_BV/Sage2/bench_1664.smt2,STP,1,37.87387191795278,37.871894432930276,,0.001977,0
QF_BV/Sage2/bench_3437.smt2,STP,1,14.229643875849433,14.228000908857211,,0.001643,0
QF_BV/20230221-oisc-gurtner/SRLI-SAFE-24-24.smt2,STP,1,4.198878919123672,4.1926234441343695,,0.006255,0
QF_BV/bruttomesso/core/ext_con_028_064_0256.smt2,cvc5,1,1.0320715869311243,1.0130984329152852,,0.018973,0
QF_BV/spear/wget_v1.10.2/src_wget_vc18181.smt2,STP,1,1.2259479770436883,1.2251604050397873,,0.000788,0
QF_BV/sage/app7/bench_8003.smt2,Yices2,1,0.6494595709373243,0.46200176794081926,,0.187458,0
QF_BV/spear/inn_v2.4.3/nnrpd_nnrpd_vc21219.smt2,Bitwuzla,1,0.4216946378001012,0.41984576382674277,,0.001849,0
QF_BV/Sage2/bench_14518.smt2,Yices2,1,1.0029757680022158,0.8721722289919853,,0.130804,0
QF_BV/Sage2/bench_11717.smt2,Bitwuzla,1,28.058053462940734,28.056122086942196,,0.001931,0
QF_BV/Sage2/bench_3147.smt2,STP,1,5.959804654936306,5.958098860923201,,0.001706,0
QF_BV/Sage2/bench_11443.smt2,STP,1,0.2234193840995431,0.22223219205625355,,0.001187,0
QF_BV/20221012-MCMPC/millionaires/millionaires.t1.i38.4c9ea249.smt2,Yices2,1,0.21716818312415853,0.2151679841335863,,0.002000,0
QF_BV/sage/app7/bench_42.smt2,Yices2,1,0.7224874531384557,0.5375055260956287,,0.184982,0
QF_BV/asp/ConnectedDominatingSet/rand_90_600_1235859689_0_k=10_sat.gph.smt2,Yices2,1,3.0864040489541367,3.0657589889597148,,0.020645,0
QF_BV/bruttomesso/lfsr/lfsr_008_127_128.smt2,Yices2,1,10.399978336878121,10.388380620861426,,0.011598,0
QF_BV/Sage2/bench_7542.smt2,STP,1,0.4373108131112531,0.4297542041167617,,0.007557,0
QF_BV/Sage2/bench_13540.smt2,Bitwuzla,1,5.686234725115355,5.2236354681663215,,0.462599,0
QF_BV/sage/app7/bench_1988.smt2,Yices2,1,0.33609891490777954,0.2780882369261235,,0.058011,0
QF_BV/20221012-MCMPC/millionaires/millionaires.t1.i35.b9a3f26b.smt2,Yices2,1,0.2242912720539607,0.22225305205211043,,0.002038,0
QF_BV/20221214-p4dfa-XiaoqiChen/VideoConf/videoconf_split4_full_bit16_na13_nr4_paired.smt2,Yices2,0,1200.0,1201.253941013012,,0.064877,0
QF_BV/20210219-Sydr/master/cjpeg/predicate_2717.smt2,Yices2,1,0.2908140689251013,0.24490416795015335,,0.045910,0
QF_BV/20221012-MCMPC/mean_buckets/mean_buckets.t1.i23.4a2e367c.smt2,STP,1,0.331902090983931,0.32931072101928294,,0.002591,0
QF_BV/20210219-Sydr/master/yices/predicate_10305.smt2,STP,1,2.2038485809462145,1.9696009529288858,,0.234248,0
QF_BV/spear/samba_v3.0.24/bin_eventlogadm_vc354395.smt2,Yices2,1,0.4764235229813494,0.4395247020293027,,0.036899,0
QF_BV/20221012-MCMPC/millionaires/millionaires.t2.i8.477d66ba.smt2,Bitwuzla,1,0.26247164903907105,0.2596776559948921,,0.002794,0
QF_BV/Sage2/bench_2565.smt2,STP,1,30.98690338002052,30.98495473805815,,0.001949,0
QF_BV/Sage2/bench_10608.smt2,Bitwuzla,1,17.623326197033748,17.589601607993245,,0.033725,0
QF_BV/bruttomesso/core/ext_con_020_016_0064.smt2,STP,1,0.4111763321561739,0.40742678311653435,,0.003750,0
QF_BV/20221012-MCMPC/millionaires/millionaires.t1.i18.3dc78c4d.smt2,STP,1,0.23996117286151275,0.23863485688343644,,0.001326,0
QF_BV/20221012-MCMPC/millionaires/millionaires.t1.i9.3cb5249d.smt2,Bitwuzla,1,0.2633573130588047,0.26080109807662666,,0.002556,0
QF_BV/Sage2/bench_14159.smt2,STP,1,1.4829587929998524,1.4703023009933531,,0.012656,0
QF_BV/sage/app2/bench_547.smt2,Yices2,1,0.2642323258914985,0.24587257485836744,,0.018360,0
QF_BV/spear/samba_v3.0.24/bin_eventlogadm_vc354399.smt2,Yices2,1,0.4514485750696622,0.40892367507331073,,0.042525,0
QF_BV/20221012-MCMPC/sugarbeets/sugarbeets.t1.i16.c57d3d03.smt2,Yices2,1,0.5962653629248962,0.562732518883422,,0.033533,0
QF_BV/Sage2/bench_16499.smt2,Bitwuzla,1,6.077413501974661,6.0652157589793205,,0.012198,0
QF_BV/Sage2/bench_9685.smt2,Bitwuzla,1,14.897949875914492,14.864566555945203,,0.033383,0
QF_BV/sage/app1/bench_2009.smt2,Yices2,1,0.2766308870050125,0.27181613305583596,,0.004815,0
QF_BV/sage/app7/bench_194.smt2,Yices2,1,0.6508897791500203,0.4638616521842778,,0.187028,0
QF_BV/Sage2/bench_10096.smt2,STP,1,1.8855174680356868,1.8758809519931674,,0.009637,0
QF_BV/mcm/94.smt2,Bitwuzla,1,37.97357938205823,37.96358749107458,,0.009992,0
QF_BV/sage/app8/bench_480.smt2,STP,1,0.3849829469108954,0.3820708189159632,,0.002912,0
QF_BV/20210219-Sydr/master/readelf/predicate_490.smt2,STP,1,0.27232866518897936,0.2707497011870146,,0.001579,0
QF_BV/Sage2/bench_6988.smt2,Yices2,1,0.5316303519066423,0.4346475589554757,,0.096983,0
QF_BV/sage/app7/bench_48.smt2,Yices2,1,0.7960706101148389,0.5522587071172893,,0.243812,0
QF_BV/bruttomesso/core/ext_con_056_001_0064.smt2,STP,1,0.42880412010708824,0.4275775970891118,,0.001227,0
QF_BV/uclid/catchconv/convert-jpg2gif-query-1541.smt2,Yices2,1,0.3772394459811039,0.30183354998007417,,0.075406,0
QF_BV/spear/samba_v3.0.24/bin_libsmbsharemodes_vc7645.smt2,Bitwuzla,1,0.9732970251352526,0.9547153511084616,,0.018582,0
QF_BV/bruttomesso/simple_processor/simple_processors_006_004_0016.smt2,STP,1,1.8233663751161657,1.8223052381072193,,0.001061,0
QF_BV/Sage2/bench_9402.smt2,Yices2,1,1.4565290008322336,1.098221561871469,,0.358307,0
QF_BV/sage/app7/bench_1423.smt2,Yices2,1,0.3752110909554176,0.2832111569587141,,0.092000,0
QF_BV/Sage2/bench_5764.smt2,Yices2,1,2.6810653398861177,2.597589938901365,,0.083475,0
QF_BV/Sage2/bench_13869.smt2,STP,1,5.64773794892244,5.645932873943821,,0.001805,0
QF_BV/20221012-MCMPC/millionaires/millionaires.t1.i19.94909454.smt2,Bitwuzla,1,0.25626976107014343,0.2540533230639994,,0.002216,0
QF_BV/spear/samba_v3.0.24/bin_libmsrpc_vc1225774.smt2,Bitwuzla,1,0.7548055070801638,0.7415908731054515,,0.013215,0
QF_BV/uclid/catchconv/convert-jpg2gif-query-1619.smt2,Yices2,1,0.9074711878784001,0.8203969448804855,,0.087074,0
QF_BV/20221012-MCMPC/dualexecution_affine/dualexecution_affine.t1.i6.d5fb0c06.smt2,Yices2,1,0.4386918120435439,0.31260764808394015,,0.126084,0
QF_BV/20210219-Sydr/master/cjpeg/predicate_884.smt2,Yices2,1,0.39663082017796114,0.38134598918259144,,0.015285,0
QF_BV/sage/app7/bench_2071.smt2,Yices2,1,0.30478226294508204,0.25461272592656314,,0.050170,0
QF_BV/bruttomesso/core/ext_con_056_002_0256.smt2,STP,1,1.0322707198210992,1.030590966809541,,0.001680,0
QF_BV/spear/samba_v3.0.24/bin_libsmbclient_vc1225841.smt2,Yices2,1,0.7776526079978794,0.756450077984482,,0.021203,0
QF_BV/Sage2/bench_16521.smt2,Yices2,1,0.4982969249249436,0.38255393598228693,,0.115743,0
QF_BV/sage/app7/bench_1450.smt2,Yices2,1,0.4116329841199331,0.31869886512868106,,0.092934,0
QF_BV/Sage2/bench_11680.smt2,Bitwuzla,1,2.258108021924272,2.247229066910222,,0.010879,0
QF_BV/spear/samba_v3.0.24/bin_libsmbclient_vc1225221.smt2,Bitwuzla,1,1.059680027072318,1.04413065710105,,0.015549,0
QF_BV/Sage2/bench_11686.smt2,Yices2,1,0.6686670888448134,0.6131643478292972,,0.055503,0
QF_BV/20221012-MCMPC/dualexecution_affine/dualexecution_affine.t1.i2.65492ad3.smt2,Yices2,1,0.3795143479947001,0.28599610598757863,,0.093518,0
QF_BV/asp/HamiltonianPath/gryzzles.7.lp.smt2,Yices2,1,1.5289296908886172,1.5081705208867788,,0.020759,0
QF_BV/Sage2/bench_8433.smt2,Yices2,1,3.602793511992786,3.4430697469506413,,0.159724,0
QF_BV/sage/app7/bench_134.smt2,Yices2,1,0.680702015873976,0.4862033638637513,,0.194499,0
QF_BV/Sage2/bench_15319.smt2,Yices2,1,3.0311745338258334,2.6790406368672848,,0.352134,0
QF_BV/Sage2/bench_2871.smt2,STP,1,0.23459977196762338,0.23241182696074247,,0.002188,0
QF_BV/float/test_v3_r3_vr10_c1_s14052.smt2,Yices2,1,1.349985365930479,1.3392658969387412,,0.010719,0
QF_BV/Sage2/bench_6152.smt2,STP,1,0.48966614314122126,0.48183347610756755,,0.007833,0
QF_BV/20190311-bv-term-small-rw-Noetzli/bv-term-small-rw_1253.smt2,STP,1,0.21397180412895977,0.21356670907698572,,0.000405,0
QF_BV/Sage2/bench_4507.smt2,STP,1,0.2247273571556434,0.22328710416331887,,0.001440,0
QF_BV/Sage2/bench_7773.smt2,STP,1,0.274271082947962,0.26994980894960463,,0.004321,0
QF_BV/sage/app1/bench_198.smt2,STP,1,0.21447488805279136,0.21362914005294442,,0.000846,0
QF_BV/20221012-MCMPC/millionaires/millionaires.t1.i22.7f556af1.smt2,Bitwuzla,1,0.2657812851248309,0.2633888521231711,,0.002392,0
QF_BV/sage/app9/bench_3010.smt2,Bitwuzla,1,0.4303754100110382,0.42682742001488805,,0.003548,0
QF_BV/sage/app1/bench_846.smt2,STP,1,0.2323883151402697,0.2296050861477852,,0.002783,0
QF_BV/brummayerbiere3/maxand256.smt2,Bitwuzla,1,86.4414718078333,86.4292140188627,,0.012258,0
QF_BV/sage/app7/bench_79.smt2,Yices2,1,0.6530064760590903,0.46337862010113895,,0.189628,0
QF_BV/20221012-MCMPC/dualexecution_affine/dualexecution.t1.i15.6e8fc75e.smt2,Yices2,1,1.079056829039473,0.6721187049988657,,0.406938,0
QF_BV/Sage2/bench_16292.smt2,Bitwuzla,1,0.3552143870620057,0.34238997707143426,,0.012824,0
QF_BV/sage/app11/bench_64.smt2,Yices2,1,0.37995147082256153,0.3042313908226788,,0.075720,0
QF_BV/Sage2/bench_5116.smt2,STP,1,4.333981348085217,4.331377813126892,,0.002604,0
QF_BV/sage/app11/bench_442.smt2,Yices2,1,0.3758675259305164,0.2982671009376645,,0.077600,0
QF_BV/Sage2/bench_7659.smt2,STP,1,2.9498834229889326,2.9312387299723923,,0.018645,0
QF_BV/20210219-Sydr/master/cjpeg/predicate_2640.smt2,Yices2,1,0.5472770670894533,0.5021703541278839,,0.045107,0
QF_BV/sage/app11/bench_258.smt2,Yices2,1,0.3815857310546562,0.30469952104613185,,0.076886,0
QF_BV/Sage2/bench_6217.smt2,STP,1,0.45179512293543667,0.44411941594444215,,0.007676,0
QF_BV/Sage2/bench_3165.smt2,Yices2,1,0.5507085110293701,0.4488615100272,,0.101847,0
QF_BV/Sage2/bench_10215.smt2,STP,1,26.771639409009367,26.769358498975635,,0.002281,0
QF_BV/Sage2/bench_405.smt2,STP,1,227.67551028187154,227.67332897987217,,0.002181,0
QF_BV/spear/samba_v3.0.24/bin_libsmbsharemodes_vc5749.smt2,Bitwuzla,1,0.8979689970728941,0.8798872830811888,,0.018082,0
QF_BV/sage/app8/bench_3775.smt2,STP,1,0.252831898862496,0.2502824638504535,,0.002549,0
QF_BV/20221012-MCMPC/millionaires/millionaires.t1.i57.268514f4.smt2,Yices2,1,0.24415239808149636,0.2421766030602157,,0.001976,0
QF_BV/Sage2/bench_2591.smt2,Yices2,1,0.5026258800644428,0.3905215640552342,,0.112104,0
QF_BV/Sage2/bench_166.smt2,Yices2,1,0.6143675798666663,0.41972033586353064,,0.194647,0
QF_BV/Sage2/bench_7269.smt2,STP,1,0.27240363601595163,0.2676098879892379,,0.004794,0
QF_BV/sage/app8/bench_1626.smt2,STP,1,0.2340602608746849,0.23163810186088085,,0.002422,0
QF_BV/sage/app12/bench_3607.smt2,STP,1,0.22199530090438202,0.2208421619143337,,0.001153,0
QF_BV/20221012-MCMPC/millionaires/millionaires.t4.i44.acf44154.smt2,Yices2,1,0.2238642309093848,0.21932864491827786,,0.004536,0
QF_BV/Sage2/bench_15623.smt2,STP,1,0.2798923649825156,0.2754078879952431,,0.004484,0
QF_BV/bruttomesso/lfsr/lfsr_002_143_096.smt2,Yices2,1,1.4160792319453321,1.4127436699345708,,0.003336,0
QF_BV/sage/app7/bench_529.smt2,Yices2,1,0.5866040999535471,0.4042084759566933,,0.182396,0
QF_BV/Sage2/bench_10295.smt2,STP,1,29.144233076949604,29.141712815966457,,0.002520,0
QF_BV/Sage2/bench_16304.smt2,Yices2,1,1.0348285698564723,0.9754106148611754,,0.059418,0
QF_BV/spear/samba_v3.0.24/bin_libmsrpc_vc1225342.smt2,Yices2,1,0.8841332430019975,0.8640033160336316,,0.020130,0
QF_BV/Sage2/bench_6888.smt2,STP,1,0.22460106195649132,0.2231827189680189,,0.001418,0
QF_BV/20190311-bv-term-small-rw-Noetzli/bv-term-small-rw_1377.smt2,STP,1,0.24136402207659557,0.24096521805040538,,0.000399,0
QF_BV/Sage2/bench_6960.smt2,STP,1,0.22552219597855583,0.22417449299246073,,0.001348,0
QF_BV/Sage2/bench_17046.smt2,STP,1,0.2744715840090066,0.26922554802149534,,0.005246,0
QF_BV/20221012-MCMPC/millionaires/millionaires.t1.i22.5fe9d3be.smt2,Bitwuzla,1,0.2563623799942434,0.25403794297017157,,0.002324,0
QF_BV/Sage2/bench_5907.smt2,STP,1,0.23067467601504177,0.2282838539686054,,0.002391,0
QF_BV/sage/app7/bench_7336.smt2,Yices2,1,0.6728594939340837,0.48279576492495835,,0.190064,0
QF_BV/sage/app1/bench_87.smt2,STP,1,0.2126902430318296,0.21176324505358934,,0.000927,0
QF_BV/Sage2/bench_5383.smt2,Bitwuzla,1,3.6781206530868076,3.273633385077119,,0.404487,0
QF_BV/sage/app7/bench_6491.smt2,Yices2,1,0.6717019080533646,0.47832303307950497,,0.193379,0
QF_BV/20221012-MCMPC/dualexecution/dualexecution.t1.i10.336e8419.smt2,Yices2,1,0.34180776798166335,0.27450478193350136,,0.067303,0
QF_BV/float/test_v7_r12_vr1_c1_s703.smt2,Bitwuzla,1,616.7954360410222,616.7025041989982,,0.092932,0
QF_BV/asp/HamiltonianPath/gryzzles.40.lp.smt2,Yices2,1,1.6461319579393603,1.626037257956341,,0.020095,0
QF_BV/spear/samba_v3.0.24/bin_libsmbsharemodes_vc4294.smt2,Bitwuzla,1,0.4191520269960165,0.4125143080018461,,0.006638,0
QF_BV/Sage2/bench_16548.smt2,Yices2,1,0.4923961631138809,0.37850486813113093,,0.113891,0
QF_BV/Sage2/bench_5248.smt2,STP,1,6.522957977140322,6.521850108169019,,0.001108,0
QF_BV/Sage2/bench_6466.smt2,STP,1,9.70109866198618,9.699504693970084,,0.001594,0
QF_BV/sage/app11/bench_554.smt2,Yices2,1,0.3850125370081514,0.3056048930156976,,0.079408,0
QF_BV/sage/app7/bench_1127.smt2,Yices2,1,0.4355956799117848,0.30890475190244615,,0.126691,0
QF_BV/sage/app7/bench_184.smt2,Yices2,1,0.651631707965862,0.4674260839819908,,0.184206,0
QF_BV/spear/samba_v3.0.24/bin_libsmbclient_vc1225262.smt2,Yices2,1,0.9773658199701458,0.9590287329629064,,0.018337,0
QF_BV/Sage2/bench_5496.smt2,Bitwuzla,1,0.684787894890178,0.5773700268473476,,0.107418,0
QF_BV/20221012-MCMPC/mean/simplemean.t1.i4.e580f246.smt2,STP,1,0.2531905300565995,0.25145150208845735,,0.001739,0
QF_BV/RWS/Example_18.txt.smt2,Yices2,1,3.730844303849153,3.7248210478574038,,0.006023,0
QF_BV/sage/app1/bench_113.smt2,STP,1,0.21506904385751113,0.21421503089368343,,0.000854,0
QF_BV/20221012-MCMPC/wage/wage.t1.i20.6194b1cc.smt2,Bitwuzla,1,0.30934376985533163,0.307831039885059,,0.001513,0
QF_BV/20221012-MCMPC/sugarbeets/sugarbeets.t1.i28.565dcb27.smt2,Yices2,1,0.5374987738323398,0.5274254728574306,,0.010073,0
QF_BV/Sage2/bench_10150.smt2,Bitwuzla,1,0.24739712593145669,0.24471459491178393,,0.002683,0
QF_BV/Sage2/bench_15770.smt2,STP,1,19.7216347331414,19.71727675013244,,0.004358,0
QF_BV/20221012-MCMPC/dualexecution_affine/dualexecution_affine.t1.i10.3ba00455.smt2,Yices2,1,0.32043793209595606,0.26375305210240185,,0.056685,0
QF_BV/20210219-Sydr/master/cjpeg/predicate_227.smt2,Bitwuzla,1,0.30656489403918386,0.30125377303920686,,0.005311,0
QF_BV/asp/GeneralizedSlitherlink/penrose.44.asp.smt2,Yices2,1,2.1214187260484323,2.0219561790581793,,0.099463,0
QF_BV/Sage2/bench_15749.smt2,STP,1,0.6673974960576743,0.6369100180454552,,0.030487,0
QF_BV/Sage2/bench_8984.smt2,STP,1,0.2470790619845502,0.24556859699077904,,0.001510,0
QF_BV/sage/app7/bench_346.smt2,Yices2,1,0.5459083169698715,0.36405060393735766,,0.181858,0
QF_BV/uclid/catchconv/convert-jpg2gif-query-1409.smt2,Yices2,1,0.33159178495407104,0.2745150679256767,,0.057077,0
QF_BV/sage/app7/bench_1420.smt2,Yices2,1,0.3724129321053624,0.2817266141064465,,0.090686,0
QF_BV/spear/samba_v3.0.24/bin_libsmbsharemodes_vc4787.smt2,Bitwuzla,1,0.4223744011251256,0.4161001481115818,,0.006274,0
QF_BV/uclid/catchconv/convert-jpg2gif-query-1466.smt2,Yices2,1,0.35847747803200036,0.29633500101044774,,0.062142,0
QF_BV/bruttomesso/core/ext_con_028_032_0128.smt2,cvc5,1,0.730999052117113,0.7213176290970296,,0.009681,0
QF_BV/20221012-MCMPC/millionaires/millionaires.t1.i28.8311e0ea.smt2,Yices2,1,0.21629840112291276,0.21423956309445202,,0.002059,0
QF_BV/Sage2/bench_7509.smt2,Yices2,1,5.3789278658805415,5.2663821938913316,,0.112546,0
QF_BV/spear/samba_v3.0.24/bin_eventlogadm_vc352368.smt2,Yices2,1,1.2475192500278354,1.2087083880323917,,0.038811,0
QF_BV/sage/app11/bench_427.smt2,Yices2,1,0.43877029698342085,0.36285928497090936,,0.075911,0
QF_BV/20221012-MCMPC/dualexecution_affine/dualexecution_affine.t1.i12.d1adf852.smt2,Yices2,1,0.2764069278491661,0.24186906684190035,,0.034538,0
QF_BV/spear/samba_v3.0.24/bin_eventlogadm_vc331135.smt2,Yices2,1,0.3952260068617761,0.38240345288068056,,0.012823,0
QF_BV/Sage2/bench_11994.smt2,Yices2,1,0.2750435690395534,0.24875815701670945,,0.026285,0
QF_BV/spear/samba_v3.0.24/bin_libsmbsharemodes_vc7721.smt2,Bitwuzla,1,2.267581034975592,2.236522387014702,,0.031059,0
QF_BV/Sage2/bench_8656.smt2,Bitwuzla,1,0.6436908671748824,0.5230179361533374,,0.120673,0
QF_BV/Sage2/bench_15203.smt2,STP,1,0.49435609782813117,0.48520699283108115,,0.009149,0
QF_BV/Sage2/bench_12903.smt2,STP,1,0.2784427540609613,0.26588232908397913,,0.012560,0
QF_BV/Sage2/bench_9379.smt2,STP,1,0.22745634597958997,0.2260014140047133,,0.001455,0
QF_BV/Sage2/bench_8544.smt2,Yices2,1,0.5217753380420618,0.35029293806292117,,0.171482,0
QF_BV/20221012-MCMPC/millionaires/millionaires.t4.i62.68a9158b.smt2,Yices2,1,0.22079449880402535,0.21618628781288862,,0.004608,0
QF_BV/Sage2/bench_11303.smt2,STP,1,0.2605245560989715,0.2567736820783466,,0.003751,0
QF_BV/Sage2/bench_5573.smt2,STP,1,1.0200076277833432,1.0152942307759076,,0.004713,0
QF_BV/20190311-bv-term-small-rw-Noetzli/bv-term-small-rw_588.smt2,STP,1,0.2393540990888141,0.23895299108698964,,0.000401,0
QF_BV/brummayerbiere2/smulov1bw16.smt2,Bitwuzla,1,3.001742143940646,3.0011140399146825,,0.000628,0
QF_BV/uclid/catchconv/convert-jpg2gif-query-1483.smt2,Yices2,1,0.4277283360133879,0.35874474002048373,,0.068984,0
QF_BV/20221012-MCMPC/mean_buckets/mean_buckets.t1.i25.532337b5.smt2,STP,1,0.3096166878240183,0.30703959381207824,,0.002577,0
QF_BV/Sage2/bench_9354.smt2,STP,1,0.38080727809574455,0.36376127507537603,,0.017046,0
QF_BV/bruttomesso/core/ext_con_040_004_0064.smt2,STP,1,0.505350457970053,0.5032544329296798,,0.002096,0
QF_BV/spear/samba_v3.0.24/bin_eventlogadm_vc331205.smt2,Yices2,1,1.5370207370142452,1.5114758550189435,,0.025545,0
QF_BV/20221012-MCMPC/dualexecution_affine/dualexecution_affine.t1.i9.af52ba5e.smt2,Yices2,1,0.3756742300465703,0.2855731430463493,,0.090101,0
QF_BV/sage/app11/bench_163.smt2,Yices2,1,0.3806018430041149,0.3047014670446515,,0.075900,0
QF_BV/20221012-MCMPC/wage_circuit_div/wage_circuit_div.t1.i27.240085a6.smt2,STP,1,0.26043238799320534,0.2588868869934231,,0.001546,0
QF_BV/Sage2/bench_4018.smt2,Yices2,1,0.5745258211973123,0.473024990176782,,0.101501,0
QF_BV/bruttomesso/lfsr/lfsr_004_095_064.smt2,STP,1,2.6592917600646615,2.6561197510454804,,0.003172,0
QF_BV/sage/app7/bench_1824.smt2,Yices2,1,0.337450323975645,0.26812599902041256,,0.069324,0
QF_BV/spear/samba_v3.0.24/bin_eventlogadm_vc331008.smt2,Bitwuzla,1,0.7461768890498206,0.7407526250462979,,0.005424,0
QF_BV/Sage2/bench_11459.smt2,STP,1,19.193811446835753,19.189438833855093,,0.004373,0
QF_BV/sage/app2/bench_514.smt2,Yices2,1,0.2534584639361128,0.23346208897419274,,0.019996,0
QF_BV/20230221-oisc-gurtner/SRL-SAFE-64-1024.smt2,Yices2,1,163.21585637301905,163.13018600502983,,0.085670,0
QF_BV/spear/samba_v3.0.24/bin_eventlogadm_vc351370.smt2,Yices2,1,1.7037352891056798,1.6562800121027976,,0.047455,0
QF_BV/sage/app7/bench_175.smt2,Yices2,1,0.6647972501232289,0.47672374406829476,,0.188074,0
QF_BV/bruttomesso/core/ext_con_012_001_0064.smt2,STP,1,0.32811485504498705,0.3275244110263884,,0.000590,0
QF_BV/Sage2/bench_11662.smt2,Yices2,1,0.6367116941255517,0.5209169851150364,,0.115795,0
QF_BV/20221012-MCMPC/millionaires/millionaires.t1.i61.ccbabe0f.smt2,Yices2,1,0.2181475090328604,0.21616085502319038,,0.001987,0
QF_BV/20221012-MCMPC/dualexecution_affine/dualexecution_affine.t1.i11.fa8348e1.smt2,Yices2,1,0.2982380979228765,0.25066690193489194,,0.047571,0
QF_BV/Sage2/bench_7421.smt2,STP,1,0.39411333290627226,0.3648931279312819,,0.029220,0
QF_BV/Sage2/bench_10396.smt2,STP,1,0.42984944622730836,0.4233529642224312,,0.006496,0
QF_BV/Sage2/bench_4928.smt2,STP,1,0.2276367400190793,0.22541108401492238,,0.002226,0
QF_BV/20221012-MCMPC/millionaires/millionaires.t1.i19.07c9b211.smt2,STP,1,0.2304583330405876,0.22898098803125322,,0.001477,0
QF_BV/sage/app7/bench_949.smt2,Yices2,1,0.4631807500263676,0.31773577397689223,,0.145445,0
QF_BV/sage/app8/bench_262.smt2,STP,1,0.4305316181271337,0.427122546127066,,0.003409,0
QF_BV/Sage2/bench_11593.smt2,STP,1,0.5322704569553025,0.5291983359493315,,0.003072,0
QF_BV/Sage2/bench_3661.smt2,STP,1,23.062529903138056,23.060020303120837,,0.002510,0
QF_BV/Sage2/bench_6359.smt2,Bitwuzla,1,1.571280642063357,1.5059266050811857,,0.065354,0
QF_BV/Sage2/bench_11514.smt2,STP,1,1.5772528280504048,1.5375602790154517,,0.039693,0
QF_BV/sage/app11/bench_179.smt2,Yices2,1,0.3830844009644352,0.30587197095155716,,0.077212,0
QF_BV/Sage2/bench_17709.smt2,STP,1,0.2712264019064605,0.2668648299295455,,0.004362,0
QF_BV/bruttomesso/core/ext_con_012_064_1024.smt2,STP,1,2.1268135150894523,2.1181939190719277,,0.008620,0
QF_BV/Sage2/bench_2887.smt2,STP,1,10.280732838087715,10.279046280076727,,0.001687,0
QF_BV/spear/samba_v3.0.24/bin_libmsrpc_vc1225283.smt2,Bitwuzla,1,1.0866877000080422,1.0713977320119739,,0.015290,0
QF_BV/sage/app1/bench_2155.smt2,Yices2,1,0.23680295696249232,0.23524256492964923,,0.001560,0
QF_BV/bmc-bv-svcomp14/gcd_2_true.c.21.smt2,STP,1,0.9932404099381529,0.9914635089226067,,0.001777,0
QF_BV/Sage2/bench_13359.smt2,Yices2,1,0.2821014140499756,0.26826642104424536,,0.013835,0
QF_BV/20230221-oisc-gurtner/SRL-SAFE-96-1024.smt2,Yices2,1,348.04441950412,347.9594624231104,,0.084957,0
QF_BV/sage/app7/bench_86.smt2,Yices2,1,0.6642826288589276,0.4727460448630154,,0.191537,0
QF_BV/sage/app1/bench_1559.smt2,Yices2,1,0.7457911350647919,0.7408286060672253,,0.004963,0
QF_BV/spear/samba_v3.0.24/bin_eventlogadm_vc351395.smt2,Yices2,1,2.0844516300130635,2.037003827979788,,0.047448,0
QF_BV/Sage2/bench_3805.smt2,Yices2,1,0.5629859498585574,0.4347181678749621,,0.128268,0
QF_BV/20221012-MCMPC/millionaires/millionaires.t1.i5.9de61674.smt2,Bitwuzla,1,0.25870430399663746,0.25639744801446795,,0.002307,0
QF_BV/Sage2/bench_8424.smt2,Bitwuzla,1,6.183709285920486,5.742468884913251,,0.441240,0
QF_BV/Sage2/bench_13150.smt2,STP,1,0.34671848092693835,0.3397613319102675,,0.006957,0
QF_BV/spear/samba_v3.0.24/bin_libsmbsharemodes_vc4311.smt2,Yices2,1,0.6368298529996537,0.5958118080161512,,0.041018,0
QF_BV/spear/samba_v3.0.24/bin_libsmbsharemodes_vc6161.smt2,Bitwuzla,1,0.8263019239529967,0.8147775889374316,,0.011524,0
QF_BV/sage/app11/bench_157.smt2,Yices2,1,0.3777803089469671,0.3018026689533144,,0.075978,0
QF_BV/Sage2/bench_1058.smt2,STP,1,10.65265414485475,10.651234143879265,,0.001420,0
QF_BV/20221012-MCMPC/dualexecution/dualexecution.t1.i28.e7c7849e.smt2,Yices2,1,2.521994701877702,1.4767869738861918,,1.045208,0
QF_BV/20190311-bv-term-small-rw-Noetzli/bv-term-small-rw_1441.smt2,STP,1,0.226703354914207,0.22630520188249648,,0.000398,0
QF_BV/Sage2/bench_10931.smt2,Yices2,1,0.26899191801203415,0.2440449360292405,,0.024947,0
QF_BV/sage/app12/bench_3544.smt2,STP,1,0.38784912595292553,0.38635720894671977,,0.001492,0
QF_BV/Sage2/bench_7113.smt2,STP,1,0.27858130185632035,0.2745241168886423,,0.004057,0
QF_BV/Sage2/bench_13820.smt2,Yices2,1,1.1898165609454736,0.8957216469570994,,0.294095,0
QF_BV/asp/SchurNumbers/20.1.schur.lp.smt2,Yices2,1,0.6817065360955894,0.5990187181159854,,0.082688,0
QF_BV/uclid/catchconv/convert-jpg2gif-query-1412.smt2,Yices2,1,0.3372463259729557,0.2799157169647515,,0.057331,0
QF_BV/sage/app7/bench_142.smt2,Yices2,1,0.6555586941540241,0.4643808831460774,,0.191178,0
QF_BV/asp/SchurNumbers/20.13.schur.lp.smt2,Yices2,1,1.7864385399734601,1.7042190779466182,,0.082219,0
QF_BV/uclid/catchconv/convert-jpg2gif-query-1436.smt2,Yices2,1,0.3442100159008987,0.28400110988877714,,0.060209,0
QF_BV/spear/samba_v3.0.24/bin_libsmbsharemodes_vc5714.smt2,Bitwuzla,1,0.620686839800328,0.6105800478253514,,0.010107,0
QF_BV/20190311-bv-term-small-rw-Noetzli/bv-term-small-rw_1461.smt2,STP,1,0.2116213141125627,0.21113753411918879,,0.000484,0
QF_BV/20190311-bv-term-small-rw-Noetzli/bv-term-small-rw_305.smt2,STP,1,0.22989047318696976,0.22946643317118287,,0.000424,0
QF_BV/sage/app7/bench_8534.smt2,Yices2,1,0.5812055928399786,0.3928784958552569,,0.188327,0
QF_BV/Sage2/bench_16333.smt2,STP,1,0.26092165103182197,0.25673121702857316,,0.004190,0
QF_BV/20190311-bv-term-small-rw-Noetzli/bv-term-small-rw_1363.smt2,STP,1,0.23747535207075998,0.23708692705258727,,0.000388,0
QF_BV/sage/app7/bench_234.smt2,Yices2,1,0.6539367360528558,0.4694934240542352,,0.184443,0
QF_BV/spear/samba_v3.0.24/bin_libmsrpc_vc1228552.smt2,Yices2,1,1.3345219939947128,1.314625469967723,,0.019897,0
QF_BV/sage/app1/bench_429.smt2,STP,1,0.46125658199889585,0.45790354697965086,,0.003353,0
QF_BV/spear/inn_v2.4.3/nnrpd_nnrpd_vc21246.smt2,Bitwuzla,1,0.7856308449408971,0.7834583299700171,,0.002173,0
QF_BV/sage/app7/bench_2381.smt2,Yices2,1,0.8247030458878726,0.5765633608680218,,0.248140,0
QF_BV/sage/app11/bench_301.smt2,Yices2,1,0.40684772189706564,0.3301779709290713,,0.076670,0
QF_BV/Sage2/bench_5815.smt2,Bitwuzla,1,0.871751333004795,0.8641757420264184,,0.007576,0
QF_BV/sage/app7/bench_7880.smt2,Yices2,1,0.6608503120369278,0.47502148104831576,,0.185829,0
QF_BV/mcm/80.smt2,Bitwuzla,1,142.66097170708235,142.650605492061,,0.010366,0
QF_BV/Sage2/bench_3500.smt2,STP,1,31.64809774013702,31.646532036131248,,0.001566,0
QF_BV/spear/samba_v3.0.24/bin_eventlogadm_vc331159.smt2,Yices2,1,0.8783812180045061,0.8664290599990636,,0.011952,0
QF_BV/Sage2/bench_1504.smt2,Yices2,1,0.3752955959062092,0.35682349489070475,,0.018472,0
QF_BV/bruttomesso/simple_processor/simple_processors_008_003_0008.smt2,STP,1,0.8217509518144652,0.8207232768181711,,0.001028,0
QF_BV/sage/app1/bench_2522.smt2,Yices2,1,0.25463753001531586,0.2492119229864329,,0.005426,0
QF_BV/20221012-MCMPC/millionaires/millionaires.t1.i21.ce01d1b3.smt2,Bitwuzla,1,0.25302844890393317,0.25062674889340997,,0.002402,0
QF_BV/bruttomesso/core/ext_con_044_002_0032.smt2,STP,1,0.3246463660034351,0.3232765879947692,,0.001370,0
QF_BV/Sage2/bench_7713.smt2,Yices2,1,4.7464846419752575,4.634358278941363,,0.112126,0
QF_BV/sage/app7/bench_847.smt2,Yices2,1,0.7999822471174411,0.5541662070900202,,0.245816,0
QF_BV/20221012-MCMPC/millionaires/millionaires.t2.i64.5bf0422c.smt2,Yices2,1,0.21712814003694803,0.21432871604338288,,0.002799,0
QF_BV/20221012-MCMPC/millionaires/millionaires.t1.i21.e4dc9ba7.smt2,Bitwuzla,1,0.25009062205208465,0.24773957603611052,,0.002351,0
QF_BV/20210219-Sydr/master/readelf/predicate_1217.smt2,Bitwuzla,1,0.22222687012981623,0.21970016113482416,,0.002527,0
QF_BV/Sage2/bench_1013.smt2,STP,1,0.6706484111491591,0.6687327451072633,,0.001916,0
QF_BV/bruttomesso/core/ext_con_024_001_0256.smt2,STP,1,0.48396889300784096,0.48268120596185327,,0.001288,0
QF_BV/bruttomesso/lfsr/lfsr_004_127_048.smt2,STP,1,2.6761862349230796,2.673668918898329,,0.002517,0
QF_BV/Sage2/bench_4845.smt2,STP,1,0.229710703890305,0.2278535298537463,,0.001857,0
QF_BV/spear/samba_v3.0.24/bin_libsmbsharemodes_vc6334.smt2,Yices2,1,0.6896739799412899,0.6761556619312614,,0.013518,0
QF_BV/asp/Labyrinth/laby_22_22_11.lp.smt2,Yices2,0,1200.0,1199.9487956420053,,2.614283,0
QF_BV/Sage2/bench_15404.smt2,STP,1,0.23812083608936518,0.23502653813920915,,0.003094,0
QF_BV/Sage2/bench_2860.smt2,Yices2,1,0.7344376189867035,0.5012770709581673,,0.233161,0
QF_BV/20221012-MCMPC/mean_buckets/mean_buckets.t1.i26.b4bce20f.smt2,STP,1,0.29631296993466094,0.2939130528829992,,0.002400,0
QF_BV/20221012-MCMPC/simplemean_buckets/simplemean_buckets.t1.i25.820428cd.smt2,STP,1,0.34650564688490704,0.343960661906749,,0.002545,0
QF_BV/sage/app7/bench_8641.smt2,Yices2,1,0.7033205911284313,0.5187883521430194,,0.184532,0
QF_BV/Sage2/bench_204.smt2,Bitwuzla,1,2.2103692020173185,1.6526920050382614,,0.557677,0
QF_BV/sage/app7/bench_2051.smt2,Yices2,1,0.3233195061911829,0.2672015961725265,,0.056118,0
QF_BV/spear/samba_v3.0.24/bin_libmsrpc_vc1232125.smt2,Yices2,1,0.4159931319882162,0.3943396150134504,,0.021654,0
QF_BV/sage/app11/bench_288.smt2,Yices2,1,0.38465615297900513,0.3089385279454291,,0.075718,0
QF_BV/bruttomesso/lfsr/lfsr_002_015_128.smt2,STP,1,2.7793024299899116,2.7759701639879495,,0.003332,0
QF_BV/Sage2/bench_17451.smt2,STP,1,0.33306622883537784,0.3310447628609836,,0.002021,0
QF_BV/sage/app7/bench_5136.smt2,Yices2,1,0.6847925738547929,0.48343929182738066,,0.201353,0
QF_BV/sage/app11/bench_239.smt2,Yices2,1,0.38077580893877894,0.30450379895046353,,0.076272,0
QF_BV/20221012-MCMPC/millionaires/millionaires.t1.i62.0645ef66.smt2,Yices2,1,0.22095070488285273,0.2189409479033202,,0.002010,0
QF_BV/spear/samba_v3.0.24/bin_libsmbclient_vc1228432.smt2,Yices2,1,1.04484434396727,1.0243833509739488,,0.020461,0
QF_BV/Sage2/bench_14395.smt2,STP,1,0.22685236198594794,0.22495983494445682,,0.001893,0
QF_BV/20221012-MCMPC/dualexecution_affine/dualexecution.t1.i15.46f14cde.smt2,Yices2,1,1.0614512148313224,0.6080208248458803,,0.453430,0
QF_BV/sage/app11/bench_530.smt2,Yices2,1,0.38257590908324346,0.30741013307124376,,0.075166,0
QF_BV/sage/app7/bench_8649.smt2,Yices2,1,0.6634430030244403,0.4698857420589775,,0.193557,0
QF_BV/Sage2/bench_16063.smt2,STP,1,0.2477270268718712,0.24325676588341594,,0.004470,0
QF_BV/sage/app7/bench_250.smt2,Yices2,1,0.6534357481286861,0.4688431001268327,,0.184593,0
QF_BV/Sage2/bench_15258.smt2,STP,1,0.2422948692110367,0.2390232142060995,,0.003272,0
QF_BV/sage/app7/bench_948.smt2,Yices2,1,0.48739370494149625,0.3453655759803951,,0.142028,0
QF_BV/20221012-MCMPC/millionaires/millionaires.t1.i36.20ea9158.smt2,Yices2,1,0.2276129789534025,0.225450238911435,,0.002163,0
QF_BV/sage/app1/bench_163.smt2,Bitwuzla,1,0.24232790106907487,0.23839613306336105,,0.003932,0
QF_BV/sage/app8/bench_608.smt2,STP,1,0.38003091886639595,0.37727792584337294,,0.002753,0
QF_BV/Sage2/bench_5755.smt2,Yices2,1,0.36226508108666167,0.28810135112144053,,0.074164,0
QF_BV/Sage2/bench_9337.smt2,Bitwuzla,1,0.8573901078198105,0.849053701851517,,0.008336,0
QF_BV/spear/samba_v3.0.24/bin_libsmbclient_vc1228446.smt2,Yices2,1,0.6324784889002331,0.6139409788884223,,0.018538,0
QF_BV/log-slicing/bvslt_19860.smt2,STP,1,196.65461923595285,196.65210993494838,,0.002509,0
QF_BV/sage/app12/bench_3579.smt2,STP,1,0.41537366597913206,0.4138552099466324,,0.001518,0
QF_BV/sage/app1/bench_286.smt2,STP,1,0.24893143505323678,0.24531986005604267,,0.003612,0
QF_BV/Sage2/bench_8888.smt2,STP,1,0.265194688050542,0.2609663140028715,,0.004228,0
QF_BV/bruttomesso/core/ext_con_016_008_0256.smt2,STP,1,0.7795505590038374,0.77771000796929,,0.001841,0
QF_BV/Sage2/bench_14918.smt2,Yices2,1,3.7142872629337944,2.999930487945676,,0.714357,0
QF_BV/20221012-MCMPC/millionaires/millionaires.t1.i34.a9d39db7.smt2,Yices2,1,0.24909820075845346,0.2469241397920996,,0.002174,0
QF_BV/Sage2/bench_15956.smt2,Bitwuzla,1,1.7039934300701134,1.6958407750353217,,0.008153,0
QF_BV/sage/app7/bench_95.smt2,Yices2,1,0.6576205230085179,0.47088656504638493,,0.186734,0
QF_BV/20210312-Bouvier/vlsat3_g07.smt2,STP,1,8.01230480207596,7.955274681095034,,0.057030,0
QF_BV/sage/app11/bench_46.smt2,Yices2,1,0.38275905995396897,0.30499503994360566,,0.077764,0
QF_BV/Sage2/bench_4933.smt2,Bitwuzla,1,1.376610109989997,1.3604094709735364,,0.016201,0
QF_BV/sage/app7/bench_1783.smt2,Yices2,1,0.33994239289313555,0.26995533891022205,,0.069987,0
QF_BV/bruttomesso/core/ext_con_024_001_0064.smt2,STP,1,0.3426750229555182,0.3419036129489541,,0.000771,0
QF_BV/20221012-MCMPC/millionaires/millionaires.t1.i15.77ac2069.smt2,Bitwuzla,1,0.2631667088717222,0.26077603991143405,,0.002391,0
QF_BV/Sage2/bench_8378.smt2,Bitwuzla,0,1200.0,1201.2807037679013,,0.151099,0
QF_BV/Sage2/bench_2155.smt2,Bitwuzla,1,0.9103305459138937,0.901332062901929,,0.008998,0
QF_BV/bruttomesso/core/ext_con_008_128_1024.smt2,cvc5,1,1.560514472075738,1.5490724060218781,,0.011442,0
QF_BV/Sage2/bench_13744.smt2,Yices2,1,5.764774274080992,5.737376315053552,,0.027398,0
QF_BV/Sage2/bench_8208.smt2,STP,1,0.26512982201529667,0.26086191600188613,,0.004268,0
QF_BV/Sage2/bench_15518.smt2,STP,1,2.1703328849980608,2.169091450981796,,0.001241,0
QF_BV/20221012-MCMPC/dualexecution_affine/dualexecution_affine.t1.i2.aa3bd8a1.smt2,Yices2,1,0.3960478369263001,0.29603417590260506,,0.100014,0
QF_BV/20221012-MCMPC/millionaires/millionaires.t2.i62.12c2b9f1.smt2,Yices2,1,0.22095252288272604,0.2180888808798045,,0.002864,0
QF_BV/float/test_v5_r10_vr10_c1_s15708.smt2,Yices2,1,409.6248793659033,409.56909116194583,,0.055788,0
QF_BV/log-slicing/bvurem_17.smt2,Bitwuzla,0,1200.0,1201.2500486220233,,0.001651,0
QF_BV/Sage2/bench_16166.smt2,STP,1,0.23911021323874593,0.23582416120916605,,0.003286,0
QF_BV/asp/HierarchicalClustering/xy.15.x.15.r.4.10790636.1242605.data_k=4_l=4_sat.gph.smt2,STP,1,21.632344948069658,21.456826816080138,,0.175518,0
QF_BV/20210219-Sydr/master/cjpeg/predicate_880.smt2,Yices2,1,0.3959190958412364,0.3805684638209641,,0.015351,0
QF_BV/20210312-Bouvier/vlsat3_a54.smt2,STP,1,678.6305695521878,678.6057928651571,,0.024777,0
QF_BV/Sage2/bench_16836.smt2,STP,1,0.27189418813213706,0.26761232409626245,,0.004282,0
QF_BV/20221012-MCMPC/millionaires/millionaires.t1.i3.4c2d3283.smt2,Bitwuzla,1,0.2713744459906593,0.26889629499055445,,0.002478,0
QF_BV/Sage2/bench_1164.smt2,STP,1,9.126485958928242,9.125084721948951,,0.001401,0
QF_BV/20221012-MCMPC/millionaires/millionaires.t1.i49.7a224e99.smt2,Yices2,1,0.21876614581560716,0.2167046028189361,,0.002062,0
QF_BV/Sage2/bench_11584.smt2,STP,1,0.2670529330498539,0.2613878040574491,,0.005665,0
QF_BV/sage/app7/bench_3102.smt2,Yices2,1,0.787377255037427,0.5431535290554166,,0.244224,0
QF_BV/20221012-MCMPC/millionaires/millionaires.t1.i19.03c84f70.smt2,Bitwuzla,1,0.25718285591574386,0.25471801892854273,,0.002465,0
QF_BV/pspace/power2sum.8087.smt2,STP,1,169.54406153497985,169.54358437098563,,0.000477,0
QF_BV/Sage2/bench_11889.smt2,STP,1,8.486425010953099,8.481381488963962,,0.005044,0
QF_BV/spear/samba_v3.0.24/bin_libsmbsharemodes_vc7699.smt2,Bitwuzla,1,1.667357534985058,1.6322600860148668,,0.035097,0
QF_BV/sage/app7/bench_8607.smt2,Yices2,1,0.6575675929780118,0.47186722699552774,,0.185700,0
QF_BV/spear/samba_v3.0.24/bin_eventlogadm_vc352395.smt2,Yices2,1,1.4967184349661693,1.4512152839452028,,0.045503,0
QF_BV/sage/app8/bench_1584.smt2,STP,1,0.2531713510979898,0.2505712721031159,,0.002600,0
QF_BV/20221012-MCMPC/dualexecution_affine/dualexecution.t1.i4.f734459a.smt2,Yices2,1,0.46643183403648436,0.322933258023113,,0.143499,0
QF_BV/sage/app7/bench_1291.smt2,Yices2,1,0.40552614396438,0.2940966719761491,,0.111429,0
QF_BV/float/test_v5_r15_vr1_c1_s32559.smt2,Bitwuzla,1,74.98605710116681,74.90346302115358,,0.082594,0
QF_BV/Sage2/bench_16459.smt2,STP,1,0.24594245216576383,0.24413058417849243,,0.001812,0
QF_BV/Sage2/bench_14595.smt2,STP,1,0.46627691911999136,0.46539903711527586,,0.000878,0
QF_BV/spear/samba_v3.0.24/bin_libsmbsharemodes_vc7730.smt2,Bitwuzla,1,1.450472711934708,1.4270018469542265,,0.023471,0
QF_BV/bruttomesso/simple_processor/simple_processors_006_006_0004.smt2,STP,1,0.9498450201936066,0.9484652031678706,,0.001380,0
QF_BV/bruttomesso/core/ext_con_044_008_0064.smt2,STP,1,0.5678692680085078,0.5638235399965197,,0.004046,0
QF_BV/20190311-bv-term-small-rw-Noetzli/bv-term-small-rw_448.smt2,STP,1,0.217564788996242,0.21716594602912664,,0.000399,0
QF_BV/20221012-MCMPC/dualexecution_affine/dualexecution_affine.t1.i9.b783bced.smt2,Yices2,1,0.2901484908652492,0.2511267769150436,,0.039022,0
QF_BV/Sage2/bench_7517.smt2,Yices2,1,0.2790212027612142,0.2707839647773653,,0.008237,0
QF_BV/sage/app7/bench_1867.smt2,Yices2,1,0.3264297600835562,0.26292893406935036,,0.063501,0
QF_BV/Sage2/bench_15206.smt2,STP,1,1.0769269810407422,1.0500701570417732,,0.026857,0
QF_BV/20221012-MCMPC/millionaires/millionaires.t1.i49.3dadd103.smt2,Yices2,1,0.21597883390495554,0.2139049689285457,,0.002074,0
QF_BV/log-slicing/bvshl_0983.smt2,STP,1,10.41200374206528,10.409352709073573,,0.002651,0
QF_BV/sage/app7/bench_1102.smt2,Yices2,1,0.7902107450645417,0.5392060610465705,,0.251005,0
QF_BV/spear/samba_v3.0.24/bin_libmsrpc_vc1225344.smt2,Yices2,1,1.1649108050041832,1.1450041129719466,,0.019907,0
QF_BV/Sage2/bench_4923.smt2,STP,1,2.3224680369603448,2.320984462974593,,0.001484,0
QF_BV/20221012-MCMPC/millionaires/millionaires.t1.i21.9d4f4797.smt2,Bitwuzla,1,0.2468623630120419,0.24462623801082373,,0.002236,0
QF_BV/20221012-MCMPC/dualexecution/dualexecution.t1.i14.b47b750a.smt2,Yices2,1,1.3014569040387869,0.7235656860284507,,0.577891,0
QF_BV/mcm/109.smt2,Bitwuzla,1,1.338612682884559,1.3229045069310814,,0.015708,0
QF_BV/spear/samba_v3.0.24/bin_eventlogadm_vc351342.smt2,Bitwuzla,1,0.45971417101100087,0.45347650605253875,,0.006238,0
QF_BV/Sage2/bench_10326.smt2,Yices2,1,0.46368880284717306,0.3779642798472196,,0.085725,0
QF_BV/sage/app11/bench_588.smt2,Yices2,1,0.37569576600799337,0.2992022440303117,,0.076494,0
QF_BV/Sage2/bench_4882.smt2,Bitwuzla,1,1.7091329480172135,1.6836053810548037,,0.025528,0
QF_BV/Sage2/bench_6993.smt2,Yices2,1,1.0441764269489795,0.9904394559562206,,0.053737,0
QF_BV/20221012-MCMPC/millionaires/millionaires.t1.i45.7ccad6d9.smt2,Yices2,1,0.21673839999129996,0.21475142496638,,0.001987,0
QF_BV/20221012-MCMPC/millionaires/millionaires.t2.i10.555a68d9.smt2,Bitwuzla,1,0.2600131949293427,0.2571908999234438,,0.002822,0
QF_BV/20221012-MCMPC/wage_circuit_div/wage_circuit_div.t1.i25.8c46cd85.smt2,STP,1,0.24289811495691538,0.24112689797766507,,0.001771,0
QF_BV/brummayerbiere/nlzbs064.smt2,Bitwuzla,1,0.4156421640072949,0.4139833999797702,,0.001659,0
QF_BV/spear/samba_v3.0.24/bin_eventlogadm_vc331132.smt2,Yices2,1,0.8356362760532647,0.8230755170807242,,0.012561,0
QF_BV/20210219-Sydr/master/cjpeg/predicate_2635.smt2,Yices2,1,0.44631470617605373,0.40103399218060076,,0.045281,0
QF_BV/spear/samba_v3.0.24/bin_eventlogadm_vc351362.smt2,Yices2,1,0.7467437511077151,0.7043739201035351,,0.042370,0
QF_BV/20221012-MCMPC/millionaires/millionaires.t1.i24.e33fca25.smt2,Bitwuzla,1,0.25424937607022,0.2518218180630356,,0.002428,0
QF_BV/sage/app1/bench_2405.smt2,Bitwuzla,1,0.5243685059831478,0.5201068359892815,,0.004262,0
QF_BV/sage/app11/bench_176.smt2,Yices2,1,0.3886395492008887,0.30992412217892706,,0.078715,0
QF_BV/spear/samba_v3.0.24/bin_libsmbclient_vc1225257.smt2,Yices2,1,1.2504397298907861,1.2293209459166974,,0.021119,0
QF_BV/asp/EdgeMatching/edge-matching-width=9-height=9-colours=15.smt2,Bitwuzla,1,403.06960767897544,402.47670985898003,,0.592898,0
QF_BV/mcm/129.smt2,STP,1,836.1653564929147,836.1268392899074,,0.038517,0
QF_BV/mcm/168.smt2,STP,0,1200.0,1201.279434778029,,0.133312,0
QF_BV/spear/inn_v2.4.3/innfeed_innfeed_vc37044.smt2,Bitwuzla,1,0.4407025001128204,0.4386793931480497,,0.002023,0
QF_BV/spear/samba_v3.0.24/bin_libsmbsharemodes_vc6267.smt2,Yices2,1,0.6409966708160937,0.6268507158383727,,0.014146,0
QF_BV/bruttomesso/lfsr/lfsr_004_015_112.smt2,STP,1,47.40716942882864,47.402000127825886,,0.005169,0
QF_BV/20221012-MCMPC/millionaires/millionaires.t1.i16.208ae8e6.smt2,Bitwuzla,1,0.2482786161126569,0.24606613512150943,,0.002212,0
QF_BV/Sage2/bench_7982.smt2,STP,1,0.31923303403891623,0.3135479970369488,,0.005685,0
QF_BV/spear/wget_v1.10.2/src_wget_vc18516.smt2,Yices2,1,0.9329449037904851,0.9309224768076092,,0.002022,0
QF_BV/sage/app7/bench_170.smt2,Yices2,1,0.8059464559773915,0.5564597710035741,,0.249487,0
QF_BV/Sage2/bench_10035.smt2,Yices2,1,0.2343156059505418,0.22408154793083668,,0.010234,0
QF_BV/20221012-MCMPC/wage/wage.t1.i21.62329da1.smt2,Bitwuzla,1,0.3085911350790411,0.30715365312062204,,0.001437,0
QF_BV/20190311-bv-term-small-rw-Noetzli/bv-term-small-rw_850.smt2,STP,1,0.21725448610959575,0.21675871405750513,,0.000496,0
QF_BV/brummayerbiere3/isqrtadd.smt2,STP,1,62.28053509892197,62.27866459195502,,0.001871,0
QF_BV/bruttomesso/core/ext_con_040_002_0032.smt2,STP,1,0.31546899903332815,0.31378148100338876,,0.001688,0
QF_BV/20221012-MCMPC/mean_buckets/mean_buckets.t1.i25.32e04633.smt2,STP,1,0.3113923240453005,0.3088466180488467,,0.002546,0
QF_BV/Sage2/bench_8013.smt2,STP,1,1.0714822699665092,1.0437042789999396,,0.027778,0
QF_BV/Sage2/bench_4260.smt2,Yices2,1,3.7665662301005796,3.6034473080653697,,0.163119,0
QF_BV/spear/samba_v3.0.24/bin_libmsrpc_vc1228554.smt2,Yices2,1,0.8271894180215895,0.8042182240169495,,0.022971,0
QF_BV/sage/app8/bench_622.smt2,STP,1,0.5170361410127953,0.5142826270312071,,0.002754,0
QF_BV/Sage2/bench_1724.smt2,STP,1,50.77966970199486,50.77781068603508,,0.001859,0
QF_BV/spear/samba_v3.0.24/bin_libsmbsharemodes_vc5718.smt2,Bitwuzla,1,0.7436403240426444,0.7286846460774541,,0.014956,0
QF_BV/sage/app7/bench_8544.smt2,Yices2,1,0.6576117711374536,0.4710370961111039,,0.186575,0
QF_BV/sage/app7/bench_1399.smt2,Yices2,1,0.37014604412252083,0.28059657709673047,,0.089549,0
QF_BV/bruttomesso/simple_processor/simple_processors_002_002_0032.smt2,STP,1,0.3401164949173108,0.3394565018825233,,0.000660,0
QF_BV/Sage2/bench_11549.smt2,Yices2,1,4.2069692960358225,4.095982667058706,,0.110987,0
QF_BV/Sage2/bench_13292.smt2,Yices2,1,0.45929090899880975,0.36489770002663136,,0.094393,0
QF_BV/Sage2/bench_5927.smt2,STP,1,0.7437752999248914,0.7405583099462092,,0.003217,0
QF_BV/20190311-bv-term-small-rw-Noetzli/bv-term-small-rw_451.smt2,STP,1,0.22136327915359288,0.22096547717228532,,0.000398,0
QF_BV/pspace/ndist.b.25489.smt2,STP,1,1.0236924439086579,1.023250144906342,,0.000442,0
QF_BV/bruttomesso/core/ext_con_056_064_0512.smt2,Yices2,1,3.9007895910181105,3.8616272970102727,,0.039162,0
QF_BV/Sage2/bench_9450.smt2,STP,1,0.22431771393166855,0.22206292091868818,,0.002255,0
QF_BV/Sage2/bench_15062.smt2,STP,1,0.4836438021156937,0.47441401914693415,,0.009230,0
QF_BV/Sage2/bench_15863.smt2,Yices2,1,10.209877888963092,10.158929781988263,,0.050948,0
QF_BV/Sage2/bench_7232.smt2,Bitwuzla,1,2.7250864299130626,2.150476316921413,,0.574610,0
QF_BV/20221012-MCMPC/millionaires/millionaires.t1.i25.7b3f9e22.smt2,STP,1,0.22921877406770363,0.2279626070521772,,0.001256,0
QF_BV/sage/app9/bench_74.smt2,STP,1,0.3563197400653735,0.35352352703921497,,0.002796,0
QF_BV/sage/app7/bench_1818.smt2,Yices2,1,0.36861275788396597,0.29926812485791743,,0.069345,0
QF_BV/spear/inn_v2.4.3/nnrpd_nnrpd_vc21664.smt2,Bitwuzla,1,0.8366766960825771,0.8345115340780467,,0.002165,0
QF_BV/spear/inn_v2.4.3/innfeed_imapfeed_vc25420.smt2,Bitwuzla,1,0.4034700750489719,0.40185552602633834,,0.001615,0
QF_BV/sage/app7/bench_8632.smt2,Yices2,1,0.7107293310109526,0.457182751968503,,0.253547,0
QF_BV/bruttomesso/lfsr/lfsr_008_063_112.smt2,Yices2,1,9.865630879008677,9.856035294011235,,0.009596,0
QF_BV/sage/app7/bench_2980.smt2,Yices2,1,0.6743576869484968,0.4272364699281752,,0.247121,0
QF_BV/float/f23.smt2,Yices2,1,2.793699460919015,2.7862644009292126,,0.007435,0
QF_BV/20221012-MCMPC/millionaires/millionaires.t1.i30.255653ec.smt2,Yices2,1,0.22442245308775455,0.2220795510802418,,0.002343,0
QF_BV/sage/app7/bench_2030.smt2,Yices2,1,0.328816254157573,0.27233990910463035,,0.056476,0
QF_BV/spear/samba_v3.0.24/bin_libsmbsharemodes_vc6243.smt2,Yices2,1,0.9613832382019609,0.9405830341856927,,0.020800,0
QF_BV/Sage2/bench_10734.smt2,STP,1,0.24144560104468837,0.23881289106793702,,0.002633,0
QF_BV/20210219-Sydr/symbolic_memory/nested/yices/predicate_271.smt2,STP,1,0.3460000309860334,0.33369370899163187,,0.012306,0
QF_BV/Sage2/bench_1509.smt2,Yices2,1,0.47517379495548084,0.3749753809534013,,0.100198,0
QF_BV/sage/app7/bench_4047.smt2,Yices2,1,0.6886187991476618,0.4868491671513766,,0.201770,0
QF_BV/sage/app1/bench_333.smt2,Bitwuzla,1,0.5605375920422375,0.5570012570824474,,0.003536,0
QF_BV/Sage2/bench_14569.smt2,STP,1,0.5116926349583082,0.5023018249776214,,0.009391,0
QF_BV/20221012-MCMPC/mean_buckets/mean_buckets.t1.i21.ab93f411.smt2,STP,1,0.32464732817607,0.32189881918020546,,0.002749,0
QF_BV/sage/app11/bench_535.smt2,Yices2,1,0.39199653919786215,0.31500806217081845,,0.076988,0
QF_BV/sage/app7/bench_20.smt2,Yices2,1,0.645007305953186,0.46180262393318117,,0.183205,0
QF_BV/2019-Wolf-fmbench/2019A/picorv32_mutAY_QF_BV_NONINCR.smt2,STP,1,15.003774745040573,14.871529835043475,,0.132245,0
QF_BV/sage/app8/bench_488.smt2,STP,1,0.3930933231022209,0.3900378181133419,,0.003056,0
QF_BV/sage/app7/bench_1875.smt2,Yices2,1,0.34767019998980686,0.28469610097818077,,0.062974,0
QF_BV/Sage2/bench_8493.smt2,STP,1,0.24027086899150163,0.23720670002512634,,0.003064,0
QF_BV/Sage2/bench_8092.smt2,STP,1,0.2692079429398291,0.2561506759375334,,0.013057,0
QF_BV/sage/app2/bench_555.smt2,Yices2,1,0.2543284429120831,0.23582028690725565,,0.018508,0
QF_BV/spear/samba_v3.0.24/bin_libsmbclient_vc1225712.smt2,Yices2,1,0.3802633300074376,0.36556739499792457,,0.014696,0
QF_BV/sage/app1/bench_535.smt2,STP,1,0.46349978394573554,0.4604204259812832,,0.003079,0
QF_BV/20221012-MCMPC/millionaires/millionaires.t2.i10.e796e80d.smt2,Bitwuzla,1,0.2686272190185264,0.2657322490122169,,0.002895,0
QF_BV/Sage2/bench_11083.smt2,STP,1,0.32274112314917147,0.31707178615033627,,0.005669,0
QF_BV/20190311-bv-term-small-rw-Noetzli/bv-term-small-rw_723.smt2,STP,1,0.24245592806255445,0.24206686206161976,,0.000389,0
QF_BV/20221012-MCMPC/millionaires/millionaires.t1.i26.73fdb8a1.smt2,STP,1,0.22366990894079208,0.2224474239628762,,0.001222,0
QF_BV/sage/app7/bench_1418.smt2,Yices2,1,0.3726402510656044,0.2821167060174048,,0.090524,0
QF_BV/sage/app7/bench_408.smt2,Yices2,1,0.677538373041898,0.487898187013343,,0.189640,0
QF_BV/Sage2/bench_6268.smt2,STP,1,0.4791364840930328,0.4708427940495312,,0.008294,0
QF_BV/Sage2/bench_4440.smt2,Yices2,1,0.49664223194122314,0.34069714695215225,,0.155945,0
QF_BV/sage/app7/bench_8615.smt2,Yices2,1,0.6567724840133451,0.47108395700342953,,0.185689,0
QF_BV/bruttomesso/core/ext_con_020_128_0512.smt2,Yices2,1,1.3677511737914756,1.3401149928104132,,0.027636,0
QF_BV/Sage2/bench_5546.smt2,Yices2,1,0.3357974349637516,0.2845821769442409,,0.051215,0
QF_BV/sage/app9/bench_2978.smt2,Bitwuzla,1,0.8971819801372476,0.893662033136934,,0.003520,0
QF_BV/20221012-MCMPC/millionaires/millionaires.t3.i16.10950f0a.smt2,Yices2,1,0.224125188018661,0.2209527960512787,,0.003172,0
QF_BV/spear/samba_v3.0.24/bin_eventlogadm_vc331256.smt2,Yices2,1,2.2885459599201567,2.257445849943906,,0.031100,0
QF_BV/Sage2/bench_16145.smt2,Yices2,1,0.9207473660935648,0.8856889500748366,,0.035058,0
QF_BV/sage/app7/bench_6602.smt2,Yices2,1,0.5941715100780129,0.3991658000741154,,0.195006,0
QF_BV/Sage2/bench_1793.smt2,STP,1,45.17763621598715,45.17580634402111,,0.001830,0
QF_BV/uclid/catchconv/convert-jpg2gif-query-1501.smt2,Yices2,1,0.34602685197023675,0.2762654609978199,,0.069761,0
QF_BV/Sage2/bench_5982.smt2,STP,1,1.1706592400441878,1.1659395010210574,,0.004720,0
QF_BV/20221012-MCMPC/dualexecution_affine/dualexecution_affine.t1.i10.bb5c17e2.smt2,Yices2,1,0.34978284186217934,0.2733985958620906,,0.076384,0
QF_BV/Sage2/bench_9938.smt2,Yices2,1,0.9448808472370729,0.8548988942056894,,0.089982,0
QF_BV/20221012-MCMPC/dualexecution/dualexecution.t1.i6.22256b5f.smt2,Yices2,1,0.446035397995729,0.3142498820088804,,0.131786,0
QF_BV/20221012-MCMPC/simplemean_buckets/simplemean_buckets.t1.i14.7a753cc2.smt2,STP,1,0.33783319289796054,0.33508865092881024,,0.002745,0
QF_BV/Sage2/bench_7626.smt2,Yices2,1,0.8951680340687744,0.7138847270980477,,0.181283,0
QF_BV/20221012-MCMPC/millionaires/millionaires.t1.i54.2d318feb.smt2,Yices2,1,0.21940087690018117,0.2173083769157529,,0.002092,0
QF_BV/float/test_v5_r5_vr5_c1_s9855.smt2,Yices2,1,6.251270998152904,6.2229472601320595,,0.028324,0
QF_BV/Sage2/bench_8446.smt2,Yices2,1,0.5898124168743379,0.41917957784608006,,0.170633,0
QF_BV/20221012-MCMPC/mean_buckets/mean_buckets.t1.i16.70d0c470.smt2,STP,1,0.3571797999320552,0.3540001749061048,,0.003180,0
QF_BV/brummayerbiere/nextpoweroftwo256.smt2,Yices2,1,3.06507826509187,3.0599010391160846,,0.005177,0
QF_BV/Sage2/bench_7226.smt2,STP,1,0.2377236929605715,0.23541443096473813,,0.002309,0
QF_BV/bruttomesso/lfsr/lfsr_004_127_080.smt2,STP,1,3.1549113130313344,3.151031662011519,,0.003880,0
QF_BV/Sage2/bench_10797.smt2,Bitwuzla,1,0.530774675833527,0.5082133908290416,,0.022561,0
QF_BV/sage/app7/bench_4448.smt2,Yices2,1,0.6897759838611819,0.4868736488278955,,0.202902,0
QF_BV/Sage2/bench_16473.smt2,Yices2,1,0.497745516942814,0.3804260289762169,,0.117319,0
QF_BV/sage/app11/bench_322.smt2,Yices2,1,0.3765767400036566,0.3006527400575578,,0.075924,0
QF_BV/mcm/108.smt2,STP,1,57.76811500516487,57.73821589513682,,0.029899,0
QF_BV/spear/inn_v2.4.3/nnrpd_nnrpd_vc21435.smt2,Bitwuzla,1,0.4540575238643214,0.4523179018869996,,0.001740,0
QF_BV/Sage2/bench_11594.smt2,STP,1,0.9780880038160831,0.9533803388476372,,0.024708,0
QF_BV/sage/app11/bench_355.smt2,Yices2,1,0.3748520028311759,0.29975126683712006,,0.075101,0
QF_BV/sage/app7/bench_8624.smt2,Yices2,1,0.662941692979075,0.47388662095181644,,0.189055,0
QF_BV/Sage2/bench_149.smt2,STP,1,10.52087828097865,10.519411640940234,,0.001467,0
QF_BV/Sage2/bench_7426.smt2,STP,1,1.6895152338547632,1.684309183852747,,0.005206,0
QF_BV/sage/app7/bench_26.smt2,Yices2,1,0.7999797519296408,0.5491304609458894,,0.250849,0
QF_BV/bruttomesso/core/ext_con_016_004_0256.smt2,STP,1,0.47862863587215543,0.47753367689438164,,0.001095,0
QF_BV/sage/app7/bench_776.smt2,Yices2,1,0.5036492049111985,0.3384768939577043,,0.165172,0
QF_BV/20221012-MCMPC/millionaires/millionaires.t1.i53.8cf3ba2e.smt2,Yices2,1,0.2171202261815779,0.21516047115437686,,0.001960,0
QF_BV/sage/app7/bench_547.smt2,Yices2,1,0.7993841419229284,0.557030055904761,,0.242354,0
QF_BV/Sage2/bench_4467.smt2,STP,1,0.2480989081086591,0.24659850308671594,,0.001500,0
QF_BV/Sage2/bench_5796.smt2,STP,1,1.2314543760148808,1.2267435539979488,,0.004711,0
QF_BV/sage/app7/bench_2075.smt2,Yices2,1,0.3017350268783048,0.2504424268845469,,0.051293,0
QF_BV/sage/app1/bench_402.smt2,Bitwuzla,1,0.23742794402642176,0.23394263302907348,,0.003485,0
QF_BV/spear/inn_v2.4.3/innd_innd_vc33527.smt2,Bitwuzla,1,0.40960417210590094,0.4080326131079346,,0.001572,0
QF_BV/Sage2/bench_6123.smt2,STP,1,0.23106016597012058,0.22972297295928001,,0.001337,0
QF_BV/Sage2/bench_2130.smt2,STP,1,9.013651022862177,9.011606813874096,,0.002044,0
QF_BV/20210312-Bouvier/vlsat3_a38.smt2,STP,1,29.508286499825772,29.490131301805377,,0.018155,0
QF_BV/bmc-bv-svcomp14/soft_float_2_true.c.cil.c.17.smt2,Yices2,1,0.5749865360558033,0.3512081450317055,,0.223778,0
QF_BV/20221012-MCMPC/dualexecution_affine/dualexecution_affine.t1.i8.3217f7e9.smt2,Yices2,1,0.5065673990757205,0.34108945610933006,,0.165478,0
QF_BV/bruttomesso/core/ext_con_064_004_1024.smt2,STP,1,6.133421291015111,6.130234234035015,,0.003187,0
QF_BV/Sage2/bench_10324.smt2,STP,1,0.2408708359580487,0.23838214296847582,,0.002489,0
QF_BV/Sage2/bench_2988.smt2,STP,1,0.2347209070576355,0.23221077607013285,,0.002510,0
QF_BV/Sage2/bench_2944.smt2,STP,1,0.23380248196190223,0.23132799798622727,,0.002474,0
QF_BV/Sage2/bench_6093.smt2,Yices2,1,0.48851965297944844,0.37754635396413505,,0.110973,0
QF_BV/20190311-bv-term-small-rw-Noetzli/bv-term-small-rw_1520.smt2,STP,1,0.22970421198988333,0.22930009895935655,,0.000404,0
QF_BV/sage/app1/bench_1896.smt2,Yices2,1,0.2500174230663106,0.24506027507595718,,0.004957,0
QF_BV/Sage2/bench_15157.smt2,Yices2,1,3.8445870852447115,3.68855151720345,,0.156036,0
QF_BV/20221012-MCMPC/mean_buckets/mean_buckets.t1.i15.aac869ec.smt2,STP,1,0.320872116019018,0.3176706410013139,,0.003201,0
QF_BV/Sage2/bench_10312.smt2,STP,1,29.046202854951844,29.043956758920103,,0.002246,0
QF_BV/sage/app1/bench_2628.smt2,Bitwuzla,1,0.24809051683405414,0.2440742428880185,,0.004016,0
QF_BV/Sage2/bench_2829.smt2,Yices2,1,0.5392519611632451,0.4402880461420864,,0.098964,0
QF_BV/asp/BlockedNQueens/156.48.1960.36.1721349794.dat.smt2,Yices2,1,3.841999847907573,3.812446008902043,,0.029554,0
QF_BV/uclid/catchconv/convert-jpg2gif-query-1397.smt2,Yices2,1,0.3554380069253966,0.30009464896284044,,0.055343,0
QF_BV/20210219-Sydr/master/yices/predicate_6625.smt2,STP,1,1.2287368068937212,1.0845280538778752,,0.144209,0
QF_BV/20221012-MCMPC/millionaires/millionaires.t1.i64.fabd50a4.smt2,Yices2,1,0.21302116994047537,0.2111932379193604,,0.001828,0
QF_BV/20221012-MCMPC/dualexecution_affine/dualexecution_affine.t1.i6.f1f2b1bf.smt2,Yices2,1,0.7346317708143033,0.4838639048393816,,0.250768,0
QF_BV/Sage2/bench_3827.smt2,Yices2,1,0.43352445698110387,0.35030516097322106,,0.083219,0
QF_BV/Sage2/bench_14559.smt2,STP,1,0.25921686191577464,0.25743177393451333,,0.001785,0
QF_BV/Sage2/bench_14112.smt2,Bitwuzla,1,2.139838411938399,2.106952999951318,,0.032885,0
QF_BV/20221012-MCMPC/dualexecution/dualexecution.t1.i15.8cf8ddf5.smt2,Yices2,1,0.500097441021353,0.34800495603121817,,0.152092,0
QF_BV/20210219-Sydr/symbolic_memory/nested/readelf/predicate_2876.smt2,Yices2,1,1.2878635459346697,1.1040689919609576,,0.183795,0
QF_BV/sage/app11/bench_162.smt2,Yices2,1,0.3942183000035584,0.31674843397922814,,0.077470,0
QF_BV/Sage2/bench_7241.smt2,Yices2,1,3.200112324906513,3.0305634739343077,,0.169549,0
QF_BV/sage/app9/bench_1496.smt2,STP,1,0.48918816685909405,0.4882323208730668,,0.000956,0
QF_BV/20221012-MCMPC/millionaires/millionaires.t1.i52.17c3fcd5.smt2,Yices2,1,0.23579308710759506,0.2338299760594964,,0.001963,0
QF_BV/spear/samba_v3.0.24/bin_libsmbclient_vc1225715.smt2,Yices2,1,0.9485516811255366,0.9330692251678556,,0.015482,0
QF_BV/20230221-oisc-gurtner/SRL-SAFE-20-20.smt2,STP,1,6.856228232965805,6.849806020967662,,0.006422,0
QF_BV/20221012-MCMPC/wage_circuit_div/wage_circuit_div.t1.i31.c66d5049.smt2,STP,1,0.2326012579142116,0.23120304895564914,,0.001398,0
QF_BV/20221012-MCMPC/mean_buckets/mean_buckets.t1.i26.8b3444a5.smt2,STP,1,0.28968335484387353,0.2873216988518834,,0.002362,0
QF_BV/20190311-bv-term-small-rw-Noetzli/bv-term-small-rw_1341.smt2,STP,1,0.2134422020171769,0.21304323803633451,,0.000399,0
QF_BV/20221012-MCMPC/dualexecution/dualexecution.t1.i9.1d1e81d2.smt2,Yices2,1,0.450325406040065,0.3195305750705302,,0.130795,0
QF_BV/sage/app7/bench_2647.smt2,Yices2,1,0.7926777161192149,0.5517113350797445,,0.240966,0
QF_BV/sage/app7/bench_577.smt2,Yices2,1,0.5252561310189776,0.34390148404054344,,0.181355,0
QF_BV/mcm/15.smt2,Bitwuzla,1,8.558527569985017,8.55113902501762,,0.007389,0
QF_BV/20221012-MCMPC/millionaires/millionaires.t4.i25.a15e0fef.smt2,Yices2,1,0.22357694915262982,0.21929724514484406,,0.004280,0
QF_BV/asp/MazeGeneration/maze-generation-width=15-height=15-density=0.01-run=3.smt2,Yices2,1,1.7329921441269107,1.718736712122336,,0.014255,0
QF_BV/20221012-MCMPC/dualexecution_affine/dualexecution_affine.t1.i8.1c40cb71.smt2,Yices2,1,0.5468488900223747,0.3646354500669986,,0.182213,0
QF_BV/sage/app7/bench_379.smt2,Yices2,1,0.6436444540740922,0.4621750770602375,,0.181469,0
QF_BV/Sage2/bench_10533.smt2,Bitwuzla,1,0.26785082509741187,0.2646458800882101,,0.003205,0
QF_BV/uclid/catchconv/convert-jpg2gif-query-1236.smt2,Yices2,1,0.2948810999514535,0.24791448190808296,,0.046967,0
QF_BV/sage/app7/bench_8568.smt2,Yices2,1,0.649187553091906,0.4634848730638623,,0.185703,0
QF_BV/20221012-MCMPC/millionaires/millionaires.t1.i28.8802057a.smt2,STP,1,0.2209960440522991,0.21967507805675268,,0.001321,0
QF_BV/20221012-MCMPC/millionaires/millionaires.t3.i8.88a0d9b9.smt2,Bitwuzla,1,0.26712532521924004,0.26402834220789373,,0.003097,0
QF_BV/20221012-MCMPC/dualexecution_affine/dualexecution_affine.t1.i12.ab8a594c.smt2,Yices2,1,0.2480987409944646,0.22840428398922086,,0.019694,0
QF_BV/Sage2/bench_13306.smt2,STP,1,1.4379257760592736,1.4371427800506353,,0.000783,0
QF_BV/20221012-MCMPC/millionaires/millionaires.t1.i24.346763df.smt2,Bitwuzla,1,0.2517406159895472,0.24955499498173594,,0.002186,0
QF_BV/Sage2/bench_1762.smt2,STP,1,30.14148140803445,30.13959059305489,,0.001891,0
QF_BV/sage/app7/bench_871.smt2,Yices2,1,0.4856604118249379,0.32903738878667355,,0.156623,0
QF_BV/Sage2/bench_16503.smt2,STP,1,0.22821237688185647,0.22664869693107903,,0.001564,0
QF_BV/20221012-MCMPC/millionaires/millionaires.t4.i28.ad436073.smt2,Yices2,1,0.22448576492024586,0.22008435591123998,,0.004401,0
QF_BV/Sage2/bench_464.smt2,Yices2,1,0.7065062700421549,0.4345580330118537,,0.271948,0
QF_BV/20221012-MCMPC/millionaires/millionaires.t1.i40.ff1613dd.smt2,Yices2,1,0.2171333750593476,0.2149994990322739,,0.002134,0
QF_BV/20221012-MCMPC/dualexecution/dualexecution.t1.i6.aa2c6a9f.smt2,Yices2,1,0.3034147269790992,0.2557786030229181,,0.047636,0
QF_BV/Sage2/bench_12287.smt2,STP,1,0.3409710709238425,0.3333628629334271,,0.007608,0
QF_BV/sage/app7/bench_413.smt2,Yices2,1,0.5471705110394396,0.355110822012648,,0.192060,0
QF_BV/Sage2/bench_10266.smt2,STP,1,0.2687046770588495,0.2627058650832623,,0.005999,0
QF_BV/20221012-MCMPC/millionaires/millionaires.t2.i52.7123ca53.smt2,Yices2,1,0.21976348309544846,0.21712845307774842,,0.002635,0
QF_BV/bruttomesso/core/ext_con_052_064_0512.smt2,Yices2,1,1.4945576869649813,1.4591710399836302,,0.035387,0
QF_BV/sage/app1/bench_987.smt2,STP,1,0.43209486111300066,0.4293134061153978,,0.002781,0
QF_BV/spear/samba_v3.0.24/bin_libmsrpc_vc1231902.smt2,Bitwuzla,1,0.35916696704225615,0.35377791803330183,,0.005389,0
QF_BV/Sage2/bench_5705.smt2,STP,1,0.8040165919810534,0.7992128080222756,,0.004804,0
QF_BV/Sage2/bench_16611.smt2,STP,1,0.28250428393948823,0.2776059419848025,,0.004898,0
QF_BV/Sage2/bench_7430.smt2,STP,1,0.26237243093783036,0.25811701896600425,,0.004255,0
QF_BV/Sage2/bench_7878.smt2,STP,1,0.23240683204494417,0.23097727703861892,,0.001430,0
QF_BV/sage/app1/bench_155.smt2,Bitwuzla,1,0.23221582703990862,0.22851851303130388,,0.003697,0
QF_BV/20221012-MCMPC/millionaires/millionaires.t3.i1.12842d08.smt2,Bitwuzla,1,0.27172952907858416,0.26875694608315825,,0.002973,0
QF_BV/Sage2/bench_11645.smt2,Yices2,1,3.0423443178879097,2.9669243479147553,,0.075420,0
QF_BV/bruttomesso/core/ext_con_020_001_0256.smt2,STP,1,0.4944781131343916,0.49381502508185804,,0.000663,0
QF_BV/Sage2/bench_9836.smt2,STP,1,0.23501951107755303,0.23239052505232394,,0.002629,0
QF_BV/20210219-Sydr/master/cjpeg/predicate_294.smt2,Bitwuzla,1,0.28503905300749466,0.27837337902747095,,0.006666,0
QF_BV/Sage2/bench_2167.smt2,STP,1,10.696315167006105,10.694852513028309,,0.001463,0
QF_BV/bruttomesso/lfsr/lfsr_008_095_096.smt2,Yices2,1,10.906504088023212,10.898257293039933,,0.008247,0
QF_BV/20221012-MCMPC/wage/wage.t1.i20.8050dd2d.smt2,Bitwuzla,1,0.25022184109548107,0.24809148209169507,,0.002130,0
QF_BV/Sage2/bench_8958.smt2,Yices2,1,3.597915996972006,3.501344342948869,,0.096572,0
QF_BV/Sage2/bench_8301.smt2,STP,1,0.41699725709622726,0.4090254690963775,,0.007972,0
QF_BV/sage/app7/bench_139.smt2,Yices2,1,0.6484117760555819,0.4598279760684818,,0.188584,0
QF_BV/sage/app7/bench_356.smt2,Yices2,1,0.550167077977676,0.36802865099161863,,0.182138,0
QF_BV/bruttomesso/core/ext_con_036_064_1024.smt2,Yices2,1,1.967649784812238,1.9432819618377835,,0.024368,0
QF_BV/Sage2/bench_8113.smt2,STP,1,0.3081254898570478,0.3038275488652289,,0.004298,0
QF_BV/20210219-Sydr/master/readelf/predicate_511.smt2,Bitwuzla,1,0.25998085807077587,0.25824134703725576,,0.001740,0
QF_BV/sage/app1/bench_619.smt2,STP,1,0.2568847410730086,0.25390006811358035,,0.002985,0
QF_BV/Sage2/bench_9785.smt2,STP,1,0.7044958121259697,0.7006376720964909,,0.003858,0
QF_BV/Sage2/bench_5237.smt2,STP,1,10.112729782937095,10.111159147927538,,0.001571,0
QF_BV/Sage2/bench_5906.smt2,Yices2,1,1.2336268978542648,0.9155663808342069,,0.318061,0
QF_BV/Sage2/bench_16325.smt2,STP,1,1.8456384881283157,1.8446047471370548,,0.001034,0
QF_BV/Sage2/bench_3351.smt2,STP,1,2.7077822169521824,2.706061956938356,,0.001720,0
QF_BV/Sage2/bench_16180.smt2,Yices2,1,4.774311103974469,4.442753551993519,,0.331558,0
QF_BV/Sage2/bench_8637.smt2,STP,1,0.2697147070430219,0.26548096304759383,,0.004234,0
QF_BV/Sage2/bench_8166.smt2,STP,1,0.3709086771123111,0.3645568850915879,,0.006352,0
QF_BV/Sage2/bench_1791.smt2,Bitwuzla,1,26.156804996950086,26.154501549899578,,0.002303,0
QF_BV/sage/app8/bench_1478.smt2,STP,1,0.23773777193855494,0.2351176559459418,,0.002620,0
QF_BV/20221214-p4dfa-XiaoqiChen/Composition/compose.p2._bit8_na6_nr3_paired.smt2,Yices2,1,3.633019156055525,3.591146497055888,,0.041873,0
QF_BV/20221012-MCMPC/millionaires/millionaires.t1.i10.6ded5440.smt2,Bitwuzla,1,0.26178640086436644,0.25934121082536876,,0.002445,0
QF_BV/Sage2/bench_2525.smt2,STP,1,64.37433909613173,64.37211531610228,,0.002224,0
QF_BV/20221012-MCMPC/millionaires/millionaires.t1.i39.65443ede.smt2,Yices2,1,0.21910867985570803,0.21701243286952376,,0.002096,0
QF_BV/bruttomesso/simple_processor/simple_processors_008_002_0016.smt2,STP,1,0.7791802458814345,0.7783664278686047,,0.000814,0
QF_BV/spear/samba_v3.0.24/bin_libsmbclient_vc1228452.smt2,Yices2,1,0.9893745610606857,0.9671737160533667,,0.022201,0
QF_BV/Sage2/bench_7546.smt2,STP,1,0.6594922859803773,0.6299853699747473,,0.029507,0
QF_BV/sage/app7/bench_8556.smt2,Yices2,1,0.6502696109819226,0.4609774879645556,,0.189292,0
QF_BV/Sage2/bench_7227.smt2,Yices2,1,0.23727101599797606,0.22818146203644574,,0.009090,0
QF_BV/spear/samba_v3.0.24/bin_libsmbsharemodes_vc7111.smt2,Bitwuzla,1,0.9046801080112346,0.8895499759819359,,0.015130,0
QF_BV/Sage2/bench_15996.smt2,STP,1,0.2787109148921445,0.274406059877947,,0.004305,0
QF_BV/sage/app11/bench_553.smt2,Yices2,1,0.38153052114648744,0.29928714013658464,,0.082243,0
QF_BV/log-slicing/bvsdiv_18.smt2,STP,1,347.8873298098915,347.88544701994397,,0.001883,0
QF_BV/Sage2/bench_4373.smt2,Bitwuzla,1,15.071517000091262,15.069027807097882,,0.002489,0
QF_BV/20210219-Sydr/master/cjpeg/predicate_882.smt2,Yices2,1,0.44850270595634356,0.43328884593211114,,0.015214,0
QF_BV/20221012-MCMPC/dualexecution_affine/dualexecution_affine.t1.i10.40062874.smt2,Yices2,1,0.30532886798027903,0.25756530300714076,,0.047764,0
QF_BV/sage/app7/bench_919.smt2,Yices2,1,0.48166373593267053,0.33144330489449203,,0.150220,0
QF_BV/Sage2/bench_5373.smt2,STP,1,1.0602491860627197,1.0554568630177528,,0.004792,0
QF_BV/sage/app9/bench_256.smt2,STP,1,0.33355576114263386,0.33109603310003877,,0.002460,0
QF_BV/Sage2/bench_11719.smt2,Bitwuzla,1,0.30182269908254966,0.299574539065361,,0.002248,0
QF_BV/Sage2/bench_5137.smt2,STP,1,72.85437811800512,72.85305343801156,,0.001325,0
QF_BV/Sage2/bench_871.smt2,Yices2,1,0.6600150429876521,0.6540200309827924,,0.005995,0
QF_BV/Sage2/bench_9509.smt2,STP,1,0.22638568584807217,0.22496285289525986,,0.001423,0
QF_BV/Sage2/bench_15042.smt2,Bitwuzla,1,0.3957967840251513,0.3929313600528985,,0.002865,0
QF_BV/sage/app11/bench_409.smt2,Yices2,1,0.43506574403727427,0.3591920710168779,,0.075874,0
QF_BV/Sage2/bench_16510.smt2,STP,1,0.26119287294568494,0.25701851793564856,,0.004174,0
QF_BV/sage/app7/bench_5469.smt2,Yices2,1,0.6796150369336829,0.4847063769120723,,0.194909,0
QF_BV/sage/app7/bench_1559.smt2,Yices2,1,0.7882456870283931,0.545598611002788,,0.242647,0
QF_BV/sage/app7/bench_390.smt2,Yices2,1,0.6515770817641169,0.46840666979551315,,0.183170,0
QF_BV/Sage2/bench_5252.smt2,STP,1,0.3960003438987769,0.38966867490671575,,0.006332,0
QF_BV/spear/samba_v3.0.24/bin_eventlogadm_vc331175.smt2,Yices2,1,0.9848699928843416,0.963688253890723,,0.021182,0
QF_BV/Sage2/bench_11583.smt2,STP,1,0.23100780398817733,0.22875903197564185,,0.002249,0
QF_BV/uclid/catchconv/convert-jpg2gif-query-1198.smt2,Yices2,1,0.30708469421369955,0.26207942119799554,,0.045005,0
QF_BV/spear/inn_v2.4.3/innd_innd_vc33536.smt2,Bitwuzla,1,0.4266293770633638,0.424844813067466,,0.001785,0
QF_BV/bruttomesso/lfsr/lfsr_002_159_016.smt2,STP,1,0.8658393289078958,0.8650801118928939,,0.000759,0
QF_BV/20221012-MCMPC/millionaires/millionaires.t1.i19.3a1cfede.smt2,Bitwuzla,1,0.253374086052645,0.2510108870919794,,0.002363,0
QF_BV/20221012-MCMPC/dualexecution_affine/dualexecution_affine.t1.i9.12a661b2.smt2,Yices2,1,0.3166555070783943,0.25960889109410346,,0.057047,0
QF_BV/20190311-bv-term-small-rw-Noetzli/bv-term-small-rw_1489.smt2,STP,1,0.2572399401688017,0.25684004416689277,,0.000400,0
QF_BV/sage/app7/bench_8025.smt2,Yices2,1,0.5619964071083814,0.37117971712723374,,0.190817,0
QF_BV/bruttomesso/core/ext_con_036_032_0512.smt2,cvc5,1,2.5332993758493103,2.52008651685901,,0.013213,0
QF_BV/20190311-bv-term-small-rw-Noetzli/bv-term-small-rw_239.smt2,STP,1,0.22393413708778098,0.22352021606639028,,0.000414,0
QF_BV/20210219-Sydr/symbolic_memory/nested/cjpeg/predicate_173.smt2,Bitwuzla,1,0.30323394504375756,0.29856948903761804,,0.004664,0
QF_BV/spear/samba_v3.0.24/bin_libmsrpc_vc1225330.smt2,Yices2,1,0.8868739188183099,0.8662539718206972,,0.020620,0
QF_BV/Sage2/bench_2435.smt2,Yices2,1,0.49471852515125647,0.3833500421606004,,0.111368,0
QF_BV/sage/app7/bench_5080.smt2,Yices2,1,0.6889665999915451,0.4917016599792987,,0.197265,0
QF_BV/Sage2/bench_4575.smt2,STP,1,0.3242437669541687,0.31210988899692893,,0.012134,0
QF_BV/sage/app7/bench_1893.smt2,Yices2,1,0.3746992380474694,0.31089291302487254,,0.063806,0
QF_BV/Sage2/bench_5084.smt2,STP,1,0.7628221138729714,0.7509926268830895,,0.011829,0
QF_BV/sage/app1/bench_1214.smt2,Yices2,1,0.29554318205919117,0.29048368404619396,,0.005059,0
QF_BV/uclid/catchconv/convert-jpg2gif-query-1192.smt2,Yices2,1,0.31105064280563965,0.2662780818063766,,0.044773,0
QF_BV/brummayerbiere3/maxand016.smt2,Bitwuzla,1,0.26397211279254407,0.262764424784109,,0.001208,0
QF_BV/sage/app7/bench_2958.smt2,Yices2,1,0.7513399478048086,0.5088526888284832,,0.242487,0
QF_BV/bruttomesso/core/ext_con_028_001_0064.smt2,STP,1,0.36342896800488234,0.3621416019741446,,0.001287,0
QF_BV/sage/app7/bench_1039.smt2,Yices2,1,0.5015015919925645,0.3578118809964508,,0.143690,0
QF_BV/sage/app9/bench_1028.smt2,STP,1,0.23125840409193188,0.22893451806157827,,0.002324,0
QF_BV/Sage2/bench_1212.smt2,STP,1,38.86476926493924,38.86237652692944,,0.002393,0
QF_BV/20190311-bv-term-small-rw-Noetzli/bv-term-small-rw_609.smt2,STP,1,0.21106963703641668,0.21061107306741178,,0.000459,0
QF_BV/bruttomesso/lfsr/lfsr_008_047_112.smt2,Yices2,1,5.788008067931514,5.778153562918305,,0.009855,0
QF_BV/20221012-MCMPC/mean_buckets/mean_buckets.t1.i4.1b3d6e15.smt2,STP,1,0.34914736304199323,0.34530031704343855,,0.003847,0
QF_BV/Sage2/bench_6883.smt2,Yices2,1,3.635667839029338,3.476738824043423,,0.158929,0
QF_BV/asp/SchurNumbers/15.1.schur.lp.smt2,Yices2,1,3.484589112980757,3.4028827929869294,,0.081706,0
QF_BV/sage/app7/bench_1874.smt2,Yices2,1,0.3268807560089044,0.26301608397625387,,0.063865,0
QF_BV/Sage2/bench_6744.smt2,STP,1,0.5250226531061344,0.5219512120820582,,0.003071,0
QF_BV/20221012-MCMPC/dualexecution/dualexecution.t1.i15.44406686.smt2,Yices2,1,0.6056435299688019,0.42614684300497174,,0.179497,0
QF_BV/sage/app1/bench_2228.smt2,Bitwuzla,1,0.4098072499036789,0.40521293389610946,,0.004594,0
QF_BV/Sage2/bench_8357.smt2,STP,1,0.24127180792856961,0.2379483189433813,,0.003323,0
QF_BV/20221012-MCMPC/millionaires/millionaires.t1.i22.8ffb5df5.smt2,Bitwuzla,1,0.2528832799871452,0.2505731889978051,,0.002310,0
QF_BV/sage/app7/bench_1621.smt2,Yices2,1,0.36332012206548825,0.2774040070362389,,0.085916,0
QF_BV/20221012-MCMPC/dualexecution/dualexecution.t1.i15.012f6e6a.smt2,Yices2,1,0.8143894760869443,0.49348377506248653,,0.320906,0
QF_BV/sage/app7/bench_1613.smt2,STP,1,0.2782404909376055,0.27729169093072414,,0.000949,0
QF_BV/Sage2/bench_11266.smt2,STP,1,0.2336791610578075,0.2309091470669955,,0.002770,0
QF_BV/Sage2/bench_10322.smt2,STP,1,1.1416671921033412,1.1162728010676801,,0.025394,0
QF_BV/sage/app7/bench_1890.smt2,Yices2,1,0.3467920308467001,0.28478832985274494,,0.062004,0
QF_BV/Sage2/bench_6103.smt2,STP,1,29.08776816894533,29.085394067922607,,0.002374,0
QF_BV/Sage2/bench_17627.smt2,STP,1,0.4666547689703293,0.45730958692729473,,0.009345,0
QF_BV/sage/app1/bench_2003.smt2,Yices2,1,0.24400310695637017,0.23915584199130535,,0.004847,0
QF_BV/sage/app7/bench_1325.smt2,Yices2,1,0.7867363421246409,0.5386490591336042,,0.248087,0
QF_BV/20210219-Sydr/master/cjpeg/predicate_402.smt2,Bitwuzla,1,0.3092448560637422,0.3012994290329516,,0.007945,0
QF_BV/spear/samba_v3.0.24/bin_libmsrpc_vc1225381.smt2,Yices2,1,0.8058843301259913,0.7869055611081421,,0.018979,0
QF_BV/sage/app11/bench_190.smt2,Yices2,1,0.43151232099626213,0.3547034889925271,,0.076809,0
QF_BV/Sage2/bench_5234.smt2,STP,1,0.24349457514472306,0.24030642909929156,,0.003188,0
QF_BV/sage/app7/bench_2171.smt2,Yices2,1,0.3140363479615189,0.26426662993617356,,0.049770,0
QF_BV/Sage2/bench_5567.smt2,Yices2,1,0.7926731430343352,0.7683970970101655,,0.024276,0
QF_BV/20190311-bv-term-small-rw-Noetzli/bv-term-small-rw_1469.smt2,STP,1,0.22331602813210338,0.22278491011820734,,0.000531,0
QF_BV/20221012-MCMPC/dualexecution_affine/dualexecution.t1.i6.96e30d59.smt2,Yices2,1,0.41755806194851175,0.30492233391851187,,0.112636,0
QF_BV/Sage2/bench_15489.smt2,Yices2,1,0.45105959597276524,0.36476837401278317,,0.086291,0
QF_BV/20210219-Sydr/master/cjpeg/predicate_305.smt2,Bitwuzla,1,0.3041810362483375,0.29783920920453966,,0.006342,0
QF_BV/log-slicing/bvsrem_20.smt2,Bitwuzla,0,1200.0,1201.2265110861044,,0.001902,0
QF_BV/pspace/power2sum.9679.smt2,STP,1,254.1203050290933,254.119891513139,,0.000414,0
QF_BV/20221012-MCMPC/millionaires/millionaires.t1.i41.d43bf47c.smt2,Yices2,1,0.21843225992051885,0.21617721091024578,,0.002255,0
QF_BV/Sage2/bench_536.smt2,STP,1,0.5700528079178184,0.5560387999285012,,0.014014,0
QF_BV/Sage2/bench_7340.smt2,STP,1,0.40918597782729194,0.4014911528211087,,0.007695,0
QF_BV/20221012-MCMPC/dualexecution_affine/dualexecution_affine.t1.i9.ad6ee5d7.smt2,Yices2,1,0.3099795800517313,0.257558552082628,,0.052421,0
QF_BV/spear/samba_v3.0.24/bin_libsmbsharemodes_vc7697.smt2,Bitwuzla,1,1.7956843380234204,1.7596831100527197,,0.036001,0
QF_BV/sage/app8/bench_2060.smt2,STP,1,0.47358471591724083,0.47269333992153406,,0.000891,0
QF_BV/sage/app7/bench_1381.smt2,Yices2,1,0.7852054142276756,0.5362193111795932,,0.248986,0
QF_BV/Sage2/bench_17810.smt2,Bitwuzla,1,32.87228711793432,32.824933412950486,,0.047354,0
QF_BV/sage/app7/bench_2031.smt2,Yices2,1,0.3268511609057896,0.27083862689323723,,0.056013,0
QF_BV/Sage2/bench_15086.smt2,STP,1,22.935735533945262,22.924777366919443,,0.010958,0
QF_BV/float/sqrt.c.15.smt2,Yices2,1,69.299789635872,69.21518968092278,,0.084600,0
QF_BV/20210219-Sydr/master/cjpeg/predicate_1643.smt2,Yices2,1,0.5261343941092491,0.4988343510776758,,0.027300,0
QF_BV/uclid/catchconv/convert-jpg2gif-query-1553.smt2,Yices2,1,0.44016324874246493,0.3625349937938154,,0.077628,0
QF_BV/Sage2/bench_25.smt2,Yices2,1,6.3669977630488575,6.192408187082037,,0.174590,0
QF_BV/Sage2/bench_3105.smt2,STP,1,6.476304640003946,6.473723547998816,,0.002581,0
QF_BV/sage/app7/bench_447.smt2,Yices2,1,0.6683754550176673,0.4216400790028274,,0.246735,0
QF_BV/sage/app7/bench_1471.smt2,Yices2,1,0.37129112402908504,0.2810961219947785,,0.090195,0
QF_BV/20221012-MCMPC/dualexecution/dualexecution.t1.i6.85dac36f.smt2,Yices2,1,0.384921798016876,0.28856528201140463,,0.096357,0
QF_BV/sage/app7/bench_7413.smt2,Yices2,1,0.6588632720522583,0.4683142490684986,,0.190549,0
QF_BV/Sage2/bench_13785.smt2,STP,1,0.42787214793497697,0.41812726692296565,,0.009745,0
QF_BV/Sage2/bench_12503.smt2,STP,1,0.23880586301675066,0.2361356019973755,,0.002670,0
QF_BV/Sage2/bench_17731.smt2,STP,1,0.22924856783356518,0.22779161483049393,,0.001457,0
QF_BV/sage/app1/bench_2306.smt2,Bitwuzla,1,0.608292245073244,0.6038707990664989,,0.004421,0
QF_BV/Sage2/bench_14895.smt2,STP,1,1.4787001759978011,1.4661334180273116,,0.012567,0
QF_BV/Sage2/bench_6956.smt2,STP,1,21.91010368312709,21.898288678145036,,0.011815,0
QF_BV/20221012-MCMPC/millionaires/millionaires.t1.i8.24c0d2db.smt2,Bitwuzla,1,0.26042286987649277,0.2580967298708856,,0.002326,0
QF_BV/bruttomesso/core/ext_con_012_004_0512.smt2,STP,1,0.6811636139755137,0.6802268580067903,,0.000937,0
QF_BV/Sage2/bench_7984.smt2,Yices2,1,0.46112349908798933,0.36933114705607295,,0.091792,0
QF_BV/Sage2/bench_2268.smt2,STP,1,10.001809080014937,10.000273952027783,,0.001535,0
QF_BV/Sage2/bench_11970.smt2,Bitwuzla,1,1.1763862280058675,1.164412871003151,,0.011973,0
QF_BV/bruttomesso/core/ext_con_016_032_1024.smt2,STP,1,2.761646493920125,2.7557795599568635,,0.005867,0
QF_BV/sage/app7/bench_6880.smt2,Yices2,1,0.674480487999972,0.47946803201921284,,0.195012,0
QF_BV/20221012-MCMPC/dualexecution_affine/dualexecution.t1.i12.91c627f2.smt2,Yices2,1,0.23842410510405898,0.22385630710050464,,0.014568,0
QF_BV/sage/app2/bench_592.smt2,Yices2,1,0.24316387384897098,0.22919699782505631,,0.013967,0
QF_BV/Sage2/bench_152.smt2,STP,1,4.422045088023879,4.419818775029853,,0.002226,0
QF_BV/sage/app2/bench_499.smt2,Yices2,1,0.2538618049584329,0.23355074599385262,,0.020311,0
QF_BV/Sage2/bench_3075.smt2,STP,1,25.77095507190097,25.769127012928948,,0.001828,0
QF_BV/sage/app12/bench_5587.smt2,Yices2,1,0.2598409059573896,0.25616909796372056,,0.003672,0
QF_BV/Sage2/bench_5292.smt2,STP,1,32.91916393308202,32.917977238073945,,0.001187,0
QF_BV/asp/15Puzzle/15-puzzle.init15.smt2,Yices2,1,10.344070442894008,10.160189559916034,,0.183881,0
QF_BV/20221012-MCMPC/millionaires/millionaires.t1.i27.c027c0b3.smt2,Yices2,1,0.2163139110780321,0.2140923230908811,,0.002222,0
QF_BV/20221012-MCMPC/wage/wage.t1.i28.d4528a84.smt2,Bitwuzla,1,0.252951854839921,0.25127172586508095,,0.001680,0
QF_BV/sage/app7/bench_3525.smt2,Yices2,1,0.7416017479845323,0.5187760510016233,,0.222826,0
QF_BV/20221012-MCMPC/millionaires/millionaires.t1.i30.7956e3a1.smt2,STP,1,0.22158683300949633,0.22042459901422262,,0.001162,0
QF_BV/Sage2/bench_4049.smt2,Bitwuzla,1,6.98056513996562,6.827214936958626,,0.153350,0
QF_BV/20210219-Sydr/symbolic_memory/linear/readelf/predicate_2668.smt2,Yices2,1,1.6182634521392174,1.4401060400996357,,0.178157,0
QF_BV/20190311-bv-term-small-rw-Noetzli/bv-term-small-rw_24.smt2,STP,1,0.21960252505959943,0.21921222703531384,,0.000390,0
QF_BV/Sage2/bench_6995.smt2,Yices2,1,0.4807889158837497,0.38726088986732066,,0.093528,0
QF_BV/spear/samba_v3.0.24/bin_libmsrpc_vc1225843.smt2,Yices2,1,0.9944455248769373,0.975999214919284,,0.018446,0
QF_BV/log-slicing/bvashr_0687.smt2,Bitwuzla,1,259.5109927619924,259.50648300303146,,0.004510,0
QF_BV/Sage2/bench_4432.smt2,STP,1,0.228785204119049,0.22731282212771475,,0.001472,0
QF_BV/20210219-Sydr/master/yices/predicate_3021.smt2,STP,1,0.6603538058116101,0.5908193897921592,,0.069534,0
QF_BV/20221012-MCMPC/dualexecution_affine/dualexecution_affine.t1.i12.26577143.smt2,Yices2,1,0.2503005359903909,0.23094382300041616,,0.019357,0
QF_BV/bruttomesso/core/ext_con_044_001_0032.smt2,STP,1,0.30895400390727445,0.3078971649520099,,0.001057,0
QF_BV/20221012-MCMPC/dualexecution/dualexecution.t1.i6.b7aee1b4.smt2,Yices2,1,0.26737321203108877,0.23876674403436482,,0.028606,0
QF_BV/sage/app7/bench_2298.smt2,Yices2,1,0.29636681580450386,0.24715705285780132,,0.049210,0
QF_BV/20221012-MCMPC/wage_circuit_div/wage_circuit_div.t1.i28.4ef1cd0d.smt2,STP,1,0.2355173869873397,0.23394078901037574,,0.001577,0
QF_BV/20190311-bv-term-small-rw-Noetzli/bv-term-small-rw_890.smt2,STP,1,0.24166339787188917,0.24116628291085362,,0.000497,0
QF_BV/Sage2/bench_6791.smt2,STP,1,16.23037559504155,16.228668357012793,,0.001707,0
QF_BV/sage/app1/bench_2516.smt2,STP,1,0.21650668006623164,0.21537889004684985,,0.001128,0
QF_BV/Sage2/bench_9694.smt2,Yices2,1,0.4840981450397521,0.377125479048118,,0.106973,0
QF_BV/spear/samba_v3.0.24/bin_libmsrpc_vc1225314.smt2,Bitwuzla,1,0.989515462948475,0.9731972159352154,,0.016318,0
QF_BV/20210219-Sydr/symbolic_memory/linear/minigzip/predicate_582.smt2,Yices2,1,1.1166704590432346,0.9650326720438898,,0.151638,0
QF_BV/Sage2/bench_9469.smt2,STP,1,0.23099166294559836,0.22837463999167085,,0.002617,0
QF_BV/Sage2/bench_2662.smt2,STP,1,0.22840295493369922,0.22685942193493247,,0.001544,0
QF_BV/Sage2/bench_1566.smt2,Bitwuzla,1,0.9358541389228776,0.9329565148800611,,0.002898,0
QF_BV/spear/cvs_v1.11.22/cvs_vc81760.smt2,STP,1,1.6810085660545155,1.6801927010528743,,0.000816,0
QF_BV/20221012-MCMPC/millionaires/millionaires.t1.i36.dac1d183.smt2,Yices2,1,0.24717765802051872,0.2449160059913993,,0.002262,0
QF_BV/sage/app12/bench_3481.smt2,Yices2,1,0.24534778582165018,0.24141751881688833,,0.003930,0
QF_BV/20221012-MCMPC/mean_buckets/mean_buckets.t1.i4.89eba8e4.smt2,STP,1,0.3322270798962563,0.32865806692279875,,0.003569,0
QF_BV/sage/app7/bench_264.smt2,Yices2,1,0.6424155020504259,0.4588101140689105,,0.183605,0
QF_BV/bruttomesso/lfsr/lfsr_002_095_048.smt2,STP,1,1.1639950411044993,1.1625493511091918,,0.001446,0
QF_BV/spear/samba_v3.0.24/bin_libsmbsharemodes_vc4811.smt2,Yices2,1,0.8035485831205733,0.7721220441162586,,0.031427,0
QF_BV/sage/app1/bench_2497.smt2,STP,1,0.21749844908481464,0.21634712512604892,,0.001151,0
QF_BV/sage/app1/bench_1062.smt2,STP,1,0.25943406793521717,0.25678051891736686,,0.002654,0
QF_BV/Sage2/bench_8423.smt2,STP,1,0.24335706501733512,0.2412607059814036,,0.002096,0
QF_BV/asp/WeightBoundedDominatingSet/rand_150_600_1159731678_7.lp.smt2,Yices2,1,11.119843080814462,11.104578738799319,,0.015264,0
QF_BV/sage/app7/bench_1077.smt2,Yices2,1,0.45084019482601434,0.3156983368098736,,0.135142,0
QF_BV/Sage2/bench_13544.smt2,Bitwuzla,1,7.35058179392945,7.338321958901361,,0.012260,0
QF_BV/20210219-Sydr/symbolic_memory/nested/readelf/predicate_1496.smt2,Yices2,1,0.7044223301345482,0.6261770611163229,,0.078245,0
QF_BV/Sage2/bench_6951.smt2,STP,1,2.069508904067334,2.068321618018672,,0.001187,0
QF_BV/spear/inn_v2.4.3/nnrpd_nnrpd_vc21452.smt2,Bitwuzla,1,0.6029640889610164,0.6009075699839741,,0.002057,0
QF_BV/Sage2/bench_3159.smt2,STP,1,14.707653276040219,14.706272053066641,,0.001381,0
QF_BV/asp/HamiltonianPath/gryzzles.6.lp.smt2,Yices2,1,1.3828209360362962,1.3640201820526272,,0.018801,0
QF_BV/float/test_v7_r7_vr10_c1_s10625.smt2,Yices2,1,64.23206585395383,64.17435824195854,,0.057708,0
QF_BV/Sage2/bench_3045.smt2,STP,1,6.871096324059181,6.869676690082997,,0.001420,0
QF_BV/asp/EdgeMatching/edge-matching-width=10-height=10-colours=8.smt2,Bitwuzla,1,866.0116480010329,865.2367193170357,,0.774929,0
QF_BV/sage/app2/bench_594.smt2,Yices2,1,0.25153773109195754,0.23713570809923112,,0.014402,0
QF_BV/sage/app8/bench_1412.smt2,STP,1,0.2353719721431844,0.23228735313750803,,0.003085,0
QF_BV/sage/app1/bench_2185.smt2,Yices2,1,0.21497849695151672,0.21351212891750038,,0.001466,0
QF_BV/uclid/catchconv/convert-jpg2gif-query-1491.smt2,Yices2,1,0.3432554679457098,0.2733261159155518,,0.069929,0
QF_BV/Sage2/bench_6144.smt2,STP,1,0.4183769770897925,0.4101652291137725,,0.008212,0
QF_BV/20190311-bv-term-small-rw-Noetzli/bv-term-small-rw_1367.smt2,STP,1,0.2507769161602482,0.25039578415453434,,0.000381,0
QF_BV/20221012-MCMPC/millionaires/millionaires.t1.i42.080d3cb9.smt2,Yices2,1,0.21546080405823886,0.21342929708771408,,0.002032,0
QF_BV/spear/samba_v3.0.24/bin_libmsrpc_vc1228463.smt2,Bitwuzla,1,0.9868975979043171,0.9727358259260654,,0.014162,0
QF_BV/20190311-bv-term-small-rw-Noetzli/bv-term-small-rw_88.smt2,STP,1,0.22745173203293234,0.2270485400222242,,0.000403,0
QF_BV/spear/samba_v3.0.24/bin_libsmbsharemodes_vc6296.smt2,Yices2,1,0.5947837560088374,0.5805527840275317,,0.014231,0
QF_BV/asp/Solitaire/solitaire-asymmetric-time=31.smt2,STP,1,191.4880272479495,191.39532803394832,,0.092699,0
QF_BV/Sage2/bench_5384.smt2,STP,1,0.22944947698852047,0.22735127597115934,,0.002098,0
QF_BV/sage/app7/bench_3291.smt2,STP,1,0.26601412997115403,0.26472361595369875,,0.001291,0
QF_BV/20221012-MCMPC/dualexecution_affine/dualexecution.t1.i15.cb59be00.smt2,Yices2,1,0.663373549876269,0.4247124888934195,,0.238661,0
QF_BV/20221012-MCMPC/millionaires/millionaires.t1.i19.ef913ef1.smt2,Bitwuzla,1,0.2509895429830067,0.24878089898265898,,0.002209,0
QF_BV/sage/app7/bench_594.smt2,Yices2,1,0.5265650690416805,0.3459096390288323,,0.180655,0
QF_BV/20221012-MCMPC/dualexecution_affine/dualexecution.t1.i15.1023f4eb.smt2,Yices2,1,0.8227174449712038,0.5126238779630512,,0.310094,0
QF_BV/spear/samba_v3.0.24/bin_libsmbclient_vc1225140.smt2,Bitwuzla,1,0.6696900289971381,0.6611156240105629,,0.008574,0
QF_BV/20190311-bv-term-small-rw-Noetzli/bv-term-small-rw_1157.smt2,STP,1,0.21376638300716877,0.21313507203012705,,0.000631,0
QF_BV/20221012-MCMPC/millionaires/millionaires.t1.i55.67730878.smt2,Yices2,1,0.21647955203661695,0.21445852401666343,,0.002021,0
QF_BV/20230224-grsbits-truby/grs-32-96.smt2,Yices2,1,201.6517669991008,201.6462668881286,,0.005500,0
QF_BV/Sage2/bench_11804.smt2,Yices2,1,0.6978389910655096,0.5218595340847969,,0.175979,0
QF_BV/Sage2/bench_4802.smt2,Bitwuzla,1,0.5129804698517546,0.5102773108519614,,0.002703,0
QF_BV/sage/app11/bench_537.smt2,Yices2,1,0.42035794688854367,0.34169465489685535,,0.078663,0
QF_BV/Sage2/bench_14054.smt2,Yices2,1,0.5127093829214573,0.39909287192858756,,0.113617,0
QF_BV/Sage2/bench_7133.smt2,STP,1,1.0923762579914182,1.0638964159879833,,0.028480,0
QF_BV/20221012-MCMPC/wage/wage.t1.i28.689f1d37.smt2,Bitwuzla,1,0.25315587199293077,0.25155157200060785,,0.001604,0
QF_BV/Sage2/bench_1912.smt2,STP,1,2.666431173856836,2.661866756854579,,0.004564,0
QF_BV/20190311-bv-term-small-rw-Noetzli/bv-term-small-rw_1435.smt2,STP,1,0.22000915982061997,0.21953742182813585,,0.000472,0
QF_BV/20221012-MCMPC/wage_circuit_div/wage_circuit_div.t1.i28.00f8325e.smt2,STP,1,0.23349722899729386,0.2318920879624784,,0.001605,0
QF_BV/20220315-ecrw/rw_rule_candidate_vmcai_2022_bw512_17.smt2,STP,0,1200.0,1201.4721704279073,,0.000459,0
QF_BV/spear/samba_v3.0.24/bin_libsmbclient_vc1225738.smt2,Yices2,1,0.3624471449875273,0.348319886950776,,0.014127,0
QF_BV/20221012-MCMPC/wage_circuit_div/wage_circuit_div.t1.i25.c071c574.smt2,STP,1,0.24727627483662218,0.24576969584450126,,0.001507,0
QF_BV/Sage2/bench_4080.smt2,Yices2,1,1.4195765581098385,1.3983619541395456,,0.021215,0
QF_BV/spear/samba_v3.0.24/bin_libmsrpc_vc1232139.smt2,Yices2,1,0.5677896048873663,0.5504925788845867,,0.017297,0
QF_BV/20190311-bv-term-small-rw-Noetzli/bv-term-small-rw_1544.smt2,STP,1,0.23357750597642735,0.23315463797189295,,0.000423,0
QF_BV/spear/samba_v3.0.24/bin_libsmbclient_vc1225260.smt2,Yices2,1,0.6858042770181783,0.6646593250334263,,0.021145,0
QF_BV/Sage2/bench_5581.smt2,STP,1,1.8152293761377223,1.8142073061317205,,0.001022,0
QF_BV/sage/app7/bench_8358.smt2,Yices2,1,0.5587863449472934,0.3725827429443598,,0.186204,0
QF_BV/spear/wget_v1.10.2/src_wget_vc18498.smt2,Yices2,1,0.7442575910245068,0.7426624679937959,,0.001595,0
QF_BV/20230221-oisc-gurtner/SRAI-SAFE-1024-1024.smt2,STP,0,1200.0,1201.4485735211056,,0.139302,0
QF_BV/20221012-MCMPC/sugarbeets/sugarbeets.t1.i12.7d2b2fe0.smt2,Yices2,1,0.6414225411135703,0.6114924231078476,,0.029930,0
QF_BV/20221012-MCMPC/millionaires/millionaires.t4.i11.a66fbc39.smt2,Bitwuzla,1,0.2945303558954038,0.2906420629005879,,0.003888,0
QF_BV/sage/app7/bench_1558.smt2,Yices2,1,0.7000224981456995,0.45122985914349556,,0.248793,0
QF_BV/sage/app11/bench_334.smt2,Yices2,1,0.42051407910184935,0.34249256807379425,,0.078022,0
QF_BV/log-slicing/bvudiv_15.smt2,STP,1,51.032515069062356,51.031216592062265,,0.001298,0
QF_BV/Sage2/bench_4957.smt2,STP,1,7.609895696805324,7.60806710482575,,0.001829,0
QF_BV/Sage2/bench_5319.smt2,STP,1,9.862941551138647,9.861535380128771,,0.001406,0
QF_BV/Sage2/bench_8502.smt2,STP,1,0.2871969591942616,0.2808650841470808,,0.006332,0
QF_BV/Sage2/bench_7498.smt2,Yices2,1,0.6112326549482532,0.3943084189668298,,0.216924,0
QF_BV/Sage2/bench_14041.smt2,Yices2,1,0.2695958718541078,0.24378856783732772,,0.025807,0
QF_BV/sage/app7/bench_2112.smt2,Yices2,1,0.3059222740121186,0.25384800299070776,,0.052074,0
QF_BV/20221012-MCMPC/dualexecution_affine/dualexecution.t1.i16.ccba053b.smt2,Yices2,1,0.3461088161566295,0.2932901461608708,,0.052819,0
QF_BV/Sage2/bench_11307.smt2,STP,1,1.4720760679338127,1.4672188209369779,,0.004857,0
QF_BV/20230224-grsbits-truby/grs-96-16.smt2,Yices2,1,11.392112244968303,11.39015541295521,,0.001957,0
QF_BV/bruttomesso/core/ext_con_008_032_0512.smt2,STP,1,0.8104924131184816,0.8073070701211691,,0.003185,0
QF_BV/Sage2/bench_9668.smt2,STP,1,27.345265624928288,27.04077055491507,,0.304495,0
QF_BV/sage/app7/bench_3093.smt2,STP,1,0.25464825512608513,0.2536868411116302,,0.000961,0
QF_BV/sage/app7/bench_147.smt2,Yices2,1,0.6538721420802176,0.46047265408560634,,0.193399,0
QF_BV/20210219-Sydr/symbolic_memory/linear/readelf/predicate_2396.smt2,Yices2,1,1.5478397849947214,1.3889383219648153,,0.158901,0
QF_BV/spear/inn_v2.4.3/innd_innd_vc33728.smt2,Bitwuzla,1,0.4888015780597925,0.48705726908519864,,0.001744,0
QF_BV/sage/app7/bench_601.smt2,Yices2,1,0.526437885069754,0.3515527620911598,,0.174885,0
QF_BV/Sage2/bench_1606.smt2,Yices2,1,0.6907559359096922,0.49153796094469726,,0.199218,0
QF_BV/sage/app1/bench_2008.smt2,Yices2,1,0.23644561500987038,0.23154248599894345,,0.004903,0
QF_BV/Sage2/bench_1297.smt2,STP,1,49.200507250090595,49.19865911710076,,0.001848,0
QF_BV/Sage2/bench_13303.smt2,Yices2,1,0.6282808649702929,0.43419080995954573,,0.194090,0
QF_BV/Sage2/bench_981.smt2,Yices2,1,0.7609009640291333,0.4943187329918146,,0.266582,0
QF_BV/sage/app1/bench_1219.smt2,STP,1,0.33340041106566787,0.33140088408254087,,0.002000,0
QF_BV/Sage2/bench_4353.smt2,STP,1,1.6371694197878242,1.635260519804433,,0.001909,0
QF_BV/20230221-oisc-gurtner/SRLI-SAFE-20-1024.smt2,Yices2,1,44.709901261900086,44.62287223688327,,0.087029,0
QF_BV/Sage2/bench_1581.smt2,STP,1,1.0658792341127992,1.0359222961124033,,0.029957,0
QF_BV/Sage2/bench_15998.smt2,STP,1,0.28215996181825176,0.27781083481386304,,0.004349,0
QF_BV/uclid/catchconv/convert-jpg2gif-query-1185.smt2,Yices2,1,0.3223379300907254,0.2774745800998062,,0.044863,0
QF_BV/Sage2/bench_12555.smt2,Bitwuzla,1,1.0146967030595988,1.007931892061606,,0.006765,0
QF_BV/Sage2/bench_9044.smt2,STP,1,0.2622192738344893,0.258064204826951,,0.004155,0
QF_BV/Sage2/bench_11634.smt2,STP,1,42.06092867697589,42.05614752997644,,0.004781,0
QF_BV/sage/app7/bench_92.smt2,Yices2,1,0.820616292883642,0.5771221579052508,,0.243494,0
QF_BV/20221012-MCMPC/millionaires/millionaires.t1.i18.3c7c5dd7.smt2,STP,1,0.23841771704610437,0.23714738409034908,,0.001270,0
QF_BV/sage/app7/bench_5480.smt2,Yices2,1,0.6747200399404392,0.4787959549576044,,0.195924,0
QF_BV/Sage2/bench_2512.smt2,Yices2,1,0.30201014591148123,0.2540798468980938,,0.047930,0
QF_BV/sage/app11/bench_126.smt2,Yices2,1,0.43877400789642707,0.3620292888954282,,0.076745,0
QF_BV/20221012-MCMPC/mean_buckets/mean_buckets.t1.i12.0ff64f82.smt2,STP,1,0.319145905028563,0.3159603390377015,,0.003186,0
QF_BV/Sage2/bench_7792.smt2,Yices2,1,1.6722326361341402,1.3093570021446794,,0.362876,0
QF_BV/20221012-MCMPC/dualexecution_affine/dualexecution_affine.t1.i2.b2bbec3a.smt2,Yices2,1,0.4425093879108317,0.31453856895677745,,0.127971,0
QF_BV/sage/app7/bench_244.smt2,Yices2,1,0.6458911339286715,0.46016819193027914,,0.185723,0
QF_BV/Sage2/bench_15566.smt2,STP,1,0.3304999490501359,0.3226196870673448,,0.007880,0
QF_BV/20221012-MCMPC/wage/wage.t1.i26.f50db0a9.smt2,Bitwuzla,1,0.25731123285368085,0.2557454048655927,,0.001566,0
QF_BV/asp/KnightTour/knightTour.in09.smt2,Yices2,0,1200.0,1201.3171744269785,,0.817709,0
QF_BV/sage/app7/bench_574.smt2,Yices2,1,0.5331234349869192,0.3481880819890648,,0.184935,0
QF_BV/Sage2/bench_13098.smt2,STP,1,1.173332620121073,1.1564918791409582,,0.016841,0
QF_BV/sage/app7/bench_1384.smt2,Yices2,1,0.39437936223112047,0.2884150561876595,,0.105964,0
QF_BV/20221012-MCMPC/sugarbeets/sugarbeets.t1.i26.5e59acee.smt2,Yices2,1,0.6229998579947278,0.6103382529690862,,0.012662,0
QF_BV/20190311-bv-term-small-rw-Noetzli/bv-term-small-rw_514.smt2,STP,1,0.23200443107634783,0.2316106860525906,,0.000394,0
QF_BV/Sage2/bench_13024.smt2,Yices2,1,0.5929759030696005,0.40026165707968175,,0.192714,0
QF_BV/sage/app7/bench_1777.smt2,Yices2,1,0.33473650907399133,0.2650947570800781,,0.069642,0
QF_BV/20221012-MCMPC/wage/wage.t1.i21.dfdbc36a.smt2,Bitwuzla,1,0.2901056239497848,0.2885712629649788,,0.001534,0
QF_BV/Sage2/bench_13651.smt2,Bitwuzla,1,1.537117758009117,1.4710927410051227,,0.066025,0
QF_BV/spear/samba_v3.0.24/bin_libsmbclient_vc1225698.smt2,Bitwuzla,1,0.8866180101176724,0.8723700970876962,,0.014248,0
QF_BV/uclid/catchconv/convert-jpg2gif-query-1377.smt2,Yices2,1,0.310907282109838,0.2563831671141088,,0.054524,0
QF_BV/bruttomesso/core/ext_con_048_004_0128.smt2,STP,1,0.5928208700497635,0.5903190730605274,,0.002502,0
QF_BV/Sage2/bench_8737.smt2,STP,1,6.420875077135861,6.419213723158464,,0.001661,0
QF_BV/spear/samba_v3.0.24/bin_libsmbsharemodes_vc7623.smt2,Bitwuzla,1,0.6632520179264247,0.6496548929717392,,0.013597,0
QF_BV/Sage2/bench_4340.smt2,STP,1,0.3329971611383371,0.32797386310994625,,0.005023,0
QF_BV/float/test_v5_r5_vr10_c1_s5379.smt2,Yices2,1,6.349992148985621,6.321177039993927,,0.028815,0
QF_BV/bruttomesso/core/ext_con_012_008_1024.smt2,STP,1,2.0268507339060307,2.0254146018996835,,0.001436,0
QF_BV/sage/app1/bench_18.smt2,Bitwuzla,1,0.23842988087562844,0.23449199087917805,,0.003938,0
QF_BV/uclid/catchconv/convert-jpg2gif-query-1392.smt2,Yices2,1,0.34498509211698547,0.28856715909205377,,0.056418,0
QF_BV/float/test_v7_r12_vr1_c1_s22787.smt2,Bitwuzla,1,312.9697921589832,312.87753460695967,,0.092258,0
QF_BV/20210219-Sydr/master/cjpeg/predicate_421.smt2,Yices2,1,0.4102064400212839,0.40189058100804687,,0.008316,0
QF_BV/Sage2/bench_11149.smt2,STP,1,0.7608404390048236,0.7575720460154116,,0.003268,0
QF_BV/sage/app7/bench_8559.smt2,Yices2,1,0.6857773251249455,0.5011077960953116,,0.184670,0
QF_BV/pspace/shift1add.29940.smt2,STP,1,0.7567726549459621,0.7563795859459788,,0.000393,0
QF_BV/Sage2/bench_2850.smt2,STP,1,0.6155881081940606,0.601223022211343,,0.014365,0
QF_BV/spear/samba_v3.0.24/bin_libsmbsharemodes_vc7113.smt2,Bitwuzla,1,1.0308414649334736,1.0154571109451354,,0.015384,0
QF_BV/sage/app12/bench_653.smt2,STP,1,0.3990089761791751,0.3963588031474501,,0.002650,0
QF_BV/Sage2/bench_5314.smt2,STP,1,21.93055231909966,21.928529889089987,,0.002022,0
QF_BV/20221012-MCMPC/dualexecution_affine/dualexecution_affine.t1.i9.0316107f.smt2,Yices2,1,0.4103216750663705,0.304483249085024,,0.105838,0
QF_BV/bruttomesso/core/ext_con_056_002_0064.smt2,STP,1,0.4282063420396298,0.426548850024119,,0.001657,0
QF_BV/Sage2/bench_3288.smt2,STP,1,1.982635759981349,1.980734925949946,,0.001901,0
QF_BV/20221012-MCMPC/millionaires/millionaires.t1.i22.00856cd3.smt2,Bitwuzla,1,0.25540320586878806,0.2529827218968421,,0.002420,0
QF_BV/sage/app7/bench_298.smt2,Yices2,1,0.6537428130977787,0.4712847340852022,,0.182458,0
QF_BV/sage/app12/bench_5544.smt2,Yices2,1,0.24493076099315658,0.2414653659798205,,0.003465,0
QF_BV/20221012-MCMPC/millionaires/millionaires.t1.i51.7d4ad533.smt2,Yices2,1,0.21416253497591242,0.2121445529628545,,0.002018,0
QF_BV/Sage2/bench_492.smt2,Yices2,1,0.46091240196255967,0.36569396895356476,,0.095218,0
QF_BV/Sage2/bench_4497.smt2,Bitwuzla,1,5.579037124232855,5.565901605179533,,0.013136,0
QF_BV/Sage2/bench_337.smt2,Bitwuzla,1,0.6969114200328477,0.5921035420615226,,0.104808,0
QF_BV/Sage2/bench_9496.smt2,STP,1,1.1809443141100928,1.1772862051147968,,0.003658,0
QF_BV/Sage2/bench_3356.smt2,STP,1,10.873132878914475,10.871421464951709,,0.001711,0
QF_BV/Sage2/bench_12560.smt2,STP,1,48.388910005043726,48.38453436503187,,0.004376,0
QF_BV/Sage2/bench_1064.smt2,STP,1,8.766592941887211,8.764788620872423,,0.001804,0
QF_BV/Sage2/bench_17739.smt2,Yices2,1,4.999072789098136,4.694701146101579,,0.304372,0
QF_BV/Sage2/bench_12497.smt2,Bitwuzla,1,0.4984352750470862,0.4726951150223613,,0.025740,0
QF_BV/bruttomesso/core/ext_con_012_004_1024.smt2,STP,1,1.6927569899125956,1.6917926229070872,,0.000964,0
QF_BV/spear/samba_v3.0.24/bin_libsmbsharemodes_vc7317.smt2,Bitwuzla,1,0.7625945948529989,0.7574906048830599,,0.005104,0
QF_BV/spear/samba_v3.0.24/bin_libsmbsharemodes_vc7680.smt2,Bitwuzla,1,1.1060410900972784,1.0802849200554192,,0.025756,0
QF_BV/float/div2.c.30.smt2,Yices2,1,7.1535502059268765,7.127252684906125,,0.026298,0
QF_BV/float/test_v5_r10_vr1_c1_s19145.smt2,Yices2,1,62.13352056709118,62.07724371808581,,0.056277,0
QF_BV/sage/app11/bench_225.smt2,Yices2,1,0.3857508049113676,0.31004581693559885,,0.075705,0
QF_BV/Sage2/bench_12031.smt2,Bitwuzla,1,2.809785890916828,2.772323370911181,,0.037463,0
QF_BV/sage/app11/bench_156.smt2,Yices2,1,0.381752080982551,0.3056136129889637,,0.076138,0
QF_BV/Sage2/bench_15832.smt2,Bitwuzla,1,5.308373737963848,5.3055109169799834,,0.002863,0
QF_BV/bruttomesso/core/ext_con_028_016_0064.smt2,STP,1,0.4602878380683251,0.4551619270350784,,0.005126,0
QF_BV/20210219-Sydr/master/readelf/predicate_532.smt2,Bitwuzla,1,0.23519003804540262,0.233193475054577,,0.001997,0
QF_BV/Sage2/bench_9135.smt2,STP,1,0.22570489591453224,0.22368492791429162,,0.002020,0
QF_BV/log-slicing/bvshl_1142.smt2,STP,1,20.30534962407546,20.302485245047137,,0.002864,0
QF_BV/Sage2/bench_10598.smt2,Bitwuzla,1,1.2983751170686446,1.2857846070546657,,0.012591,0
QF_BV/bruttomesso/lfsr/lfsr_008_095_032.smt2,STP,1,2.695629874127917,2.692457534139976,,0.003172,0
QF_BV/sage/app7/bench_2150.smt2,Yices2,1,0.30786323302891105,0.2577446580398828,,0.050119,0
QF_BV/Sage2/bench_7308.smt2,STP,1,0.24310666794190183,0.24011705699376762,,0.002990,0
QF_BV/spear/inn_v2.4.3/nnrpd_nnrpd_vc21237.smt2,Bitwuzla,1,0.44239987194305286,0.44037838792428374,,0.002021,0
QF_BV/20190311-bv-term-small-rw-Noetzli/bv-term-small-rw_1245.smt2,STP,1,0.21311852504732087,0.21270099701359868,,0.000418,0
QF_BV/Sage2/bench_12837.smt2,Bitwuzla,1,2.439842897001654,2.4372580340132117,,0.002585,0
QF_BV/calypto/problem_20.smt2,STP,1,7.743231308879331,7.741143589839339,,0.002088,0
QF_BV/Sage2/bench_857.smt2,STP,1,60.27459047891898,60.26987203792669,,0.004718,0
QF_BV/20221012-MCMPC/mean_buckets/mean_buckets.t1.i14.af96c4c3.smt2,STP,1,0.3262403620756231,0.3230586340650916,,0.003182,0
QF_BV/Sage2/bench_4363.smt2,Bitwuzla,1,5.474819551978726,5.394347104942426,,0.080472,0
QF_BV/20221012-MCMPC/mean_buckets/mean_buckets.t1.i18.24b1503c.smt2,STP,1,0.32215835712850094,0.31929337210021913,,0.002865,0
QF_BV/sage/app2/bench_624.smt2,Yices2,1,0.26620078802807257,0.25365988607518375,,0.012541,0
QF_BV/Sage2/bench_12736.smt2,Bitwuzla,1,8.806161325075664,8.74820523406379,,0.057956,0
QF_BV/20190311-bv-term-small-rw-Noetzli/bv-term-small-rw_1059.smt2,STP,1,0.22105683683184907,0.22055889084003866,,0.000498,0
QF_BV/brummayerbiere/countbits032.smt2,STP,1,2.008636282000225,2.0073859950061888,,0.001250,0
QF_BV/20221012-MCMPC/wage/wage.t1.i36.f3ec62e3.smt2,Bitwuzla,1,0.23982090904610232,0.23841270105913281,,0.001408,0
QF_BV/Sage2/bench_13197.smt2,Yices2,1,8.016217119002249,7.979607796994969,,0.036609,0
QF_BV/20221012-MCMPC/millionaires/millionaires.t1.i31.a8a9ca05.smt2,Yices2,1,0.21598253084812313,0.2138595748692751,,0.002123,0
QF_BV/20210219-Sydr/master/readelf/predicate_494.smt2,STP,1,0.2749529869761318,0.273508318932727,,0.001445,0
QF_BV/log-slicing/bvashr_0273.smt2,Bitwuzla,1,24.08025234687375,24.07644711388275,,0.003805,0
QF_BV/20210219-Sydr/master/yices/predicate_5316.smt2,STP,1,0.9946622479474172,0.8693303619511425,,0.125332,0
QF_BV/Sage2/bench_4976.smt2,Yices2,1,1.1320498508866876,0.8190559858921915,,0.312994,0
QF_BV/Sage2/bench_13465.smt2,Bitwuzla,1,3.194881812960375,3.154436419950798,,0.040445,0
QF_BV/spear/samba_v3.0.24/bin_eventlogadm_vc352885.smt2,Yices2,1,1.340127025032416,1.2929251780733466,,0.047202,0
QF_BV/20221012-MCMPC/millionaires/millionaires.t1.i46.86c86a83.smt2,Yices2,1,0.21562685503158718,0.21345121203921735,,0.002176,0
QF_BV/spear/samba_v3.0.24/bin_eventlogadm_vc330985.smt2,Bitwuzla,1,0.46051600616192445,0.45657314313575625,,0.003943,0
QF_BV/Sage2/bench_2448.smt2,STP,1,63.89339477295289,63.89181495294906,,0.001580,0
QF_BV/Sage2/bench_13578.smt2,Bitwuzla,1,3.412816307041794,3.3622497140895575,,0.050567,0
QF_BV/sage/app7/bench_4525.smt2,Yices2,1,0.6950359049951658,0.48992447298951447,,0.205111,0
QF_BV/20221012-MCMPC/dualexecution_affine/dualexecution.t1.i10.e88f6290.smt2,Yices2,1,0.29944851715117693,0.2518543361220509,,0.047594,0
QF_BV/uclid/catchconv/convert-jpg2gif-query-1184.smt2,Yices2,1,0.32636761892354116,0.28230709093622863,,0.044061,0
QF_BV/spear/samba_v3.0.24/bin_libsmbsharemodes_vc7110.smt2,Bitwuzla,1,0.6084050829522312,0.5941070369444788,,0.014298,0
QF_BV/20190311-bv-term-small-rw-Noetzli/bv-term-small-rw_389.smt2,STP,1,0.21009873697767034,0.2096390009392053,,0.000460,0
QF_BV/20221012-MCMPC/millionaires/millionaires.t1.i39.5715ef35.smt2,Yices2,1,0.23232748813461512,0.2300652051344514,,0.002262,0
QF_BV/brummayerbiere/nextpoweroftwo128.smt2,Bitwuzla,1,1.1551595180062577,1.1523932709824294,,0.002766,0
QF_BV/sage/app7/bench_7213.smt2,Yices2,1,0.666376399982255,0.4753103549592197,,0.191066,0
QF_BV/sage/app7/bench_2022.smt2,Yices2,1,0.31570559210376814,0.2592376130633056,,0.056468,0
QF_BV/20221012-MCMPC/dualexecution_affine/dualexecution.t1.i28.f4ae65b3.smt2,Yices2,1,2.1228842009440996,1.280028163921088,,0.842856,0
QF_BV/Sage2/bench_2041.smt2,STP,1,0.36951598402811214,0.3618565460201353,,0.007659,0
QF_BV/uclid/catchconv/convert-jpg2gif-query-1365.smt2,Yices2,1,0.33943589200498536,0.2867932210210711,,0.052643,0
QF_BV/20221012-MCMPC/dualexecution_affine/dualexecution_affine.t1.i8.186fc2fe.smt2,Yices2,1,0.5553837179322727,0.3691929029300809,,0.186191,0
QF_BV/Sage2/bench_8579.smt2,STP,1,0.8550346590345725,0.83304587402381,,0.021989,0
QF_BV/sage/app8/bench_3237.smt2,STP,1,0.2584767860826105,0.2579130290541798,,0.000564,0
QF_BV/bruttomesso/core/ext_con_056_064_0256.smt2,Yices2,1,1.812588344910182,1.7749942059163004,,0.037594,0
QF_BV/20210312-Bouvier/vlsat3_a78.smt2,STP,0,1200.0,1201.242535393918,,0.003846,0
QF_BV/sage/app11/bench_91.smt2,Yices2,1,0.38927081390284,0.311921841930598,,0.077349,0
QF_BV/20221214-p4dfa-XiaoqiChen/StringMatching/string4x8.3._bit16_na6_nr4_paired.smt2,Yices2,0,1200.0,1201.2823843320366,,0.123087,0
QF_BV/spear/inn_v2.4.3/nnrpd_nnrpd_vc21244.smt2,Bitwuzla,1,0.6333635470364243,0.6313005550764501,,0.002063,0
QF_BV/20190311-bv-term-small-rw-Noetzli/bv-term-small-rw_248.smt2,STP,1,0.21610672090901062,0.21563417091965675,,0.000473,0
QF_BV/Sage2/bench_3966.smt2,STP,1,1.394341625040397,1.3844761450309306,,0.009865,0
QF_BV/20221012-MCMPC/dualexecution/dualexecution.t1.i15.7edaecb4.smt2,Yices2,1,0.9613036871887743,0.5683767881710082,,0.392927,0
QF_BV/20221012-MCMPC/millionaires/millionaires.t1.i47.b169cc43.smt2,Yices2,1,0.2150680150371045,0.21313515002839267,,0.001933,0
QF_BV/sage/app11/bench_539.smt2,Yices2,1,0.3761634179390967,0.3006969429552555,,0.075466,0
QF_BV/asp/Labyrinth/laby_19_19_14.lp.smt2,Bitwuzla,1,812.130913470115,810.4237644651439,,1.707149,0
QF_BV/Sage2/bench_17265.smt2,Bitwuzla,1,0.2706515589961782,0.26837237598374486,,0.002279,0
QF_BV/Sage2/bench_13439.smt2,Yices2,1,0.5760558149777353,0.4582872949540615,,0.117769,0
QF_BV/uclid/catchconv/convert-jpg2gif-query-1339.smt2,Yices2,1,0.30621664598584175,0.25595379597507417,,0.050263,0
QF_BV/Sage2/bench_7425.smt2,Yices2,1,0.4698841109056957,0.373793622944504,,0.096090,0
QF_BV/Sage2/bench_7780.smt2,STP,1,0.2307965629734099,0.22905525099486113,,0.001741,0
QF_BV/sage/app11/bench_198.smt2,Yices2,1,0.3931073459680192,0.3170987169723958,,0.076009,0
QF_BV/Sage2/bench_10946.smt2,STP,1,73.64062715909677,73.63612968707457,,0.004497,0
QF_BV/20190311-bv-term-small-rw-Noetzli/bv-term-small-rw_288.smt2,STP,1,0.21864764782367274,0.2181921098381281,,0.000456,0
QF_BV/ecc/com.galois.ecc.P384ECC64.ec_twin_mul_aux22.short.smt2,Yices2,1,0.252149878826458,0.2313998998142779,,0.020750,0
QF_BV/20210219-Sydr/master/cjpeg/predicate_2053.smt2,Yices2,1,0.42668736807536334,0.3918062790762633,,0.034881,0
QF_BV/20210219-Sydr/master/yices/predicate_12524.smt2,STP,1,2.8491962940315716,2.560876186005771,,0.288320,0
QF_BV/Sage2/bench_11182.smt2,STP,1,0.23278624593513086,0.23019122588448226,,0.002595,0
QF_BV/Sage2/bench_1694.smt2,STP,1,46.35781905101612,46.35605409904383,,0.001765,0
QF_BV/sage/app1/bench_2618.smt2,STP,1,0.21391651791054755,0.2128910468891263,,0.001025,0
QF_BV/spear/samba_v3.0.24/bin_libsmbclient_vc1225780.smt2,Yices2,1,0.9956345270620659,0.9751676230225712,,0.020467,0
QF_BV/spear/wget_v1.10.2/src_wget_vc17906.smt2,Yices2,1,0.5799208440002985,0.5784509039949626,,0.001470,0
QF_BV/20221012-MCMPC/wage_circuit_div/wage_circuit_div.t1.i36.e2238661.smt2,STP,1,0.2359156408929266,0.23455834691412747,,0.001357,0
QF_BV/20210219-Sydr/symbolic_memory/linear/minigzip/predicate_462.smt2,Yices2,1,0.988002106139902,0.8511240191292018,,0.136878,0
QF_BV/spear/samba_v3.0.24/bin_libsmbsharemodes_vc6235.smt2,Yices2,1,0.8484195308992639,0.8340476378798485,,0.014372,0
QF_BV/sage/app11/bench_124.smt2,Yices2,1,0.38530161703238264,0.308984681032598,,0.076317,0
QF_BV/Sage2/bench_9011.smt2,STP,1,0.23600491997785866,0.23463255097158253,,0.001372,0
QF_BV/sage/app1/bench_2308.smt2,Bitwuzla,1,0.5595676590455696,0.5549819390289485,,0.004586,0
QF_BV/Sage2/bench_11154.smt2,STP,1,31.114219984039664,31.111943260068074,,0.002277,0
QF_BV/sage/app7/bench_617.smt2,Yices2,1,0.5442298692069016,0.3721015672199428,,0.172128,0
QF_BV/Sage2/bench_9733.smt2,Yices2,1,0.9742394629283808,0.6962913179304451,,0.277948,0
QF_BV/sage/app1/bench_1325.smt2,Yices2,1,0.2489871020661667,0.24372364510782063,,0.005263,0
QF_BV/float/test_v7_r7_vr5_c1_s14675.smt2,Yices2,1,24.397326662146952,24.342183051165193,,0.055144,0
QF_BV/20221012-MCMPC/dualexecution_affine/dualexecution_affine.t1.i7.84db6fdd.smt2,Yices2,1,0.556811121175997,0.36920596519485116,,0.187605,0
QF_BV/Sage2/bench_8632.smt2,STP,1,0.27124158799415454,0.2666964279487729,,0.004545,0
QF_BV/Sage2/bench_13344.smt2,STP,1,37.64435061998665,37.639255980961025,,0.005095,0
QF_BV/20190311-bv-term-small-rw-Noetzli/bv-term-small-rw_1440.smt2,STP,1,0.21515136811649427,0.2147118290886283,,0.000440,0
QF_BV/sage/app1/bench_2547.smt2,Bitwuzla,1,0.5163698391406797,0.5121802231296897,,0.004190,0
QF_BV/sage/app7/bench_1555.smt2,Yices2,1,0.37687890010420233,0.2883354581426829,,0.088543,0
QF_BV/spear/inn_v2.4.3/innfeed_imapfeed_vc24830.smt2,Bitwuzla,1,0.900002570997458,0.8971194459591061,,0.002883,0
QF_BV/sage/app8/bench_550.smt2,STP,1,0.3862166589242406,0.3833167429547757,,0.002900,0
QF_BV/Sage2/bench_14158.smt2,STP,1,0.3496214358601719,0.3421381318476051,,0.007483,0
QF_BV/mcm/75.smt2,Bitwuzla,0,1200.0,1201.246998097049,,0.008567,0
QF_BV/20190311-bv-term-small-rw-Noetzli/bv-term-small-rw_1300.smt2,STP,1,0.21195482194889337,0.21156617696397007,,0.000389,0
QF_BV/spear/samba_v3.0.24/bin_libsmbsharemodes_vc6263.smt2,Yices2,1,0.9073264800244942,0.8894360810518265,,0.017890,0
QF_BV/20190311-bv-term-small-rw-Noetzli/bv-term-small-rw_1343.smt2,STP,1,0.21978933206992224,0.21939859306439757,,0.000391,0
QF_BV/Sage2/bench_9047.smt2,STP,1,0.22833335702307522,0.2269404400140047,,0.001393,0
QF_BV/Sage2/bench_12019.smt2,STP,1,0.2469496809062548,0.24410790391266346,,0.002842,0
QF_BV/20221012-MCMPC/dualexecution/dualexecution.t1.i14.8585dcb1.smt2,Yices2,1,1.3625059559126385,0.7607879058923572,,0.601718,0
QF_BV/sage/app7/bench_6435.smt2,Yices2,1,0.6633029359509237,0.4706848559435457,,0.192618,0
QF_BV/Sage2/bench_9380.smt2,STP,1,3.316449462028686,3.3119763450231403,,0.004473,0
QF_BV/sage/app11/bench_274.smt2,Yices2,1,0.38470248301746324,0.30922394106164575,,0.075479,0
QF_BV/20221012-MCMPC/wage/wage.t1.i23.cff874ab.smt2,Bitwuzla,1,0.26496239204425365,0.26337675703689456,,0.001586,0
QF_BV/Sage2/bench_7231.smt2,STP,1,0.38885436311829835,0.37398879509419203,,0.014866,0
QF_BV/sage/app7/bench_1709.smt2,Yices2,1,0.3481005569919944,0.27007671096362174,,0.078024,0
QF_BV/sage/app7/bench_8623.smt2,Yices2,1,0.6677650160272606,0.48202878702431917,,0.185736,0
QF_BV/sage/app12/bench_5728.smt2,Yices2,1,0.2253098408691585,0.2220763259101659,,0.003234,0
QF_BV/spear/samba_v3.0.24/bin_libsmbclient_vc1228409.smt2,Bitwuzla,1,0.9323614910244942,0.9194324680138379,,0.012929,0
QF_BV/20221012-MCMPC/millionaires/millionaires.t1.i7.f45ce2d0.smt2,Bitwuzla,1,0.2553575010388158,0.25301118404604495,,0.002346,0
QF_BV/Sage2/bench_13790.smt2,STP,1,1.0375431919819675,1.010485681006685,,0.027058,0
QF_BV/sage/app7/bench_589.smt2,Yices2,1,0.668643917015288,0.48548087500967085,,0.183163,0
QF_BV/Sage2/bench_16377.smt2,STP,1,0.27816979808267206,0.27557229809463024,,0.002597,0
QF_BV/sage/app7/bench_1565.smt2,Yices2,1,0.3891475260606967,0.30144666507840157,,0.087701,0
QF_BV/float/sin2.c.20.smt2,Bitwuzla,1,239.39730521093588,239.3434343219269,,0.053871,0
QF_BV/sage/app1/bench_2076.smt2,Yices2,1,0.21310535696102306,0.21147913299500942,,0.001626,0
QF_BV/sage/app8/bench_3359.smt2,STP,1,0.23981981904944405,0.23717319406569004,,0.002647,0
QF_BV/20221012-MCMPC/millionaires/millionaires.t1.i31.0ac89420.smt2,STP,1,0.23413692804751918,0.232964324997738,,0.001173,0
QF_BV/Sage2/bench_6275.smt2,STP,1,0.26258203212637454,0.26108116609975696,,0.001501,0
QF_BV/spear/inn_v2.4.3/nnrpd_nnrpd_vc21451.smt2,Bitwuzla,1,0.6508122199447826,0.6487361539620906,,0.002076,0
QF_BV/sage/app7/bench_920.smt2,Yices2,1,0.46950220403959975,0.32411836506798863,,0.145384,0
QF_BV/spear/samba_v3.0.24/bin_libsmbsharemodes_vc7094.smt2,Bitwuzla,1,0.6340931911254302,0.6229262400884181,,0.011167,0
QF_BV/asp/HierarchicalClustering/xy.10.x.10.r.2.565627391.127944.data_k=4_l=6_unsat.gph.smt2,STP,1,2.4602324299048632,2.415573315927759,,0.044659,0
QF_BV/Sage2/bench_11003.smt2,STP,1,0.2870095151010901,0.2810138571076095,,0.005996,0
QF_BV/20221012-MCMPC/dualexecution_affine/dualexecution.t1.i10.50b187c8.smt2,Yices2,1,0.27344598405761644,0.2402745340950787,,0.033171,0
QF_BV/bruttomesso/lfsr/lfsr_004_079_032.smt2,STP,1,1.4391977982013486,1.4373986031860113,,0.001799,0
QF_BV/bruttomesso/core/ext_con_028_004_1024.smt2,STP,1,4.311380950093735,4.309540599118918,,0.001840,0
QF_BV/Sage2/bench_4005.smt2,Yices2,1,0.5262759570614435,0.4249284800607711,,0.101347,0
QF_BV/20221012-MCMPC/dualexecution_affine/dualexecution.t1.i15.6cf4a8fe.smt2,Yices2,1,0.4660976600134745,0.3319805869832635,,0.134117,0
QF_BV/Sage2/bench_7805.smt2,Yices2,1,0.2840995821170509,0.24980443506501615,,0.034295,0
QF_BV/Sage2/bench_5730.smt2,Bitwuzla,1,2.367056207091082,2.3050553910434246,,0.062001,0
QF_BV/bruttomesso/core/ext_con_048_002_0032.smt2,STP,1,0.33141271310159937,0.3298163050785661,,0.001596,0
QF_BV/asp/WireRouting/wire.16.x.16.b.5.a.25_sat.data.smt2,Yices2,1,737.3219070510822,736.8321489300579,,0.489758,0
QF_BV/Sage2/bench_14937.smt2,Bitwuzla,1,4.53625225200085,4.021414424991235,,0.514838,0
QF_BV/asp/HamiltonianPath/random.2.lp.smt2,STP,1,5.7278406180557795,5.688735787058249,,0.039105,0
QF_BV/20210219-Sydr/master/cjpeg/predicate_378.smt2,Bitwuzla,1,0.2955460849334486,0.28822376392781734,,0.007322,0
QF_BV/spear/cvs_v1.11.22/cvs_vc105365.smt2,STP,1,0.5359298228868283,0.5304116848856211,,0.005518,0
QF_BV/Sage2/bench_891.smt2,Bitwuzla,1,4.949504918069579,4.894449677085504,,0.055055,0
QF_BV/spear/samba_v3.0.24/bin_libsmbclient_vc1225267.smt2,Yices2,1,1.1627694789203815,1.1419660409446806,,0.020803,0
QF_BV/Sage2/bench_15013.smt2,Yices2,1,0.31247446103952825,0.2833109360653907,,0.029164,0
QF_BV/Sage2/bench_4289.smt2,STP,1,1.1958860379527323,1.170391296967864,,0.025495,0
QF_BV/Sage2/bench_8621.smt2,STP,1,0.2813541400246322,0.27620567404665053,,0.005148,0
QF_BV/Sage2/bench_7515.smt2,STP,1,0.2803403181023896,0.2756763300858438,,0.004664,0
QF_BV/20210219-Sydr/master/readelf/predicate_553.smt2,Bitwuzla,1,0.27293226803885773,0.2706510010175407,,0.002281,0
QF_BV/Sage2/bench_13903.smt2,Yices2,1,0.4807081299368292,0.37909402092918754,,0.101614,0
QF_BV/Sage2/bench_14817.smt2,STP,1,0.6371400428470224,0.6114413528703153,,0.025699,0
QF_BV/sage/app1/bench_2173.smt2,Yices2,1,1.3542092938441783,1.3495213948190212,,0.004688,0
QF_BV/20210219-Sydr/master/yices/predicate_11921.smt2,STP,1,2.820757446170319,2.549730569124222,,0.271027,0
QF_BV/spear/inn_v2.4.3/innd_innd_vc33732.smt2,Bitwuzla,1,0.39848204399459064,0.3967883780132979,,0.001694,0
QF_BV/sage/app7/bench_1662.smt2,Yices2,1,0.3595884741516784,0.2767999251373112,,0.082789,0
QF_BV/20190311-bv-term-small-rw-Noetzli/bv-term-small-rw_581.smt2,STP,1,0.2527915939572267,0.25232439395040274,,0.000467,0
QF_BV/20221012-MCMPC/mean_buckets/simplemean_buckets.t1.i14.39270134.smt2,STP,1,0.35899678798159584,0.35611906996928155,,0.002878,0
QF_BV/float/test_v7_r17_vr1_c1_s24331.smt2,Yices2,1,1020.0410555310664,1019.9086537710391,,0.132402,0
QF_BV/sage/app11/bench_594.smt2,Yices2,1,0.41452867101179436,0.3382338259834796,,0.076295,0
QF_BV/20190311-bv-term-small-rw-Noetzli/bv-term-small-rw_1480.smt2,STP,1,0.27601265494013205,0.27554608695209026,,0.000467,0
QF_BV/spear/samba_v3.0.24/bin_libsmbsharemodes_vc7102.smt2,Bitwuzla,1,0.7967834378359839,0.7856256838422269,,0.011158,0
QF_BV/sage/app7/bench_522.smt2,Yices2,1,0.5312760341330431,0.35089281713590026,,0.180383,0
QF_BV/Sage2/bench_1236.smt2,Bitwuzla,1,0.5388926580781117,0.5360117780510336,,0.002881,0
QF_BV/20221012-MCMPC/millionaires/millionaires.t1.i59.585f40cc.smt2,Yices2,1,0.21585993899498135,0.21391309797763824,,0.001947,0
QF_BV/uclid/catchconv/convert-jpg2gif-query-1441.smt2,Yices2,1,0.36246548703638837,0.30243282904848456,,0.060033,0
QF_BV/Sage2/bench_8066.smt2,Bitwuzla,1,2.771536271146033,2.7305404951330274,,0.040996,0
QF_BV/20221012-MCMPC/millionaires/millionaires.t1.i26.9b0cafc2.smt2,STP,1,0.22630460088839754,0.2250563579145819,,0.001248,0
QF_BV/20210219-Sydr/symbolic_memory/linear/faad/predicate_1530.smt2,STP,1,0.49831459193956107,0.4416598619427532,,0.056655,0
QF_BV/spear/samba_v3.0.24/bin_libsmbsharemodes_vc6277.smt2,Yices2,1,0.6213920610025525,0.6098968100268394,,0.011495,0
QF_BV/Sage2/bench_11006.smt2,STP,1,2.449251819984056,2.4470028979703784,,0.002249,0
QF_BV/sage/app7/bench_39.smt2,Yices2,1,0.6622788801323622,0.4730950021184981,,0.189184,0
QF_BV/Sage2/bench_11389.smt2,Bitwuzla,1,3.1650193629902788,3.124084583017975,,0.040935,0
QF_BV/spear/samba_v3.0.24/bin_libsmbsharemodes_vc7682.smt2,Bitwuzla,1,1.0407382301636972,1.0176686111371964,,0.023070,0
QF_BV/20221012-MCMPC/millionaires/millionaires.t4.i64.5b34d2e6.smt2,Yices2,1,0.22049140190938488,0.21606400492601097,,0.004427,0
QF_BV/Sage2/bench_14430.smt2,STP,1,0.259036333009135,0.25666492199525237,,0.002371,0
QF_BV/sage/app7/bench_4784.smt2,STP,1,0.2922260561026633,0.2899655611254275,,0.002260,0
QF_BV/sage/app7/bench_2036.smt2,Yices2,1,0.7939664860023186,0.5483402849640697,,0.245626,0
QF_BV/Sage2/bench_4189.smt2,STP,1,1.0812269220477901,1.062901508063078,,0.018325,0
QF_BV/sage/app12/bench_5775.smt2,Yices2,1,0.25426703109405935,0.2509919391013682,,0.003275,0
QF_BV/Sage2/bench_6543.smt2,STP,1,0.3683239820529707,0.3619874310679734,,0.006337,0
QF_BV/stp/testcase15.stp.smt2,Yices2,1,9.139236134942621,7.39848615298979,,1.740750,0
QF_BV/sage/app7/bench_3658.smt2,Yices2,1,0.7503071571118198,0.5238594161346555,,0.226448,0
QF_BV/Sage2/bench_10517.smt2,STP,1,0.23243581410497427,0.23002795013599098,,0.002408,0
QF_BV/spear/samba_v3.0.24/bin_libsmbsharemodes_vc6219.smt2,Yices2,1,0.7808880811207928,0.7645994271151721,,0.016289,0
QF_BV/sage/app2/bench_489.smt2,Yices2,1,0.2532034869072959,0.23249313794076443,,0.020710,0
QF_BV/sage/app7/bench_8536.smt2,Yices2,1,0.5585532539989799,0.3697557640261948,,0.188797,0
QF_BV/Sage2/bench_7186.smt2,STP,1,0.24128561391262338,0.23983278591185808,,0.001453,0
QF_BV/20190311-bv-term-small-rw-Noetzli/bv-term-small-rw_1178.smt2,STP,1,0.21472256595734507,0.2141036679968238,,0.000619,0
QF_BV/spear/samba_v3.0.24/bin_libsmbclient_vc1225314.smt2,Yices2,1,0.6264194388641044,0.6068258169107139,,0.019594,0
QF_BV/20190311-bv-term-small-rw-Noetzli/bv-term-small-rw_240.smt2,STP,1,0.22625549789518118,0.22582546691410244,,0.000430,0
QF_BV/20190311-bv-term-small-rw-Noetzli/bv-term-small-rw_1400.smt2,STP,1,0.21357618208276108,0.21312383003532887,,0.000452,0
QF_BV/sage/app7/bench_8533.smt2,Yices2,1,0.5521513549610972,0.36762156896293163,,0.184530,0
QF_BV/Sage2/bench_9674.smt2,Bitwuzla,1,16.375129229913,16.34332371992059,,0.031806,0
QF_BV/20221012-MCMPC/millionaires/millionaires.t1.i57.def7d859.smt2,Yices2,1,0.21545345388585702,0.21356063289567828,,0.001893,0
QF_BV/20230221-oisc-gurtner/SRL-SAFE-80-1024.smt2,Yices2,1,251.83414746599738,251.74792444799095,,0.086223,0
QF_BV/Sage2/bench_13061.smt2,Bitwuzla,1,7.84440554183675,7.832453929819167,,0.011952,0
QF_BV/bruttomesso/core/ext_con_060_002_1024.smt2,STP,1,6.268948198819999,6.26718539185822,,0.001763,0
QF_BV/spear/samba_v3.0.24/bin_libsmbsharemodes_vc6215.smt2,Yices2,1,0.7365885928738862,0.7241213868837804,,0.012467,0
QF_BV/spear/samba_v3.0.24/bin_libsmbsharemodes_vc5320.smt2,Bitwuzla,1,0.6943779429420829,0.6859214359428734,,0.008457,0
QF_BV/20221012-MCMPC/mean_buckets/mean_buckets.t1.i8.68dce710.smt2,STP,1,0.3994554001255892,0.39602153608575463,,0.003434,0
QF_BV/Sage2/bench_17765.smt2,STP,1,0.26616003597155213,0.26215531397610903,,0.004005,0
QF_BV/sage/app8/bench_2177.smt2,STP,1,0.24700181506341323,0.24623139505274594,,0.000770,0
QF_BV/Sage2/bench_3671.smt2,STP,1,7.48358689196175,7.4818155169487,,0.001771,0
QF_BV/spear/inn_v2.4.3/innfeed_imapfeed_vc24827.smt2,Bitwuzla,1,0.3987581360270269,0.3963073850609362,,0.002451,0
QF_BV/float/div3.c.30.smt2,Yices2,1,4.26546222390607,4.240488295909017,,0.024974,0
QF_BV/20221012-MCMPC/dualexecution_affine/dualexecution_affine.t1.i2.b0168adc.smt2,Yices2,1,0.6527734228875488,0.40563765191473067,,0.247136,0
QF_BV/Sage2/bench_13426.smt2,STP,1,0.27986774791497737,0.27259546588175,,0.007272,0
QF_BV/sage/app1/bench_421.smt2,STP,1,0.45095517399022356,0.44754804903641343,,0.003407,0
QF_BV/sage/app1/bench_880.smt2,Yices2,1,0.9493336681043729,0.9439152250997722,,0.005418,0
QF_BV/Sage2/bench_12808.smt2,Bitwuzla,1,1.0585590089904144,1.0468888790346682,,0.011670,0
QF_BV/20221012-MCMPC/millionaires/millionaires.t1.i23.04fe2abb.smt2,STP,1,0.22866386594250798,0.22736370796337724,,0.001300,0
QF_BV/Sage2/bench_1365.smt2,STP,1,6.455925097921863,6.454029996879399,,0.001895,0
QF_BV/20221012-MCMPC/dualexecution_affine/dualexecution.t1.i32.10562c7c.smt2,Yices2,1,1.7340827309526503,1.041815958917141,,0.692267,0
QF_BV/bruttomesso/core/ext_con_040_008_1024.smt2,STP,1,3.9338507928187028,3.9299639088567346,,0.003887,0
QF_BV/asp/15Puzzle/15-puzzle.init13.smt2,Yices2,1,9.430007944989484,9.244927535997704,,0.185080,0
QF_BV/20221012-MCMPC/millionaires/millionaires.t1.i41.1483e131.smt2,Yices2,1,0.24694725993322209,0.24480766290798783,,0.002140,0
QF_BV/sage/app11/bench_363.smt2,Yices2,1,0.3784740040428005,0.30196147901006043,,0.076513,0
QF_BV/bruttomesso/core/ext_con_012_002_1024.smt2,STP,1,1.2065034680417739,1.2057437100447714,,0.000760,0
QF_BV/bruttomesso/core/ext_con_048_016_0256.smt2,STP,1,1.8999587549478747,1.8911965349689126,,0.008762,0
QF_BV/Sage2/bench_6160.smt2,STP,1,0.4757015451323241,0.4674104801379144,,0.008291,0
QF_BV/spear/samba_v3.0.24/bin_libmsrpc_vc1228606.smt2,Yices2,1,0.8322986121056601,0.8121305140666664,,0.020168,0
QF_BV/20221012-MCMPC/millionaires/millionaires.t1.i13.a24a7b35.smt2,Bitwuzla,1,0.26129509502789006,0.2589073400013149,,0.002388,0
QF_BV/uclid/catchconv/convert-jpg2gif-query-1605.smt2,Yices2,1,0.4506631210097112,0.37015841202810407,,0.080505,0
QF_BV/Sage2/bench_8626.smt2,Yices2,1,0.26817138004116714,0.24255394004285336,,0.025617,0
QF_BV/20221012-MCMPC/dualexecution_affine/dualexecution.t1.i10.6dca7079.smt2,Yices2,1,0.3812522978987545,0.3282881148625165,,0.052964,0
QF_BV/spear/samba_v3.0.24/bin_libsmbsharemodes_vc7092.smt2,Bitwuzla,1,0.8314053169451654,0.8227281009312719,,0.008677,0
QF_BV/sage/app7/bench_7780.smt2,Yices2,1,0.6697162110358477,0.4231476860586554,,0.246569,0
QF_BV/20190311-bv-term-small-rw-Noetzli/bv-term-small-rw_27.smt2,STP,1,0.21341774007305503,0.2130216220393777,,0.000396,0
QF_BV/20221012-MCMPC/millionaires/millionaires.t1.i4.bac01a46.smt2,Bitwuzla,1,0.25650892104022205,0.2541916770860553,,0.002317,0
QF_BV/Sage2/bench_8535.smt2,Yices2,1,0.49176783591974527,0.39284932194277644,,0.098919,0
QF_BV/20221214-p4dfa-XiaoqiChen/Composition/compose.s2._bit8_na6_nr3_paired.smt2,Yices2,1,4.481178470945451,4.452382904943079,,0.028796,0
QF_BV/20190311-bv-term-small-rw-Noetzli/bv-term-small-rw_763.smt2,STP,1,0.21419769804924726,0.21381357102654874,,0.000384,0
QF_BV/Sage2/bench_10580.smt2,Yices2,1,0.8920492871548049,0.7206642681267112,,0.171385,0
QF_BV/20210219-Sydr/master/yices/predicate_5163.smt2,STP,1,0.9527984230662696,0.8270505340769887,,0.125748,0
QF_BV/log-slicing/bvsub_04000.smt2,STP,1,43.72855903499294,43.7280411249958,,0.000518,0
QF_BV/Sage2/bench_15600.smt2,STP,1,0.5571147979353555,0.5481019539292902,,0.009013,0
QF_BV/sage/app7/bench_2027.smt2,Yices2,1,0.31053825095295906,0.25407970999367535,,0.056459,0
QF_BV/Sage2/bench_12179.smt2,Yices2,1,0.9271379518322647,0.7601709358859807,,0.166967,0
QF_BV/20210219-Sydr/master/cjpeg/predicate_2734.smt2,Yices2,1,0.32169264694675803,0.2747009629383683,,0.046992,0
QF_BV/Sage2/bench_345.smt2,Yices2,1,1.6992257499950938,1.3584979979787022,,0.340728,0
QF_BV/spear/samba_v3.0.24/bin_libmsrpc_vc1225842.smt2,Yices2,1,0.6626345149707049,0.6459082199726254,,0.016726,0
QF_BV/20210219-Sydr/master/cjpeg/predicate_1411.smt2,Yices2,1,0.6023927291971631,0.5781618221662939,,0.024231,0
QF_BV/Sage2/bench_7460.smt2,Yices2,1,0.47568030189722776,0.3798014249186963,,0.095879,0
QF_BV/bruttomesso/core/ext_con_036_002_0256.smt2,STP,1,0.8085315051139332,0.807317515136674,,0.001214,0
QF_BV/sage/app11/bench_189.smt2,Yices2,1,0.4032032928080298,0.3247858288232237,,0.078417,0
QF_BV/Sage2/bench_17688.smt2,STP,1,0.26997986988862976,0.26569056091830134,,0.004289,0
QF_BV/Sage2/bench_13339.smt2,STP,1,0.3089129088912159,0.2971321898512542,,0.011781,0
QF_BV/sage/app11/bench_439.smt2,Yices2,1,0.3784651710302569,0.30141527601517737,,0.077050,0
QF_BV/20221012-MCMPC/millionaires/millionaires.t1.i27.924a4528.smt2,STP,1,0.2231986429542303,0.22203242196701467,,0.001166,0
QF_BV/20190311-bv-term-small-rw-Noetzli/bv-term-small-rw_1000.smt2,STP,1,0.21264479705132544,0.21176479803398252,,0.000880,0
QF_BV/asp/GraphPartitioning/rand_21_150_1235870252_0_k=3_v=10_e=20_unsat.gph.smt2,Yices2,1,400.3026075589587,400.2837353539653,,0.018872,0
QF_BV/Sage2/bench_2785.smt2,STP,1,7.44545538793318,7.443941338919103,,0.001514,0
QF_BV/Sage2/bench_1483.smt2,STP,1,53.25380709784804,53.252274826867506,,0.001532,0
QF_BV/sage/app1/bench_1886.smt2,Yices2,1,0.3178614790085703,0.3127732879947871,,0.005088,0
QF_BV/sage/app12/bench_70.smt2,Yices2,1,0.27242908580228686,0.2683763208333403,,0.004053,0
QF_BV/brummayerbiere3/isqrtaddeqcheck.smt2,STP,1,52.798021311929915,52.79709563590586,,0.000926,0
QF_BV/Sage2/bench_7396.smt2,STP,1,15.92865731898928,15.434573750011623,,0.494084,0
QF_BV/sage/app11/bench_30.smt2,Yices2,1,0.37768575706286356,0.3005670930724591,,0.077119,0
QF_BV/20210219-Sydr/symbolic_memory/linear/readelf/predicate_2118.smt2,Yices2,1,1.4518491140916012,1.3109414130449295,,0.140908,0
QF_BV/Sage2/bench_8584.smt2,STP,1,0.2732428091694601,0.2689572691451758,,0.004286,0
QF_BV/float/div.c.3.smt2,Bitwuzla,1,0.476398647937458,0.4733581319451332,,0.003041,0
QF_BV/galois/iffyInterleavedModMult-8.smt2,Bitwuzla,0,1200.0,1201.2240708139725,,0.001436,0
QF_BV/Sage2/bench_8562.smt2,STP,1,0.5282520620967261,0.5255443521309644,,0.002708,0
QF_BV/Sage2/bench_16232.smt2,Yices2,1,0.4679580528754741,0.3781826358754188,,0.089775,0
QF_BV/Sage2/bench_13184.smt2,Yices2,1,0.454073770029936,0.34647550503723323,,0.107598,0
QF_BV/Sage2/bench_15805.smt2,STP,1,0.5171059319982305,0.512977892998606,,0.004128,0
QF_BV/sage/app2/bench_487.smt2,Yices2,1,0.2797203600057401,0.25939613697119057,,0.020324,0
QF_BV/sage/app11/bench_482.smt2,Yices2,1,0.37846486386843026,0.3032550378702581,,0.075210,0
QF_BV/uclid/catchconv/convert-jpg2gif-query-1226.smt2,Yices2,1,0.29437747906195,0.2475274980533868,,0.046850,0
QF_BV/20190311-bv-term-small-rw-Noetzli/bv-term-small-rw_1521.smt2,STP,1,0.23784126609098166,0.2372890601400286,,0.000552,0
QF_BV/20221012-MCMPC/simplemean_buckets/simplemean_buckets.t1.i14.8ad094ed.smt2,STP,1,0.3479532318888232,0.3451670028734952,,0.002786,0
QF_BV/sage/app1/bench_53.smt2,Bitwuzla,1,0.4752973011927679,0.4714094242081046,,0.003888,0
QF_BV/20210219-Sydr/master/cjpeg/predicate_405.smt2,Bitwuzla,1,0.2936972209136002,0.2857534969225526,,0.007944,0
QF_BV/sage/app1/bench_1015.smt2,STP,1,0.4432205000775866,0.44056056905537844,,0.002660,0
QF_BV/Sage2/bench_1466.smt2,STP,1,0.46582518913783133,0.46498829312622547,,0.000837,0
QF_BV/sage/app11/bench_257.smt2,Yices2,1,0.40759862906998023,0.33065949007868767,,0.076939,0
QF_BV/Sage2/bench_7756.smt2,STP,1,0.2728101950488053,0.26814167806878686,,0.004669,0
QF_BV/bmc-bv-svcomp14/gcd_1_true.c.17.smt2,STP,1,0.4198130718432367,0.41790892486460507,,0.001904,0
QF_BV/20221214-p4dfa-XiaoqiChen/TCP/tcp_full_bit8_na6_nr3_paired.smt2,Yices2,0,1200.0,1201.2587976269424,,0.075767,0
QF_BV/20190311-bv-term-small-rw-Noetzli/bv-term-small-rw_523.smt2,STP,1,0.23136519902618602,0.23098593205213547,,0.000379,0
QF_BV/sage/app7/bench_3736.smt2,Yices2,1,0.7352807390852831,0.5147314860951155,,0.220549,0
QF_BV/sage/app7/bench_8613.smt2,Yices2,1,0.6517520698253065,0.46745658083818853,,0.184295,0
QF_BV/20221012-MCMPC/dualexecution_affine/dualexecution.t1.i6.8ef8799e.smt2,Yices2,1,0.3980129088740796,0.2954434868879616,,0.102569,0
QF_BV/20221012-MCMPC/millionaires/millionaires.t1.i18.5fa62f48.smt2,STP,1,0.22580125875538215,0.22455335780978203,,0.001248,0
QF_BV/Sage2/bench_3451.smt2,STP,1,19.929886456986424,19.92782995500602,,0.002057,0
QF_BV/20221012-MCMPC/dualexecution_affine/dualexecution_affine.t1.i9.aa532c37.smt2,Yices2,1,0.40995717415353283,0.3001845241524279,,0.109773,0
QF_BV/Sage2/bench_12514.smt2,Yices2,1,0.3206780810141936,0.28002551500685513,,0.040653,0
QF_BV/fft/Sz256_6615.smt2,STP,1,5.030812598997727,5.027702525025234,,0.003110,0
QF_BV/Sage2/bench_3420.smt2,STP,1,10.782998137816321,10.781313954852521,,0.001684,0
QF_BV/Sage2/bench_5316.smt2,STP,1,0.23023712204303592,0.22806859202682972,,0.002169,0
QF_BV/sage/app7/bench_4503.smt2,Yices2,1,0.6827140729292296,0.48347255890257657,,0.199242,0
QF_BV/20221012-MCMPC/mean/simplemean.t1.i4.5b26970d.smt2,STP,1,0.21864592196652666,0.21760252700187266,,0.001043,0
QF_BV/sage/app7/bench_1692.smt2,Yices2,1,0.7970807420788333,0.5536409730557352,,0.243440,0
QF_BV/uclid/catchconv/convert-jpg2gif-query-1540.smt2,Yices2,1,0.44585637107957155,0.369827127084136,,0.076029,0
QF_BV/sage/app7/bench_8606.smt2,Yices2,1,0.6772543439292349,0.48756401892751455,,0.189690,0
QF_BV/Sage2/bench_15302.smt2,STP,1,0.7458912000292912,0.7164763580076396,,0.029415,0
QF_BV/20221012-MCMPC/millionaires/millionaires.t1.i44.b73c1f61.smt2,Yices2,1,0.2180961311678402,0.21600514417514205,,0.002091,0
QF_BV/spear/samba_v3.0.24/bin_eventlogadm_vc351375.smt2,Yices2,1,1.2545177441788837,1.2217721871566027,,0.032746,0
QF_BV/sage/app7/bench_8539.smt2,Yices2,1,0.6798644940136,0.48891197005286813,,0.190953,0
QF_BV/sage/app7/bench_1403.smt2,Yices2,1,0.7972286639269441,0.5520047929603606,,0.245224,0
QF_BV/uclid/catchconv/convert-jpg2gif-query-1455.smt2,Yices2,1,0.3589085431303829,0.29708160110749304,,0.061827,0
QF_BV/asp/HierarchicalClustering/xy.12.x.12.r.3.274440616.806497.data_k=4_l=3_unsat.gph.smt2,Yices2,1,0.7764490300905891,0.7306338860653341,,0.045815,0
QF_BV/20221012-MCMPC/millionaires/millionaires.t1.i63.20d0a8cd.smt2,Yices2,1,0.21529880608431995,0.21333270007744431,,0.001966,0
QF_BV/20221012-MCMPC/dualexecution_affine/dualexecution_affine.t1.i10.cb9e4216.smt2,Yices2,1,0.44798317505046725,0.3176964670419693,,0.130287,0
QF_BV/20221012-MCMPC/mean_buckets/mean_buckets.t1.i9.9280fb47.smt2,STP,1,0.3434336429927498,0.3404032930266112,,0.003030,0
QF_BV/20221012-MCMPC/millionaires/millionaires.t1.i57.fb0c190b.smt2,Yices2,1,0.21682996506569907,0.21492834808304906,,0.001902,0
QF_BV/20190311-bv-term-small-rw-Noetzli/bv-term-small-rw_259.smt2,STP,1,0.2512511678505689,0.25084967887960374,,0.000401,0
QF_BV/Sage2/bench_14676.smt2,STP,1,0.47458475205348805,0.465444355038926,,0.009140,0
QF_BV/Sage2/bench_17865.smt2,STP,1,0.29135557991685346,0.28536168090067804,,0.005994,0
QF_BV/Sage2/bench_11597.smt2,Yices2,1,0.8027554651489481,0.7823469571303576,,0.020409,0
QF_BV/20221012-MCMPC/dualexecution_affine/dualexecution_affine.t1.i10.de6fa687.smt2,Yices2,1,0.4266558490344323,0.31369824102148414,,0.112958,0
QF_BV/mcm/82.smt2,Bitwuzla,1,45.07262541493401,45.062056954950094,,0.010568,0
QF_BV/Sage2/bench_14820.smt2,Yices2,1,0.9128934239270166,0.8787886039353907,,0.034105,0
QF_BV/bruttomesso/lfsr/lfsr_008_111_016.smt2,STP,1,2.1498286870191805,2.1479258900508285,,0.001903,0
QF_BV/sage/app7/bench_1832.smt2,Yices2,1,0.3379316820646636,0.26931192306801677,,0.068620,0
QF_BV/20230221-oisc-gurtner/SRAI-SAFE-48-48.smt2,STP,1,28.496803872054443,28.486434715101495,,0.010369,0
QF_BV/Sage2/bench_5928.smt2,Yices2,1,1.0902265920885839,0.9589984090998769,,0.131228,0
QF_BV/sage/app7/bench_591.smt2,Yices2,1,0.5361907680053264,0.35200088704004884,,0.184190,0
QF_BV/20221012-MCMPC/millionaires/millionaires.t1.i64.f0d637f1.smt2,Yices2,1,0.2148264958523214,0.21287025790661573,,0.001956,0
QF_BV/asp/TravellingSalesperson/rand_70_300_1155482584_7.lp.smt2,Yices2,1,18.26835183193907,18.23045255895704,,0.037899,0
QF_BV/Sage2/bench_16196.smt2,STP,1,0.3360151939559728,0.3296527359634638,,0.006362,0
QF_BV/Sage2/bench_11381.smt2,Bitwuzla,1,1.3235314599005505,1.2027951169293374,,0.120736,0
QF_BV/Sage2/bench_6121.smt2,STP,1,25.98891035700217,25.986643203999847,,0.002267,0
QF_BV/sage/app7/bench_3313.smt2,STP,1,0.21610142494319007,0.21531926398165524,,0.000782,0
QF_BV/sage/app11/bench_307.smt2,Yices2,1,0.3931110152043402,0.31517150020226836,,0.077940,0
QF_BV/20221012-MCMPC/dualexecution/dualexecution.t1.i32.10562c7c.smt2,Yices2,1,2.0526743688969873,1.3651274358853698,,0.687547,0
QF_BV/Sage2/bench_1173.smt2,STP,1,20.83068574097706,20.828923407010734,,0.001762,0
QF_BV/Sage2/bench_2879.smt2,STP,1,1.135733363975305,1.1163880620151758,,0.019345,0
QF_BV/Sage2/bench_5774.smt2,STP,1,0.23677856993163005,0.234652868937701,,0.002126,0
QF_BV/sage/app7/bench_372.smt2,Yices2,1,0.7179463709471747,0.5358285349793732,,0.182118,0
QF_BV/Sage2/bench_5570.smt2,STP,1,0.8364256570930593,0.815920656081289,,0.020505,0
QF_BV/brummayerbiere/nlzbsdown256.smt2,Bitwuzla,1,8.375351998896804,8.370093121891841,,0.005259,0
QF_BV/Sage2/bench_2475.smt2,STP,1,7.595572968013585,7.594038642011583,,0.001534,0
QF_BV/sage/app7/bench_8588.smt2,Yices2,1,0.6716383838793263,0.4290770918596536,,0.242561,0
QF_BV/sage/app7/bench_714.smt2,Yices2,1,0.8856959901168011,0.6441956011112779,,0.241500,0
QF_BV/Sage2/bench_1654.smt2,STP,1,9.717684875009581,9.71591135696508,,0.001774,0
QF_BV/sage/app1/bench_260.smt2,STP,1,0.23875466699246317,0.23802047595381737,,0.000734,0
QF_BV/sage/app1/bench_1902.smt2,Yices2,1,0.27446667017647997,0.2694452521391213,,0.005021,0
QF_BV/Sage2/bench_12880.smt2,Yices2,1,1.4697494188440032,1.4448479348793626,,0.024901,0
QF_BV/spear/openldap_v2.3.35/servers_slapd_a_vc149570.smt2,STP,1,0.2626664190320298,0.2548424890264869,,0.007824,0
QF_BV/20210219-Sydr/master/yices/predicate_4478.smt2,STP,1,1.0234809879329987,0.9229097629431635,,0.100571,0
QF_BV/Sage2/bench_1796.smt2,STP,1,0.9985668261069804,0.9719297511037439,,0.026637,0
QF_BV/bruttomesso/lfsr/lfsr_004_079_128.smt2,Yices2,1,5.058926537050866,5.0530948380474,,0.005832,0
QF_BV/Sage2/bench_16265.smt2,Yices2,1,1.206159768102225,1.119674283079803,,0.086485,0
QF_BV/20221012-MCMPC/millionaires/millionaires.t1.i9.3174bba0.smt2,Bitwuzla,1,0.26025103277061135,0.257813265779987,,0.002438,0
QF_BV/Sage2/bench_11811.smt2,STP,1,0.8161432951455936,0.8109604271594435,,0.005183,0
QF_BV/sage/app7/bench_883.smt2,Yices2,1,0.48472581687383354,0.33194776088930666,,0.152778,0
QF_BV/20221012-MCMPC/mean_buckets/mean_buckets.t1.i20.b4dabe25.smt2,STP,1,0.3116670169401914,0.30895910295657814,,0.002708,0
QF_BV/sage/app1/bench_69.smt2,Bitwuzla,1,0.4576209580991417,0.45370013010688126,,0.003921,0
QF_BV/sage/app7/bench_1519.smt2,Yices2,1,0.42193349194712937,0.32454793294891715,,0.097386,0
QF_BV/Sage2/bench_6611.smt2,STP,1,0.23365372401895002,0.23160765902139246,,0.002046,0
QF_BV/float/qurt.c.2.smt2,Yices2,1,0.28132695495150983,0.2547634309157729,,0.026564,0
QF_BV/Sage2/bench_10480.smt2,STP,1,0.22814282204490155,0.2259850490372628,,0.002158,0
QF_BV/Sage2/bench_11142.smt2,STP,1,0.7959778040531091,0.7760690310969949,,0.019909,0
QF_BV/20221012-MCMPC/millionaires/millionaires.t1.i19.4293f678.smt2,Bitwuzla,1,0.2875180130940862,0.28528916207142174,,0.002229,0
QF_BV/Sage2/bench_8542.smt2,Yices2,1,0.46813462709542364,0.3727448300924152,,0.095390,0
QF_BV/sage/app11/bench_508.smt2,Yices2,1,0.3817379009560682,0.30273935897275805,,0.078999,0
QF_BV/20221012-MCMPC/dualexecution_affine/dualexecution_affine.t1.i8.cd42a1bc.smt2,Yices2,1,0.6194386990391649,0.41649126703850925,,0.202947,0
QF_BV/asp/BlockedNQueens/156.48.1960.36.1721303981.dat.smt2,Yices2,1,4.6710843811160885,4.641725083114579,,0.029359,0
QF_BV/20221012-MCMPC/millionaires/millionaires.t1.i14.f994bf53.smt2,Bitwuzla,1,0.25805327796842903,0.25561063294298947,,0.002443,0
QF_BV/20221012-MCMPC/mean_buckets/mean_buckets.t1.i19.b33b06a1.smt2,STP,1,0.31828319921623915,0.315553444204852,,0.002730,0
QF_BV/Sage2/bench_7265.smt2,Bitwuzla,1,1.5933892410248518,1.5644285280723125,,0.028961,0
QF_BV/Sage2/bench_3152.smt2,STP,1,0.2598753010388464,0.25879030604846776,,0.001085,0
QF_BV/20221012-MCMPC/millionaires/millionaires.t1.i29.071d9808.smt2,Yices2,1,0.21546226396458223,0.21320617198944092,,0.002256,0
QF_BV/20221012-MCMPC/millionaires/millionaires.t1.i18.8904c6b3.smt2,STP,1,0.26583191100507975,0.2643902220297605,,0.001442,0
QF_BV/log-slicing/bvadd_18209.smt2,STP,1,4.0655460908892564,4.065068485913798,,0.000478,0
QF_BV/sage/app2/bench_494.smt2,Yices2,1,0.257339560019318,0.23671788605861366,,0.020622,0
QF_BV/Sage2/bench_11321.smt2,Yices2,1,0.27336715906858444,0.2478762110695243,,0.025491,0
QF_BV/calypto/problem_16.smt2,STP,1,0.23626057198271155,0.23570409999229014,,0.000556,0
QF_BV/Sage2/bench_6764.smt2,Yices2,1,0.4819218151969835,0.39446787419728935,,0.087454,0
QF_BV/sage/app1/bench_325.smt2,Yices2,1,0.25149894290370867,0.24602163094095886,,0.005477,0
QF_BV/Sage2/bench_7485.smt2,Yices2,1,0.48316820204490796,0.3859276140574366,,0.097241,0
QF_BV/20221214-p4dfa-XiaoqiChen/StringMatching/string4x16.5._bit8_na6_nr4_pairedtwobranch.smt2,Yices2,0,1200.0,1201.3575847400352,,0.496814,0
QF_BV/Sage2/bench_5873.smt2,STP,1,0.259577737073414,0.2575047330465168,,0.002073,0
QF_BV/Sage2/bench_14620.smt2,STP,1,0.24335451709339395,0.2400291240774095,,0.003325,0
QF_BV/20221012-MCMPC/wage/wage.t1.i36.acda321f.smt2,Bitwuzla,1,0.24508845299715176,0.24373031803406775,,0.001358,0
QF_BV/sage/app7/bench_1114.smt2,Yices2,1,0.7726371309254318,0.5264745969325304,,0.246163,0
QF_BV/Sage2/bench_14714.smt2,STP,1,0.4689216968836263,0.4595843858551234,,0.009337,0
QF_BV/20190311-bv-term-small-rw-Noetzli/bv-term-small-rw_572.smt2,STP,1,0.24238701618742198,0.24200080521404743,,0.000386,0
QF_BV/20210219-Sydr/master/yices/predicate_8805.smt2,STP,1,1.5816343940095976,1.3843057740014046,,0.197329,0
QF_BV/spear/samba_v3.0.24/bin_libsmbsharemodes_vc6223.smt2,Yices2,1,0.8173827230348252,0.7998304730281234,,0.017552,0
QF_BV/20210219-Sydr/master/pk2bm/predicate_449.smt2,Yices2,1,0.27172324986895546,0.259249972878024,,0.012473,0
QF_BV/Sage2/bench_14335.smt2,STP,1,0.2766093108803034,0.27214058488607407,,0.004469,0
QF_BV/20221012-MCMPC/dualexecution_affine/dualexecution_affine.t1.i12.bff7f097.smt2,Yices2,1,0.23885215091286227,0.22414071089588106,,0.014711,0
QF_BV/Sage2/bench_3135.smt2,STP,1,41.098308790824376,41.09644673881121,,0.001862,0
QF_BV/20221012-MCMPC/wage_circuit_div/wage_circuit_div.t1.i32.4017808d.smt2,STP,1,0.23544339212821797,0.23406550008803606,,0.001378,0
QF_BV/brummayerbiere4/unconstrained08.smt2,Bitwuzla,1,6.717041791998781,6.716564727947116,,0.000477,0
QF_BV/Sage2/bench_2604.smt2,STP,1,25.695037500176113,25.693052972201258,,0.001985,0
QF_BV/Sage2/bench_16433.smt2,Yices2,1,0.5143311479478143,0.34906982397660613,,0.165261,0
QF_BV/Sage2/bench_14941.smt2,STP,1,4.813477882125881,4.808370195096359,,0.005108,0
QF_BV/sage/app7/bench_4670.smt2,Yices2,1,0.6812507470604032,0.4797089940402657,,0.201542,0
QF_BV/Sage2/bench_9991.smt2,STP,1,1.0681362359900959,1.052403317997232,,0.015733,0
QF_BV/sage/app1/bench_221.smt2,Bitwuzla,1,0.2371289202128537,0.23352492018602788,,0.003604,0
QF_BV/Sage2/bench_8286.smt2,Yices2,1,0.5496924050967209,0.44966934411786497,,0.100023,0
QF_BV/20221012-MCMPC/mean_buckets/simplemean_buckets.t1.i25.8a95d981.smt2,STP,1,0.32669201790122315,0.3242270709015429,,0.002465,0
QF_BV/sage/app7/bench_1686.smt2,Yices2,1,0.3533541680080816,0.2748018850106746,,0.078552,0
QF_BV/sage/app7/bench_3747.smt2,Yices2,1,0.7628019801923074,0.5420535681769252,,0.220748,0
QF_BV/20221012-MCMPC/mean_buckets/mean_buckets.t1.i9.87d3859d.smt2,STP,1,0.35911038680933416,0.3561169458553195,,0.002993,0
QF_BV/20221012-MCMPC/millionaires/millionaires.t1.i19.735f0bd2.smt2,Bitwuzla,1,0.2571685620350763,0.2547049180138856,,0.002464,0
QF_BV/sage/app11/bench_229.smt2,Yices2,1,0.38051023305160925,0.3011557690333575,,0.079354,0
QF_BV/Sage2/bench_10704.smt2,STP,1,0.5425547559279948,0.538859745953232,,0.003695,0
QF_BV/spear/samba_v3.0.24/bin_libmsrpc_vc1225395.smt2,Yices2,1,1.3684350130497478,1.3480772930197418,,0.020358,0
QF_BV/Sage2/bench_17534.smt2,STP,1,0.26511852408293635,0.260696561075747,,0.004422,0
QF_BV/Sage2/bench_15822.smt2,Bitwuzla,1,0.6176001249114051,0.6071236259303987,,0.010476,0
QF_BV/20210312-Bouvier/vlsat3_g65.smt2,STP,1,6.917641981970519,6.8765204809606075,,0.041122,0
QF_BV/sage/app7/bench_962.smt2,Yices2,1,0.4621747829951346,0.3208541360218078,,0.141321,0
QF_BV/sage/app7/bench_785.smt2,Yices2,1,0.5008971879724413,0.33370633400045335,,0.167191,0
QF_BV/Sage2/bench_10223.smt2,STP,1,0.6634637961396948,0.636019874131307,,0.027444,0
QF_BV/Sage2/bench_9841.smt2,Bitwuzla,1,0.5769091708934866,0.5586734518874437,,0.018236,0
QF_BV/Sage2/bench_1345.smt2,STP,1,0.6797027210122906,0.6673807220067829,,0.012322,0
QF_BV/Sage2/bench_9525.smt2,STP,1,0.29783051391132176,0.29176825494505465,,0.006062,0
QF_BV/Sage2/bench_11454.smt2,STP,1,0.23629253212129697,0.23375100013799965,,0.002542,0
QF_BV/bruttomesso/simple_processor/simple_processors_006_004_0004.smt2,STP,1,0.478252939064987,0.47721944306977093,,0.001033,0
QF_BV/spear/samba_v3.0.24/bin_eventlogadm_vc331184.smt2,Yices2,1,0.869123655196745,0.8441187161952257,,0.025005,0
QF_BV/20230221-oisc-gurtner/SRL-SAFE-32-1024.smt2,Yices2,1,203.9671517458628,203.88321503787301,,0.083937,0
QF_BV/20221012-MCMPC/millionaires/millionaires.t2.i34.26692d8d.smt2,Yices2,1,0.2355220388271846,0.2324383908417076,,0.003084,0
QF_BV/20221012-MCMPC/dualexecution_affine/dualexecution.t1.i6.84fe1d6d.smt2,Yices2,1,0.30459691490978,0.26655037491582334,,0.038047,0
QF_BV/spear/inn_v2.4.3/innd_innd_vc33545.smt2,Bitwuzla,1,0.45822052197763696,0.45627670199610293,,0.001944,0
QF_BV/Sage2/bench_2868.smt2,STP,1,15.25905885512475,15.257299543125555,,0.001759,0
QF_BV/Sage2/bench_13829.smt2,STP,1,0.34292859089327976,0.33593562291935086,,0.006993,0
QF_BV/brummayerbiere2/umulov1bw256.smt2,Bitwuzla,1,1110.3242304690648,1110.3218662070576,,0.002364,0
QF_BV/Sage2/bench_11300.smt2,STP,1,0.22687698586378247,0.2254359358921647,,0.001441,0
QF_BV/Sage2/bench_2584.smt2,STP,1,10.784799319924787,10.78305535693653,,0.001744,0
QF_BV/Sage2/bench_2419.smt2,Yices2,1,0.4715625999378972,0.38476891489699483,,0.086794,0
QF_BV/sage/app7/bench_272.smt2,Yices2,1,0.6403080570162274,0.4580280720256269,,0.182280,0
QF_BV/20210312-Bouvier/vlsat3_g67.smt2,STP,1,12.957329528871924,12.891404104884714,,0.065925,0
QF_BV/spear/samba_v3.0.24/bin_libmsrpc_vc1225896.smt2,Yices2,1,1.101689942064695,1.0804696790874004,,0.021220,0
QF_BV/log-slicing/bvlshr_0729.smt2,STP,1,8.535593615961261,8.533194629941136,,0.002399,0
QF_BV/spear/samba_v3.0.24/bin_eventlogadm_vc351363.smt2,Yices2,1,0.6137571291765198,0.5738747881259769,,0.039882,0
QF_BV/Sage2/bench_2764.smt2,STP,1,5.9685488330433145,5.966971457004547,,0.001577,0
QF_BV/20221012-MCMPC/dualexecution_affine/dualexecution_affine.t1.i12.848d9d1f.smt2,Yices2,1,0.25330202520126477,0.2334684021770954,,0.019834,0
QF_BV/20210312-Bouvier/vlsat3_a63.smt2,Bitwuzla,1,323.53529728302965,323.4424070690293,,0.092890,0
QF_BV/spear/samba_v3.0.24/bin_libsmbsharemodes_vc7119.smt2,Bitwuzla,1,0.7719542279955931,0.7564248850103468,,0.015529,0
QF_BV/Sage2/bench_7625.smt2,STP,1,0.26545919704949483,0.2613536820281297,,0.004106,0
QF_BV/Sage2/bench_16708.smt2,STP,1,0.2833076958777383,0.27943847491405904,,0.003869,0
QF_BV/Sage2/bench_17503.smt2,STP,1,0.34501839306904003,0.33726864005438983,,0.007750,0
QF_BV/Sage2/bench_13937.smt2,Yices2,1,3.266315967135597,3.141066725132987,,0.125249,0
QF_BV/Sage2/bench_1479.smt2,STP,1,0.488200198917184,0.4873593559022993,,0.000841,0
QF_BV/Sage2/bench_6237.smt2,STP,1,26.286131475993898,26.283829346997663,,0.002302,0
QF_BV/sage/app7/bench_1923.smt2,Yices2,1,0.3277109297923744,0.2650266448035836,,0.062684,0
QF_BV/Sage2/bench_11402.smt2,Bitwuzla,1,1.8576831799582578,1.8319653919897974,,0.025718,0
QF_BV/sage/app7/bench_2145.smt2,Yices2,1,0.3044390251743607,0.25336678116582334,,0.051072,0
QF_BV/spear/samba_v3.0.24/bin_eventlogadm_vc331164.smt2,Yices2,1,0.5702001139870845,0.5578507089521736,,0.012349,0
QF_BV/asp/MazeGeneration/maze-generation-width=15-height=15-density=0.01-run=4.smt2,Yices2,1,1.9329935849527828,1.9190268679521978,,0.013967,0
QF_BV/Sage2/bench_9649.smt2,Yices2,1,4.642871065065265,4.530597652075812,,0.112273,0
QF_BV/sage/app7/bench_2336.smt2,Yices2,1,0.7707334699807689,0.5183124979957938,,0.252421,0
QF_BV/sage/app7/bench_506.smt2,Yices2,1,0.5287793680327013,0.3503140320535749,,0.178465,0
QF_BV/spear/samba_v3.0.24/bin_libsmbsharemodes_vc4828.smt2,Yices2,1,1.49142290384043,1.4477430558763444,,0.043680,0
QF_BV/sage/app7/bench_1641.smt2,Yices2,1,0.35919862595619634,0.27651661494746804,,0.082682,0
QF_BV/Sage2/bench_15303.smt2,STP,1,0.2719477338832803,0.2674787559080869,,0.004469,0
QF_BV/spear/inn_v2.4.3/innd_innd_vc32473.smt2,Bitwuzla,1,0.4267526518669911,0.42447704588994384,,0.002276,0
QF_BV/spear/samba_v3.0.24/bin_libsmbclient_vc1225779.smt2,Yices2,1,0.7794534798595123,0.7595696898642927,,0.019884,0
QF_BV/20221012-MCMPC/millionaires/millionaires.t3.i55.25938784.smt2,Yices2,1,0.22099737386452034,0.21734953485429287,,0.003648,0
QF_BV/spear/samba_v3.0.24/bin_libsmbclient_vc1225774.smt2,Yices2,1,1.338956052903086,1.3163264018949121,,0.022630,0
QF_BV/bruttomesso/core/ext_con_012_128_1024.smt2,cvc5,1,1.5344029598636553,1.5176960048265755,,0.016707,0
QF_BV/fft/Sz512_15128_4.smt2,STP,1,70.01756366313202,70.01080589811318,,0.006758,0
QF_BV/bruttomesso/core/ext_con_016_004_1024.smt2,STP,1,1.7077523259213194,1.7066325799096376,,0.001120,0
QF_BV/bruttomesso/core/ext_con_016_001_0256.smt2,STP,1,0.5470545519492589,0.5464084739796817,,0.000646,0
QF_BV/20221012-MCMPC/millionaires/millionaires.t2.i34.3f3be080.smt2,Yices2,1,0.23741467599757016,0.2346450670156628,,0.002770,0
QF_BV/Sage2/bench_15953.smt2,STP,1,0.2783212891081348,0.27500313706696033,,0.003318,0
QF_BV/20221012-MCMPC/mean_buckets/mean_buckets.t1.i22.63703d4c.smt2,STP,1,0.3353908510762267,0.3325611411128193,,0.002830,0
QF_BV/spear/samba_v3.0.24/bin_eventlogadm_vc352880.smt2,Yices2,1,0.9633089220733382,0.9183613620698452,,0.044948,0
QF_BV/Sage2/bench_15247.smt2,STP,1,1.6336874039843678,1.6174635170027614,,0.016224,0
QF_BV/sage/app11/bench_320.smt2,Yices2,1,0.3796459040022455,0.3029493310023099,,0.076697,0
QF_BV/sage/app11/bench_42.smt2,Yices2,1,0.38047757296590135,0.304322408977896,,0.076155,0
QF_BV/sage/app11/bench_364.smt2,Yices2,1,0.4072544279624708,0.3309430959634483,,0.076311,0
QF_BV/uclid/catchconv/convert-jpg2gif-query-1556.smt2,Yices2,1,0.4452688558958471,0.3686781378928572,,0.076591,0
QF_BV/20221012-MCMPC/millionaires/millionaires.t1.i47.e5facff9.smt2,Yices2,1,0.2396711710607633,0.23755391500890255,,0.002117,0
QF_BV/log-slicing/bvashr_0319.smt2,Bitwuzla,1,36.069903614057694,36.066057766089216,,0.003846,0
QF_BV/sage/app12/bench_3556.smt2,STP,1,0.37921819800976664,0.3777193180285394,,0.001499,0
QF_BV/20221012-MCMPC/millionaires/millionaires.t1.i14.c5613ffd.smt2,Bitwuzla,1,0.25601635209750384,0.2535310781095177,,0.002485,0
QF_BV/Sage2/bench_16195.smt2,Yices2,1,3.319447536196094,3.207806086167693,,0.111641,0
QF_BV/Sage2/bench_4427.smt2,STP,1,0.2305869059637189,0.22890536696650088,,0.001682,0
QF_BV/sage/app7/bench_4003.smt2,Yices2,1,0.7155090509331785,0.5073946749325842,,0.208114,0
QF_BV/20190311-bv-term-small-rw-Noetzli/bv-term-small-rw_1575.smt2,STP,1,0.277148453053087,0.2765472570899874,,0.000601,0
QF_BV/20221012-MCMPC/dualexecution_affine/dualexecution_affine.t1.i12.4e37e0e2.smt2,Yices2,1,0.35928739613154903,0.2770772611256689,,0.082210,0
QF_BV/Sage2/bench_13110.smt2,Yices2,1,1.2030699760653079,1.1682577750179917,,0.034812,0
QF_BV/sage/app1/bench_2117.smt2,Yices2,1,0.2493691120762378,0.24458584608510137,,0.004783,0
QF_BV/Sage2/bench_2330.smt2,STP,1,11.377400107157882,11.375818814150989,,0.001581,0
QF_BV/sage/app1/bench_1112.smt2,STP,1,0.23231414682231843,0.22978518879972398,,0.002529,0
QF_BV/20190311-bv-term-small-rw-Noetzli/bv-term-small-rw_1446.smt2,STP,1,0.46092489192960784,0.4604707269463688,,0.000454,0
QF_BV/Sage2/bench_17590.smt2,STP,1,0.533561674063094,0.5243529630824924,,0.009209,0
QF_BV/sage/app7/bench_1046.smt2,Yices2,1,0.46319891803432256,0.3227874650619924,,0.140411,0
QF_BV/20221012-MCMPC/millionaires/millionaires.t1.i39.aa857b65.smt2,Yices2,1,0.23304230492794886,0.23094160994514823,,0.002101,0
QF_BV/20210312-Bouvier/vlsat3_g23.smt2,Bitwuzla,1,26.02074098715093,25.865902244113386,,0.154839,0
QF_BV/sage/app1/bench_2283.smt2,Bitwuzla,1,0.23586339398752898,0.2313908829819411,,0.004473,0
QF_BV/Sage2/bench_11433.smt2,STP,1,0.23490463412599638,0.2328070520889014,,0.002098,0
QF_BV/sage/app7/bench_3803.smt2,Yices2,1,0.7015576710109599,0.49144240701571107,,0.210115,0
QF_BV/asp/HamiltonianPath/gryzzles.12.lp.smt2,Yices2,1,0.8472942289081402,0.8305801379028708,,0.016714,0
QF_BV/20210219-Sydr/master/cjpeg/predicate_136.smt2,Bitwuzla,1,0.25589320284780115,0.2523274428676814,,0.003566,0
QF_BV/Sage2/bench_6215.smt2,STP,1,0.3941087090061046,0.3817827620077878,,0.012326,0
QF_BV/sage/app7/bench_892.smt2,Yices2,1,0.8178130239830352,0.5742020099423826,,0.243611,0
QF_BV/20221012-MCMPC/millionaires/millionaires.t2.i28.640d8240.smt2,Yices2,1,0.22436641488457099,0.2214544538874179,,0.002912,0
QF_BV/Sage2/bench_12239.smt2,STP,1,0.43321341520641,0.42372029717080295,,0.009493,0
QF_BV/Sage2/bench_17216.smt2,STP,1,0.24222862301394343,0.23875176603905857,,0.003477,0
QF_BV/Sage2/bench_16713.smt2,STP,1,0.512658303079661,0.5037873890250921,,0.008871,0
QF_BV/20221012-MCMPC/millionaires/millionaires.t1.i27.51612cdb.smt2,Bitwuzla,1,0.26813122507883236,0.2657973300665617,,0.002334,0
QF_BV/brummayerbiere3/minandmaxor032.smt2,Bitwuzla,1,3.0501187888439745,3.04535991884768,,0.004759,0
QF_BV/20221012-MCMPC/millionaires/millionaires.t1.i18.4a34e293.smt2,STP,1,0.22732553404057398,0.22598137403838336,,0.001344,0
QF_BV/sage/app11/bench_348.smt2,Yices2,1,0.3841601660242304,0.30757490801624954,,0.076585,0
QF_BV/sage/app12/bench_5751.smt2,Yices2,1,0.24651469505624846,0.24326778505928814,,0.003247,0
QF_BV/spear/samba_v3.0.24/bin_eventlogadm_vc344388.smt2,Yices2,1,0.5741152858245187,0.5381132818292826,,0.036002,0
QF_BV/Sage2/bench_17825.smt2,Bitwuzla,1,1.325645171047654,1.3093562140129507,,0.016289,0
QF_BV/sage/app9/bench_3119.smt2,STP,1,0.4204338768613525,0.41717660683207214,,0.003257,0
QF_BV/Sage2/bench_2203.smt2,STP,1,14.423391616903245,14.421577943954617,,0.001814,0
QF_BV/Sage2/bench_16821.smt2,STP,1,0.2652923528221436,0.2610273908358067,,0.004265,0
QF_BV/sage/app1/bench_2525.smt2,Bitwuzla,1,0.593932907038834,0.589592311065644,,0.004341,0
QF_BV/sage/app11/bench_542.smt2,Yices2,1,0.375520286092069,0.29944813810288906,,0.076072,0
QF_BV/spear/cvs_v1.11.22/cvs_vc105421.smt2,STP,1,0.5387232578941621,0.5333190108649433,,0.005404,0
QF_BV/Sage2/bench_17260.smt2,STP,1,0.48391462507424876,0.4748460140544921,,0.009069,0
QF_BV/brummayerbiere2/umulov1bw128.smt2,Bitwuzla,1,33.95356802304741,33.9521036290098,,0.001464,0
QF_BV/Sage2/bench_4603.smt2,STP,1,1.9362877459498122,1.931056191911921,,0.005232,0
QF_BV/Sage2/bench_13495.smt2,STP,1,3.882689310994465,3.878362820018083,,0.004326,0
QF_BV/sage/app1/bench_1636.smt2,Yices2,1,0.2158338490407914,0.21389758004806936,,0.001936,0
QF_BV/20210219-Sydr/symbolic_memory/nested/cjpeg/predicate_80.smt2,Bitwuzla,1,0.27169410994974896,0.2695677359588444,,0.002126,0
QF_BV/Sage2/bench_2043.smt2,STP,1,10.052590393985156,10.0508058660198,,0.001785,0
QF_BV/Sage2/bench_8225.smt2,STP,1,0.25615808909060434,0.2519784960895777,,0.004180,0
QF_BV/Sage2/bench_1621.smt2,STP,1,2.680848023213912,2.6793378822039813,,0.001510,0
QF_BV/Sage2/bench_8986.smt2,Yices2,1,0.9413172968197614,0.6672150648664683,,0.274102,0
QF_BV/20221012-MCMPC/dualexecution_affine/dualexecution_affine.t1.i12.e3bb594a.smt2,Yices2,1,0.23036345705622807,0.2205058040563017,,0.009858,0
QF_BV/Sage2/bench_11287.smt2,Bitwuzla,1,2.2314990130253136,2.1512138890102506,,0.080285,0
QF_BV/20210219-Sydr/master/yices/predicate_9161.smt2,STP,1,1.7582560770679265,1.551147310063243,,0.207109,0
QF_BV/Sage2/bench_1435.smt2,STP,1,65.4497546479688,65.44802130595781,,0.001733,0
QF_BV/Sage2/bench_6344.smt2,STP,1,0.4791498620179482,0.47086687199771404,,0.008283,0
QF_BV/20221012-MCMPC/millionaires/millionaires.t1.i28.7f07deb1.smt2,Yices2,1,0.21582472301088274,0.2135851220227778,,0.002240,0
QF_BV/sage/app2/bench_573.smt2,Yices2,1,0.2553591850446537,0.238808318041265,,0.016551,0
QF_BV/sage/app7/bench_1357.smt2,Yices2,1,0.40842843404971063,0.3001230680383742,,0.108305,0
QF_BV/20221012-MCMPC/mean_buckets/mean_buckets.t1.i15.08e9775a.smt2,STP,1,0.3252218459965661,0.3222583900205791,,0.002963,0
QF_BV/spear/samba_v3.0.24/bin_libsmbsharemodes_vc6063.smt2,Bitwuzla,1,0.5740802420768887,0.5666869000997394,,0.007393,0
QF_BV/Sage2/bench_3597.smt2,STP,1,0.4622052831109613,0.4608549370896071,,0.001350,0
QF_BV/tacas07/rfunit_flat-64.smt2,Bitwuzla,1,1.142274460871704,1.12709677987732,,0.015178,0
QF_BV/Sage2/bench_17779.smt2,Yices2,1,0.38486738700885326,0.354461797978729,,0.030406,0
QF_BV/Sage2/bench_2835.smt2,STP,1,12.141857306007296,12.140114855021238,,0.001742,0
QF_BV/sage/app11/bench_161.smt2,Yices2,1,0.3827324219746515,0.3048162879422307,,0.077916,0
QF_BV/sage/app7/bench_5625.smt2,Yices2,1,0.6795414079679176,0.4851813579443842,,0.194360,0
QF_BV/log-slicing/bvult_8991.smt2,STP,1,44.66750195197528,44.6653031159658,,0.002199,0
QF_BV/bruttomesso/core/ext_con_060_064_1024.smt2,Yices2,1,4.722929097944871,4.682228351943195,,0.040701,0
QF_BV/20190311-bv-term-small-rw-Noetzli/bv-term-small-rw_40.smt2,STP,1,0.21958404302131385,0.21918399701826274,,0.000400,0
QF_BV/Sage2/bench_12679.smt2,Bitwuzla,1,1.5745521210483275,1.5674080890603364,,0.007144,0
QF_BV/20190311-bv-term-small-rw-Noetzli/bv-term-small-rw_426.smt2,STP,1,0.22061271191341802,0.22013862989842892,,0.000474,0
QF_BV/Sage2/bench_3606.smt2,STP,1,0.4125568889430724,0.4113328759558499,,0.001224,0
QF_BV/20221012-MCMPC/mean_buckets/mean_buckets.t1.i22.18fac152.smt2,STP,1,0.3214308290043846,0.31851064204238355,,0.002920,0
QF_BV/spear/samba_v3.0.24/bin_libsmbsharemodes_vc5844.smt2,Bitwuzla,1,0.5827716919011436,0.5720240599475801,,0.010748,0
QF_BV/Sage2/bench_3337.smt2,Yices2,1,0.5337092111585662,0.42994623514823616,,0.103763,0
QF_BV/sage/app1/bench_407.smt2,Bitwuzla,1,0.4714782200753689,0.4680551150813699,,0.003423,0
QF_BV/spear/samba_v3.0.24/bin_libsmbclient_vc1225164.smt2,Bitwuzla,1,0.7401099350536242,0.7291445180308074,,0.010965,0
QF_BV/sage/app1/bench_747.smt2,Yices2,1,0.26652912417193875,0.26121095614507794,,0.005318,0
QF_BV/float/sin2.c.15.smt2,STP,1,95.65589286095928,95.61427382100374,,0.041619,0
QF_BV/Sage2/bench_4400.smt2,Yices2,1,3.2498903779196553,1.8718521639239043,,1.378038,0
QF_BV/20221012-MCMPC/millionaires/millionaires.t4.i55.a94f2740.smt2,Yices2,1,0.25287664611823857,0.24838001211173832,,0.004497,0
QF_BV/spear/samba_v3.0.24/bin_libsmbsharemodes_vc7688.smt2,Bitwuzla,1,0.7582266170647927,0.7270894930697978,,0.031137,0
QF_BV/spear/samba_v3.0.24/bin_eventlogadm_vc331001.smt2,Bitwuzla,1,0.3949857348925434,0.3898729688953608,,0.005113,0
QF_BV/spear/samba_v3.0.24/bin_libsmbclient_vc1225689.smt2,Bitwuzla,1,0.7490104510216042,0.7370369730051607,,0.011973,0
QF_BV/Sage2/bench_2905.smt2,STP,1,2.667051473807078,2.6656464368570596,,0.001405,0
QF_BV/20221012-MCMPC/wage/wage.t1.i20.d93eb595.smt2,Bitwuzla,1,0.26218132389476523,0.26022692886181176,,0.001954,0
QF_BV/spear/samba_v3.0.24/bin_libsmbsharemodes_vc7687.smt2,Bitwuzla,1,1.6962223941227421,1.6595554801169783,,0.036667,0
QF_BV/bruttomesso/lfsr/lfsr_008_063_016.smt2,STP,1,2.157268979062792,2.155432746047154,,0.001836,0
QF_BV/sage/app11/bench_81.smt2,Yices2,1,0.37856822699541226,0.3019554710481316,,0.076613,0
QF_BV/Sage2/bench_13755.smt2,Bitwuzla,1,7.4786936830496415,7.318786537041888,,0.159907,0
QF_BV/spear/samba_v3.0.24/bin_libsmbsharemodes_vc7650.smt2,Bitwuzla,1,0.6044487769831903,0.5832801889628172,,0.021169,0
QF_BV/Sage2/bench_13468.smt2,Yices2,1,7.219477777893189,6.855869405902922,,0.363608,0
QF_BV/20221012-MCMPC/millionaires/millionaires.t1.i25.70d11f2d.smt2,Bitwuzla,1,0.2541415981249884,0.25185840716585517,,0.002283,0
QF_BV/spear/wget_v1.10.2/src_wget_vc17453.smt2,STP,1,0.4739022629801184,0.47317657503299415,,0.000726,0
QF_BV/sage/app7/bench_1056.smt2,Yices2,1,0.45472495490685105,0.31622859090566635,,0.138496,0
QF_BV/brummayerbiere2/umulov1bw112.smt2,Bitwuzla,1,41.86524253204698,41.86398543207906,,0.001257,0
QF_BV/spear/inn_v2.4.3/innd_innd_vc33563.smt2,Bitwuzla,1,0.7577487690723501,0.7555588220711797,,0.002190,0
QF_BV/Sage2/bench_2440.smt2,Yices2,1,0.4879973280476406,0.37580260704271495,,0.112195,0
QF_BV/sage/app7/bench_45.smt2,Yices2,1,0.6593935269047506,0.47338792588561773,,0.186006,0
QF_BV/20210219-Sydr/master/cjpeg/predicate_384.smt2,Bitwuzla,1,0.30576780292904004,0.2984449209179729,,0.007323,0
QF_BV/spear/samba_v3.0.24/bin_libmsrpc_vc1232135.smt2,Yices2,1,0.9364690969814546,0.9181161699816585,,0.018353,0
QF_BV/Sage2/bench_2321.smt2,Bitwuzla,1,0.3515742048039101,0.3491843678057194,,0.002390,0
QF_BV/Sage2/bench_14900.smt2,STP,1,19.621838335995562,19.61101888702251,,0.010819,0
QF_BV/float/test_v5_r15_vr10_c1_s14516.smt2,Bitwuzla,1,567.328275607957,567.244596577948,,0.083679,0
QF_BV/asp/Sokoban/duthen-990602.73.steps.9.asp.smt2,STP,1,4.164951462007593,4.115504374029115,,0.049447,0
QF_BV/Sage2/bench_12499.smt2,STP,1,71.18781461205799,71.18370422301814,,0.004110,0
QF_BV/Sage2/bench_12492.smt2,Bitwuzla,1,18.173026040021796,18.139773068018258,,0.033253,0
QF_BV/mcm/141.smt2,STP,1,218.202331955079,218.16853978903964,,0.033792,0
QF_BV/20221012-MCMPC/millionaires/millionaires.t1.i10.1b9b4f6d.smt2,Bitwuzla,1,0.2743714111857116,0.2717819141689688,,0.002589,0
QF_BV/sage/app7/bench_6780.smt2,Yices2,1,0.6655226619914174,0.4191169859841466,,0.246406,0
QF_BV/log-slicing/bvmul_11.smt2,STP,1,79.30980825296137,79.30874051293358,,0.001068,0
QF_BV/20221012-MCMPC/millionaires/millionaires.t1.i50.1c1328a3.smt2,Yices2,1,0.21709551312960684,0.2150327181443572,,0.002063,0
QF_BV/Sage2/bench_2018.smt2,STP,1,12.79269005410606,12.791006833082065,,0.001683,0
QF_BV/Sage2/bench_1795.smt2,Yices2,1,1.4029542930657044,1.0832397530321032,,0.319715,0
QF_BV/Sage2/bench_4024.smt2,STP,1,1.0350098100025207,1.0018468860071152,,0.033163,0
QF_BV/20221012-MCMPC/sugarbeets/sugarbeets.t1.i22.f763a8bd.smt2,Yices2,1,0.5069466401473619,0.4870380361098796,,0.019909,0
QF_BV/Sage2/bench_15745.smt2,Bitwuzla,1,1.69990480679553,1.6792899938300252,,0.020615,0
QF_BV/20221012-MCMPC/dualexecution_affine/dualexecution_affine.t1.i9.bcbdea7d.smt2,Yices2,1,0.3928648960427381,0.29872890608385205,,0.094136,0
QF_BV/20221214-p4dfa-XiaoqiChen/StringMatching/string4x8.8._bit16_na6_nr4_paired.smt2,Yices2,0,1200.0,1201.272202261025,,0.087883,0
QF_BV/Sage2/bench_104.smt2,Yices2,1,0.4051079029450193,0.3682077929843217,,0.036900,0
QF_BV/RWS/Example_17.txt.smt2,Yices2,1,1.361402877024375,1.358446341007948,,0.002957,0
QF_BV/spear/samba_v3.0.24/bin_libsmbclient_vc1225748.smt2,Yices2,1,0.4209357629297301,0.4051045689266175,,0.015831,0
QF_BV/Sage2/bench_9718.smt2,Yices2,1,0.4722049519768916,0.3727801439817995,,0.099425,0
QF_BV/Sage2/bench_10720.smt2,Bitwuzla,1,0.4727000001585111,0.45713550015352666,,0.015565,0
QF_BV/spear/samba_v3.0.24/bin_libsmbclient_vc1228454.smt2,Yices2,1,1.4320298220263794,1.4092321500647813,,0.022798,0
QF_BV/Sage2/bench_1230.smt2,Yices2,1,1.3355992658762261,1.1318410108797252,,0.203758,0
QF_BV/spear/samba_v3.0.24/bin_libsmbsharemodes_vc4301.smt2,Bitwuzla,1,0.44034078990807757,0.43408422893844545,,0.006257,0
QF_BV/spear/inn_v2.4.3/innd_innd_vc33534.smt2,Bitwuzla,1,0.44580028392374516,0.4441935899667442,,0.001607,0
QF_BV/20221012-MCMPC/mean_buckets/mean_buckets.t1.i25.19546e0c.smt2,STP,1,0.30800156691111624,0.30561236990615726,,0.002389,0
QF_BV/20221214-p4dfa-XiaoqiChen/StringMatching/string1x8.5._bit8_na6_nr3_paired.smt2,Yices2,1,154.4875640348764,154.46671476587653,,0.020849,0
QF_BV/sage/app7/bench_8644.smt2,Yices2,1,0.6721347548882477,0.47784772189334035,,0.194287,0
QF_BV/sage/app1/bench_1858.smt2,Yices2,1,0.216749296116177,0.21490688109770417,,0.001842,0
QF_BV/sage/app11/bench_9.smt2,Yices2,1,0.3956752027734183,0.3174333667848259,,0.078242,0
QF_BV/spear/samba_v3.0.24/bin_eventlogadm_vc331173.smt2,Yices2,1,0.3260195348993875,0.31772003090009093,,0.008300,0
QF_BV/20221012-MCMPC/millionaires/millionaires.t1.i47.4229a593.smt2,Yices2,1,0.21747156791388988,0.2153891169000417,,0.002082,0
QF_BV/Sage2/bench_12699.smt2,STP,1,0.34817822399782017,0.3416940700262785,,0.006484,0
QF_BV/Sage2/bench_12983.smt2,Bitwuzla,1,3.8184728821506724,3.766681969165802,,0.051791,0
QF_BV/spear/samba_v3.0.24/bin_libsmbsharemodes_vc5743.smt2,Bitwuzla,1,0.8826271478319541,0.8702733428217471,,0.012354,0
QF_BV/Sage2/bench_8530.smt2,Yices2,1,0.468114438932389,0.3701018919236958,,0.098013,0
QF_BV/Sage2/bench_16504.smt2,STP,1,0.28995649894932285,0.28414695197716355,,0.005810,0
QF_BV/sage/app11/bench_382.smt2,Yices2,1,0.3878223799983971,0.3113131399732083,,0.076509,0
QF_BV/20221012-MCMPC/dualexecution/dualexecution.t1.i14.76ffa302.smt2,Yices2,1,1.5191509178839624,0.82397476490587,,0.695176,0
QF_BV/20221012-MCMPC/dualexecution_affine/dualexecution_affine.t1.i8.90ba20b3.smt2,Yices2,1,0.3649726539151743,0.28344134893268347,,0.081531,0
QF_BV/mcm/43.smt2,Bitwuzla,1,7.948300979100168,7.939831420080736,,0.008470,0
QF_BV/spear/samba_v3.0.24/bin_libmsrpc_vc1225601.smt2,Bitwuzla,1,0.4452625451958738,0.44234864320605993,,0.002914,0
QF_BV/Sage2/bench_1950.smt2,STP,1,39.16873780003516,39.167179950047284,,0.001558,0
QF_BV/bruttomesso/core/ext_con_044_128_0512.smt2,Yices2,1,2.3947784351184964,2.335534301120788,,0.059244,0
QF_BV/sage/app1/bench_2316.smt2,Yices2,1,0.21451652189716697,0.2131956738885492,,0.001321,0
QF_BV/20221012-MCMPC/millionaires/millionaires.t1.i40.6daef0a4.smt2,Yices2,1,0.22016097884625196,0.21806088485755026,,0.002100,0
QF_BV/20221012-MCMPC/mean_buckets/mean_buckets.t1.i5.a9d81428.smt2,STP,1,0.387587652890943,0.38369367085397243,,0.003894,0
QF_BV/Sage2/bench_12063.smt2,STP,1,1.041912360873539,1.0132032728288323,,0.028709,0
QF_BV/sage/app2/bench_570.smt2,Yices2,1,0.25047410908155143,0.23356098006479442,,0.016913,0
QF_BV/20221012-MCMPC/millionaires/millionaires.t1.i30.49984fad.smt2,STP,1,0.22250542999245226,0.22130568698048592,,0.001200,0
QF_BV/uclid/catchconv/convert-jpg2gif-query-1462.smt2,Yices2,1,0.3406683399225585,0.27821061690337956,,0.062458,0
QF_BV/sage/app9/bench_3039.smt2,STP,1,0.4515922450227663,0.44806676800362766,,0.003525,0
QF_BV/asp/BlockedNQueens/156.48.1960.36.1721310593.dat.smt2,Yices2,1,5.781400406965986,5.7517146749887615,,0.029686,0
QF_BV/sage/app2/bench_543.smt2,Yices2,1,0.2510268609621562,0.2309917740058154,,0.020035,0
QF_BV/Sage2/bench_14359.smt2,Bitwuzla,1,5.590853816072922,5.162195909069851,,0.428658,0
QF_BV/sage/app8/bench_554.smt2,STP,1,0.7850930929998867,0.7821204320061952,,0.002973,0
QF_BV/sage/app1/bench_521.smt2,STP,1,0.2397329819505103,0.23644601996056736,,0.003287,0
QF_BV/spear/wget_v1.10.2/src_wget_vc17896.smt2,STP,1,1.5706258330028504,1.569622338982299,,0.001003,0
QF_BV/sage/app7/bench_1214.smt2,Yices2,1,0.8503824739600532,0.6061828399542719,,0.244200,0
QF_BV/20221012-MCMPC/millionaires/millionaires.t1.i49.5dc86897.smt2,Yices2,1,0.21638638904551044,0.21416488103568554,,0.002222,0
QF_BV/sage/app7/bench_671.smt2,Yices2,1,0.5110090089146979,0.33740048692561686,,0.173609,0
QF_BV/sage/app11/bench_275.smt2,Yices2,1,0.3766552510787733,0.30031488207168877,,0.076340,0
QF_BV/20190311-bv-term-small-rw-Noetzli/bv-term-small-rw_1327.smt2,STP,1,0.2308019447955303,0.2303964088205248,,0.000406,0
QF_BV/Sage2/bench_4829.smt2,Yices2,1,1.3666351200663485,1.3213288490660489,,0.045306,0
QF_BV/20221012-MCMPC/millionaires/millionaires.t1.i63.2eb49268.smt2,Yices2,1,0.2167794958804734,0.2149038459174335,,0.001876,0
QF_BV/asp/WeightBoundedDominatingSet/rand_100_400_1159666138_13.lp.smt2,Yices2,1,3.2155612208880484,3.2055680928751826,,0.009993,0
QF_BV/Sage2/bench_13597.smt2,STP,1,0.3430184429162182,0.336055310908705,,0.006963,0
QF_BV/Sage2/bench_2623.smt2,STP,1,13.264761632832233,13.263011698843911,,0.001750,0
QF_BV/20190311-bv-term-small-rw-Noetzli/bv-term-small-rw_1470.smt2,STP,1,0.22100205800961703,0.22059286502189934,,0.000409,0
QF_BV/pspace/power2sum.7291.smt2,STP,1,162.34487800701754,162.3444439820014,,0.000434,0
QF_BV/20210219-Sydr/master/cjpeg/predicate_1871.smt2,Yices2,1,0.2715534719754942,0.2394849769771099,,0.032068,0
QF_BV/spear/inn_v2.4.3/innfeed_innfeed_vc37227.smt2,Bitwuzla,1,0.4646664899773896,0.4629810999613255,,0.001685,0
QF_BV/20221012-MCMPC/millionaires/millionaires.t1.i20.e166a2a3.smt2,Bitwuzla,1,0.28152322582900524,0.27915414585731924,,0.002369,0
QF_BV/fft/Sz512_15128_3.smt2,STP,1,0.519095572992228,0.5122117539867759,,0.006884,0
QF_BV/Sage2/bench_3997.smt2,Yices2,1,0.48549926083069295,0.382390258833766,,0.103109,0
QF_BV/sage/app1/bench_2021.smt2,Yices2,1,0.9394040409242734,0.93459537695162,,0.004809,0
QF_BV/20221012-MCMPC/millionaires/millionaires.t1.i16.2421da6b.smt2,STP,1,0.22628979897126555,0.22473600297234952,,0.001554,0
QF_BV/sage/app7/bench_5814.smt2,Yices2,1,0.6861920850933529,0.4840676090680063,,0.202124,0
QF_BV/sage/app2/bench_533.smt2,Yices2,1,0.25223714916501194,0.2322382691781968,,0.019999,0
QF_BV/20190311-bv-term-small-rw-Noetzli/bv-term-small-rw_466.smt2,STP,1,0.21079030417604372,0.2103646812029183,,0.000426,0
QF_BV/sage/app7/bench_387.smt2,Yices2,1,0.7263350780121982,0.5466692820191383,,0.179666,0
QF_BV/sage/app1/bench_2060.smt2,Yices2,1,0.24310530489310622,0.2382862619124353,,0.004819,0
QF_BV/Sage2/bench_16507.smt2,STP,1,9.008610670163762,8.892586001195014,,0.116025,0
QF_BV/Sage2/bench_10068.smt2,STP,1,1.6907230471260846,1.6894124380778521,,0.001311,0
QF_BV/20210312-Bouvier/vlsat3_g46.smt2,STP,1,3.751093877130188,3.7208184241317213,,0.030275,0
QF_BV/20221012-MCMPC/millionaires/millionaires.t1.i56.69c1722f.smt2,Yices2,1,0.220231938874349,0.21828850382007658,,0.001943,0
QF_BV/Sage2/bench_11685.smt2,STP,1,2.3490325351594947,2.300233282148838,,0.048799,0
QF_BV/Sage2/bench_14333.smt2,STP,1,0.2329440478933975,0.23042190889827907,,0.002522,0
QF_BV/spear/samba_v3.0.24/bin_libmsrpc_vc1225821.smt2,Yices2,1,0.40022101800423115,0.3823807330336422,,0.017840,0
QF_BV/20221012-MCMPC/mean_buckets/mean_buckets.t1.i12.f05e84a2.smt2,STP,1,0.3657263089553453,0.3626435729674995,,0.003083,0
QF_BV/float/test_v5_r5_vr10_c1_s5996.smt2,Yices2,1,6.802118484105449,6.773922983091325,,0.028196,0
QF_BV/20221012-MCMPC/dualexecution/dualexecution.t1.i9.90709274.smt2,Yices2,1,0.43400327197741717,0.3096738359890878,,0.124329,0
QF_BV/Sage2/bench_770.smt2,Yices2,1,0.6164573310525157,0.5148198530077934,,0.101637,0
QF_BV/sage/app1/bench_1932.smt2,Yices2,1,0.27211470500333235,0.2673127430025488,,0.004802,0
QF_BV/20221012-MCMPC/millionaires/millionaires.t1.i7.ce18895e.smt2,Bitwuzla,1,0.2514935731305741,0.24931455310434103,,0.002179,0
QF_BV/20221012-MCMPC/millionaires/millionaires.t1.i62.71a42411.smt2,Yices2,1,0.24429657496511936,0.24226409592665732,,0.002032,0
QF_BV/sage/app7/bench_1518.smt2,Yices2,1,0.3721668720827438,0.2789984850678593,,0.093168,0
QF_BV/spear/cvs_v1.11.22/cvs_vc105251.smt2,STP,1,0.5478371249046177,0.5422966158948839,,0.005541,0
QF_BV/20221012-MCMPC/dualexecution_affine/dualexecution.t1.i9.23c0e794.smt2,Yices2,1,0.30852095782756805,0.25614420184865594,,0.052377,0
QF_BV/sage/app7/bench_1415.smt2,Yices2,1,0.37314732192317024,0.2801442889031023,,0.093003,0
QF_BV/sage/app7/bench_1622.smt2,Yices2,1,0.3673531439853832,0.28098780498839915,,0.086365,0
QF_BV/20210219-Sydr/master/cjpeg/predicate_292.smt2,Bitwuzla,1,0.2959159539313987,0.28967112489044666,,0.006245,0
QF_BV/spear/samba_v3.0.24/bin_libsmbsharemodes_vc7636.smt2,Bitwuzla,1,1.0034094650181942,0.9831818940583616,,0.020228,0
QF_BV/Sage2/bench_11214.smt2,STP,1,0.23338986781891435,0.23080943385139108,,0.002580,0
QF_BV/sage/app11/bench_151.smt2,Yices2,1,0.3776433871826157,0.2986515711527318,,0.078992,0
QF_BV/spear/samba_v3.0.24/bin_libsmbclient_vc1225822.smt2,Yices2,1,1.223546119115781,1.2000987001229078,,0.023447,0
QF_BV/sage/app7/bench_2117.smt2,Yices2,1,0.306071022991091,0.2552108829841018,,0.050860,0
QF_BV/20221012-MCMPC/dualexecution/dualexecution.t1.i32.eca126a1.smt2,Yices2,1,1.6454666669596918,1.0102361049503088,,0.635231,0
QF_BV/20221012-MCMPC/millionaires/millionaires.t2.i60.3276c10f.smt2,Yices2,1,0.2169761200202629,0.21416112803854048,,0.002815,0
QF_BV/20221012-MCMPC/dualexecution_affine/dualexecution.t1.i15.22a92ffd.smt2,Yices2,1,0.8650839520269074,0.5165438200347126,,0.348540,0
QF_BV/sage/app7/bench_941.smt2,Yices2,1,0.46694258495699614,0.3241109929513186,,0.142832,0
QF_BV/sage/app7/bench_700.smt2,Yices2,1,0.5219393228762783,0.3451537808869034,,0.176786,0
QF_BV/spear/samba_v3.0.24/bin_eventlogadm_vc351390.smt2,Yices2,1,1.4233530019409955,1.3858778409194201,,0.037475,0
QF_BV/sage/app12/bench_5590.smt2,Yices2,1,0.2508926329901442,0.2474898740183562,,0.003403,0
QF_BV/spear/samba_v3.0.24/bin_libsmbsharemodes_vc4847.smt2,Yices2,1,1.752104560029693,1.7037655480671674,,0.048339,0
QF_BV/Sage2/bench_4271.smt2,Yices2,1,0.4678839431144297,0.3916104400996119,,0.076274,0
QF_BV/sage/app1/bench_630.smt2,STP,1,0.21708095102803782,0.21652411902323365,,0.000557,0
QF_BV/Sage2/bench_3610.smt2,STP,1,5.676639414916281,5.674426042940468,,0.002213,0
QF_BV/uclid_contrib_smtcomp09/full_bv_formula.smt2,STP,1,16.713967768009752,16.707359713036567,,0.006608,0
QF_BV/20210312-Bouvier/vlsat3_g92.smt2,Bitwuzla,1,28.25294205278624,28.023111269809306,,0.229831,0
QF_BV/asp/MazeGeneration/maze-generation-width=14-height=14-density=0.01-run=3.smt2,Yices2,1,0.9602876200224273,0.9479634650051594,,0.012324,0
QF_BV/asp/BlockedNQueens/156.48.1960.36.1721325949.dat.smt2,Yices2,1,3.3677997649647295,3.338625489966944,,0.029174,0
QF_BV/Sage2/bench_13312.smt2,STP,1,0.383314794045873,0.37505631102249026,,0.008258,0
QF_BV/Sage2/bench_11101.smt2,Bitwuzla,1,50.699080499995034,50.696029867976904,,0.003051,0
QF_BV/Sage2/bench_2190.smt2,Yices2,1,0.4921858039451763,0.37917361594736576,,0.113012,0
QF_BV/Sage2/bench_11753.smt2,Bitwuzla,1,5.630920201831032,5.194668735843152,,0.436251,0
QF_BV/20210219-Sydr/symbolic_memory/bst/cjpeg/predicate_322.smt2,Bitwuzla,1,1.2939961111405864,1.2047703431453556,,0.089226,0
QF_BV/20221012-MCMPC/wage/wage.t1.i21.1ecaad72.smt2,Bitwuzla,1,0.2488043811172247,0.24709635111503303,,0.001708,0
QF_BV/Sage2/bench_9150.smt2,Yices2,1,2.686180387972854,1.6504834520164877,,1.035697,0
QF_BV/20221012-MCMPC/mean_buckets/mean_buckets.t1.i19.f77d4503.smt2,STP,1,0.320083113911096,0.31746365292929113,,0.002619,0
QF_BV/Sage2/bench_3254.smt2,STP,1,11.88105930108577,11.87934376904741,,0.001716,0
QF_BV/sage/app1/bench_2500.smt2,Yices2,1,0.2522094450541772,0.24684383906424046,,0.005366,0
QF_BV/Sage2/bench_9346.smt2,STP,1,0.616239239810966,0.6121931727975607,,0.004046,0
QF_BV/20221012-MCMPC/millionaires/millionaires.t1.i45.8a30489b.smt2,Yices2,1,0.2322510788217187,0.23010432883165777,,0.002147,0
QF_BV/20190311-bv-term-small-rw-Noetzli/bv-term-small-rw_1389.smt2,STP,1,0.21966948197223246,0.2192534760106355,,0.000416,0
QF_BV/Sage2/bench_14064.smt2,Bitwuzla,1,0.473264459928032,0.446246346924454,,0.027018,0
QF_BV/20221012-MCMPC/dualexecution/dualexecution.t1.i6.76caae98.smt2,Yices2,1,0.3946065409691073,0.29583284398540854,,0.098774,0
QF_BV/sage/app5/bench_1016.smt2,STP,1,0.26195846823975444,0.2606542392168194,,0.001304,0
QF_BV/20221012-MCMPC/millionaires/millionaires.t1.i62.606cb8e4.smt2,Yices2,1,0.21447359718149528,0.21250228118151426,,0.001971,0
QF_BV/20221012-MCMPC/millionaires/millionaires.t1.i9.d5efb03e.smt2,STP,1,0.22844525007531047,0.22715173405595124,,0.001294,0
QF_BV/Sage2/bench_8370.smt2,Yices2,1,0.4946065411204472,0.38115389412268996,,0.113453,0
QF_BV/Sage2/bench_15585.smt2,STP,1,0.28116188279818743,0.2765768098179251,,0.004585,0
QF_BV/bruttomesso/core/ext_con_056_032_0512.smt2,cvc5,1,3.400272814789787,3.3807418257929385,,0.019531,0
QF_BV/Sage2/bench_4185.smt2,STP,1,1.4451179828029126,1.4436733617912978,,0.001445,0
QF_BV/Sage2/bench_15310.smt2,STP,1,0.24424667586572468,0.24101110687479377,,0.003236,0
QF_BV/Sage2/bench_6927.smt2,Yices2,1,0.47363054496236145,0.37696226593106985,,0.096668,0
QF_BV/Sage2/bench_6633.smt2,Yices2,1,0.6690328530385159,0.49591522803530097,,0.173118,0
QF_BV/20221012-MCMPC/millionaires/millionaires.t1.i23.65a24f6e.smt2,STP,1,0.22549918899312615,0.22419096599332988,,0.001308,0
QF_BV/Sage2/bench_16281.smt2,Bitwuzla,1,3.7879452790366486,3.413541828049347,,0.374403,0
QF_BV/Sage2/bench_15384.smt2,Bitwuzla,1,47.67657571483869,47.62842027284205,,0.048155,0
QF_BV/sage/app7/bench_8158.smt2,Yices2,1,0.5612171949469484,0.3723016199655831,,0.188916,0
QF_BV/Sage2/bench_9056.smt2,Yices2,1,1.6371325510554016,1.585789357079193,,0.051343,0
QF_BV/uclid/catchconv/convert-jpg2gif-query-1480.smt2,Yices2,1,0.42603470908943564,0.35712507111020386,,0.068910,0
QF_BV/Sage2/bench_4297.smt2,Bitwuzla,1,2.3960572580690496,2.3666466870345175,,0.029411,0
QF_BV/20210312-Bouvier/vlsat3_a82.smt2,Bitwuzla,1,86.63141845888458,86.45279448688962,,0.178624,0
QF_BV/sage/app1/bench_74.smt2,STP,1,0.2171185040497221,0.21618456300348043,,0.000934,0
QF_BV/Sage2/bench_8924.smt2,Yices2,1,1.115448235126678,1.0550368931144476,,0.060411,0
QF_BV/sage/app7/bench_1747.smt2,Yices2,1,0.9090159090119414,0.662653150036931,,0.246363,0
QF_BV/sage/app7/bench_337.smt2,Yices2,1,0.7950432279030792,0.548172544920817,,0.246871,0
QF_BV/20221012-MCMPC/dualexecution_affine/dualexecution.t1.i9.0ad5a449.smt2,Yices2,1,0.4221480578999035,0.3064916168805212,,0.115656,0
QF_BV/Sage2/bench_1704.smt2,STP,1,45.966239026980475,45.96435186895542,,0.001887,0
QF_BV/20221012-MCMPC/dualexecution_affine/dualexecution_affine.t1.i10.d195eedc.smt2,Yices2,1,0.31608724198304117,0.25903068599291146,,0.057057,0
QF_BV/Sage2/bench_9034.smt2,STP,1,0.2740186330047436,0.26972394599579275,,0.004295,0
QF_BV/20221012-MCMPC/millionaires/millionaires.t1.i38.8cccacf7.smt2,Yices2,1,0.24016365909483284,0.2381286050658673,,0.002035,0
QF_BV/asp/WireRouting/wire.14.x.14.b.8.a.20_unsat.data.smt2,Yices2,1,24.416128361946903,24.122033095918596,,0.294095,0
QF_BV/sage/app2/bench_498.smt2,Yices2,1,0.25230869092047215,0.2319690389558673,,0.020340,0
QF_BV/sage/app1/bench_1951.smt2,Yices2,1,0.2400493929744698,0.23822750593535602,,0.001822,0
QF_BV/Sage2/bench_503.smt2,Bitwuzla,1,2.1972381319501437,2.194076193962246,,0.003162,0
QF_BV/20221012-MCMPC/millionaires/millionaires.t3.i6.86cd2ebb.smt2,Bitwuzla,1,0.28072664100909606,0.27765309205278754,,0.003074,0
QF_BV/Sage2/bench_2940.smt2,Yices2,1,0.5291821791324764,0.42817744915373623,,0.101005,0
QF_BV/sage/app8/bench_257.smt2,Bitwuzla,1,1.7816896219155751,1.7782100099138916,,0.003480,0
QF_BV/20210312-Bouvier/vlsat3_a52.smt2,STP,1,235.7504110299633,235.74359558499418,,0.006815,0
QF_BV/sage/app7/bench_209.smt2,Yices2,1,0.7051444199751131,0.5177907489705831,,0.187354,0
QF_BV/Sage2/bench_11560.smt2,STP,1,37.75972629408352,37.7561307461001,,0.003596,0
QF_BV/20221012-MCMPC/simplemean_buckets/simplemean_buckets.t1.i14.e41ff633.smt2,STP,1,0.3470911890617572,0.344080476090312,,0.003011,0
QF_BV/spear/inn_v2.4.3/innfeed_innfeed_vc37255.smt2,Bitwuzla,1,0.6040755462017842,0.6021844141650945,,0.001891,0
QF_BV/Sage2/bench_15657.smt2,Bitwuzla,1,10.54916039906675,10.11378863407299,,0.435372,0
QF_BV/spear/samba_v3.0.24/bin_libsmbsharemodes_vc5302.smt2,Bitwuzla,1,0.6047624670318328,0.597235196037218,,0.007527,0
QF_BV/20190311-bv-term-small-rw-Noetzli/bv-term-small-rw_1353.smt2,STP,1,0.22061015182407573,0.22021990385837853,,0.000390,0
QF_BV/spear/samba_v3.0.24/bin_libsmbsharemodes_vc7692.smt2,Bitwuzla,1,1.0001248710323125,0.9635977670550346,,0.036527,0
QF_BV/sage/app7/bench_4280.smt2,Yices2,1,0.6834457288496196,0.48099787486717105,,0.202448,0
QF_BV/Sage2/bench_13799.smt2,Yices2,1,0.46750711603090167,0.3790984370280057,,0.088409,0
QF_BV/sage/app7/bench_5247.smt2,Yices2,1,0.6799158577923663,0.48130632983520627,,0.198610,0
QF_BV/sage/app7/bench_2026.smt2,Yices2,1,0.3385393738280982,0.28271208284422755,,0.055827,0
QF_BV/float/newton.8.1.i.smt2,Yices2,1,1.415128459862899,1.4032803499139845,,0.011848,0
QF_BV/mcm/144.smt2,STP,0,1200.0,1201.2491774209775,,0.042347,0
QF_BV/20221012-MCMPC/millionaires/millionaires.t1.i4.58623fcc.smt2,Bitwuzla,1,0.2641195640899241,0.26174194808118045,,0.002378,0
QF_BV/20221012-MCMPC/dualexecution_affine/dualexecution.t1.i14.a38f07ea.smt2,Yices2,1,1.3720605390844867,0.7618180410936475,,0.610242,0
QF_BV/Sage2/bench_11062.smt2,STP,1,0.5789304179488681,0.5554484389722347,,0.023482,0
QF_BV/20210219-Sydr/master/cjpeg/predicate_247.smt2,Bitwuzla,1,0.33010948303854093,0.32440818403847516,,0.005701,0
QF_BV/Sage2/bench_7046.smt2,STP,1,0.2238855230389163,0.2222884390503168,,0.001597,0
QF_BV/spear/samba_v3.0.24/bin_libmsrpc_vc1232002.smt2,Bitwuzla,1,0.7961693031247705,0.7820379470940679,,0.014131,0
QF_BV/20210312-Bouvier/vlsat3_g03.smt2,STP,1,4.3765282379463315,4.343517371919006,,0.033011,0
QF_BV/sage/app7/bench_227.smt2,Yices2,1,0.6958242818363942,0.512079571839422,,0.183745,0
QF_BV/20230221-oisc-gurtner/SRAI-SAFE-20-20.smt2,STP,1,4.575903948047198,4.5686443210579455,,0.007260,0
QF_BV/20221012-MCMPC/millionaires/millionaires.t1.i53.8225f9f0.smt2,Yices2,1,0.24298605701187626,0.2408753540366888,,0.002111,0
QF_BV/spear/samba_v3.0.24/bin_libsmbclient_vc1225246.smt2,Bitwuzla,1,0.9812189540825784,0.9641230620909482,,0.017096,0
QF_BV/20221012-MCMPC/millionaires/millionaires.t1.i29.6d63e04b.smt2,Yices2,1,0.2158178219688125,0.2136922120116651,,0.002126,0
QF_BV/sage/app1/bench_139.smt2,Bitwuzla,1,0.39868399914121255,0.3948008310981095,,0.003883,0
QF_BV/sage/app7/bench_5202.smt2,Yices2,1,0.7146522579132579,0.5156839869450778,,0.198968,0
QF_BV/20190311-bv-term-small-rw-Noetzli/bv-term-small-rw_241.smt2,STP,1,0.2365482509485446,0.23607508093118668,,0.000473,0
QF_BV/Sage2/bench_15683.smt2,STP,1,0.22885622398462147,0.22741034300997853,,0.001446,0
QF_BV/bruttomesso/core/ext_con_020_064_1024.smt2,cvc5,1,2.7412779429578222,2.7270690279547125,,0.014209,0
QF_BV/20221012-MCMPC/millionaires/millionaires.t1.i17.eb21098f.smt2,Bitwuzla,1,0.26154652889817953,0.25906566390767694,,0.002481,0
QF_BV/Sage2/bench_9795.smt2,STP,1,0.5400815759785473,0.5361675119493157,,0.003914,0
QF_BV/20221012-MCMPC/millionaires/millionaires.t3.i51.3efdfef5.smt2,Yices2,1,0.22348578419769183,0.2199584471527487,,0.003527,0
QF_BV/Sage2/bench_16728.smt2,Bitwuzla,1,30.81836329208454,30.8154346391093,,0.002929,0
QF_BV/Sage2/bench_17354.smt2,Yices2,1,1.1134692090563476,1.0517628700472414,,0.061706,0
QF_BV/sage/app7/bench_302.smt2,Yices2,1,0.5713314041495323,0.37743665114976466,,0.193895,0
QF_BV/Sage2/bench_7423.smt2,Yices2,1,0.4612692119553685,0.36750569799914956,,0.093764,0
QF_BV/Sage2/bench_6664.smt2,STP,1,0.2271851940313354,0.2258043100591749,,0.001381,0
QF_BV/Sage2/bench_11480.smt2,Yices2,1,0.5265817102044821,0.39498785720206797,,0.131594,0
QF_BV/20221012-MCMPC/millionaires/millionaires.t1.i49.8cf8a8b3.smt2,Yices2,1,0.22941087605431676,0.22738440800458193,,0.002026,0
QF_BV/Sage2/bench_4764.smt2,STP,1,1.033909479912836,1.010055708931759,,0.023854,0
QF_BV/spear/samba_v3.0.24/bin_libmsrpc_vc1232126.smt2,Yices2,1,0.40352545300265774,0.38402644800953567,,0.019499,0
QF_BV/20221012-MCMPC/sugarbeets/sugarbeets.t1.i16.fb777436.smt2,Yices2,1,0.41150060697691515,0.38576965499669313,,0.025731,0
QF_BV/bmc-bv-svcomp14/s3_srvr_3_true.BV.c.cil.c.17.smt2,Yices2,1,8.036818539898377,3.3761948589235544,,4.660624,0
QF_BV/sage/app7/bench_163.smt2,Yices2,1,0.6501466169720516,0.4635149650275707,,0.186632,0
QF_BV/Sage2/bench_9178.smt2,STP,1,0.22762005281401798,0.22584139183163643,,0.001779,0
QF_BV/sage/app11/bench_426.smt2,Yices2,1,0.3785333290579729,0.30123011604882777,,0.077303,0
QF_BV/Sage2/bench_6556.smt2,STP,1,3.382426605967339,3.3483579619787633,,0.034069,0
QF_BV/sage/app1/bench_517.smt2,STP,1,0.47865090903360397,0.47538253106176853,,0.003268,0
QF_BV/uclid/catchconv/convert-jpg2gif-query-1159.smt2,Yices2,1,0.31707737396936864,0.280077249975875,,0.037000,0
QF_BV/sage/app8/bench_458.smt2,STP,1,0.4137318659340963,0.41072739590890706,,0.003004,0
QF_BV/Sage2/bench_12936.smt2,Yices2,1,1.8529604648356326,1.7512829748447984,,0.101677,0
QF_BV/Sage2/bench_16324.smt2,Yices2,1,2.286317956924904,2.1756673499476165,,0.110651,0
QF_BV/20221012-MCMPC/millionaires/millionaires.t1.i46.86477f3f.smt2,Yices2,1,0.21786009793868288,0.21582383196800947,,0.002036,0
QF_BV/Sage2/bench_10600.smt2,STP,1,1.170190844044555,1.143285962054506,,0.026905,0
QF_BV/spear/samba_v3.0.24/bin_eventlogadm_vc331182.smt2,Yices2,1,1.4825490462244488,1.456309252185747,,0.026240,0
QF_BV/20221012-MCMPC/millionaires/millionaires.t1.i49.6e10ca03.smt2,Yices2,1,0.23030629713321105,0.22816033917479217,,0.002146,0
QF_BV/20221012-MCMPC/millionaires/millionaires.t1.i54.8257071d.smt2,Yices2,1,0.2183042869437486,0.21632406394928694,,0.001980,0
QF_BV/sage/app7/bench_2260.smt2,Yices2,1,0.3011155651183799,0.249426884111017,,0.051689,0
QF_BV/20210312-Bouvier/vlsat3_a22.smt2,STP,1,190.8367759208777,190.8288078638725,,0.007968,0
QF_BV/20230221-oisc-gurtner/SRAI-SAFE-28-1024.smt2,STP,1,66.30959148495458,66.17269818298519,,0.136893,0
QF_BV/Sage2/bench_6225.smt2,STP,1,0.2445847230264917,0.24188136402517557,,0.002703,0
QF_BV/bruttomesso/core/ext_con_056_016_0512.smt2,cvc5,1,2.572416103910655,2.562498742947355,,0.009917,0
QF_BV/Sage2/bench_5619.smt2,STP,1,42.495878403948154,42.49440080090426,,0.001478,0
QF_BV/Sage2/bench_9758.smt2,STP,1,14.33607261592988,14.331058396957815,,0.005014,0
QF_BV/Sage2/bench_15501.smt2,Bitwuzla,1,6.325193002005108,6.297591008013114,,0.027602,0
QF_BV/Sage2/bench_14040.smt2,Yices2,1,0.54920818307437,0.43395032407715917,,0.115258,0
QF_BV/20221012-MCMPC/dualexecution_affine/dualexecution.t1.i2.13cb4514.smt2,Yices2,1,0.4054394970298745,0.2964986290317029,,0.108941,0
QF_BV/Sage2/bench_12718.smt2,STP,1,0.5165073680691421,0.5101210051216185,,0.006386,0
QF_BV/Sage2/bench_9444.smt2,Yices2,1,0.42739367100875825,0.3067896789871156,,0.120604,0
QF_BV/sage/app1/bench_2161.smt2,Yices2,1,0.21349881496280432,0.21189993200823665,,0.001599,0
QF_BV/Sage2/bench_3880.smt2,STP,1,0.3679691220750101,0.3612936900462955,,0.006675,0
QF_BV/Sage2/bench_1028.smt2,Yices2,1,0.22021849709562957,0.21626863605342805,,0.003950,0
QF_BV/20221012-MCMPC/millionaires/millionaires.t1.i45.59e88898.smt2,Yices2,1,0.21514243201818317,0.21312620304524899,,0.002016,0
QF_BV/20221012-MCMPC/millionaires/millionaires.t1.i10.d7668e10.smt2,Bitwuzla,1,0.25643176992889494,0.25417375494726,,0.002258,0
QF_BV/20230221-oisc-gurtner/SRAI-SAFE-112-112.smt2,Yices2,1,127.89581931690918,127.87763303495012,,0.018186,0
QF_BV/sage/app7/bench_429.smt2,Yices2,1,0.5634099111193791,0.3804401750676334,,0.182970,0
QF_BV/asp/Sokoban/duthen-990602.37.steps.14.asp.smt2,STP,1,12.417372821946628,12.349103505956009,,0.068269,0
QF_BV/Sage2/bench_15992.smt2,Yices2,1,0.6190713490359485,0.5839928770437837,,0.035078,0
QF_BV/2018-Goel-hwbench/QF_BV_needham.1.prop3_cc_ref_max.smt2,Yices2,1,0.33406022703275084,0.3115694220177829,,0.022491,0
QF_BV/Sage2/bench_12860.smt2,STP,1,0.272627790865954,0.26624686690047383,,0.006381,0
QF_BV/Sage2/bench_10935.smt2,Bitwuzla,1,6.100840487051755,6.034104594029486,,0.066736,0
QF_BV/Sage2/bench_7157.smt2,Yices2,1,0.2833911092020571,0.2500540711916983,,0.033337,0
QF_BV/log-slicing/bvsub_15964.smt2,STP,1,348.3961455320241,348.39567637303844,,0.000469,0
QF_BV/Sage2/bench_16049.smt2,STP,1,0.2698794659227133,0.26641368097625673,,0.003466,0
QF_BV/Sage2/bench_11616.smt2,STP,1,0.2812267908011563,0.27518464578315616,,0.006042,0
QF_BV/Sage2/bench_15155.smt2,Yices2,1,0.6261520819389261,0.4395919139496982,,0.186560,0
QF_BV/Sage2/bench_13171.smt2,Bitwuzla,1,5.765627274173312,5.327491486212239,,0.438136,0
QF_BV/Sage2/bench_13196.smt2,STP,1,13.592580184049439,13.591004193061963,,0.001576,0
QF_BV/uclid/catchconv/convert-jpg2gif-query-1387.smt2,Yices2,1,0.32945222593843937,0.2741655339486897,,0.055287,0
QF_BV/20221012-MCMPC/millionaires/millionaires.t1.i30.3cf30b9f.smt2,Yices2,1,0.24252055492252111,0.2403090859297663,,0.002211,0
QF_BV/Sage2/bench_4963.smt2,STP,1,13.31128336203983,13.309386383043602,,0.001897,0
QF_BV/sage/app7/bench_430.smt2,Yices2,1,0.5524276382056996,0.3721028291620314,,0.180325,0
QF_BV/Sage2/bench_16490.smt2,Yices2,1,0.3437984229531139,0.31550951092503965,,0.028289,0
QF_BV/20221012-MCMPC/dualexecution/dualexecution.t1.i10.a8534f4c.smt2,Yices2,1,0.35106754396110773,0.27437904896214604,,0.076688,0
QF_BV/sage/app7/bench_6014.smt2,Yices2,1,0.5789630918297917,0.38226578780449927,,0.196697,0
QF_BV/asp/KnightTour/knightTour.in02.smt2,Yices2,1,3.0036084810853936,2.9722688640467823,,0.031340,0
QF_BV/sage/app7/bench_637.smt2,Yices2,1,0.5530565920635127,0.3809062840882689,,0.172150,0
QF_BV/Sage2/bench_2826.smt2,STP,1,55.12224949197844,55.12082415702753,,0.001425,0
QF_BV/sage/app8/bench_224.smt2,Bitwuzla,1,0.42748776788357645,0.4240829749032855,,0.003405,0
QF_BV/20190311-bv-term-small-rw-Noetzli/bv-term-small-rw_1257.smt2,STP,1,0.22283721406711265,0.22243833006359637,,0.000399,0
QF_BV/20221012-MCMPC/millionaires/millionaires.t1.i43.3215d5d7.smt2,Yices2,1,0.24763396283378825,0.24554951884783804,,0.002084,0
QF_BV/Sage2/bench_16971.smt2,Bitwuzla,1,10.431858050927985,10.388896317919716,,0.042962,0
QF_BV/sage/app12/bench_668.smt2,STP,1,0.4105121928732842,0.40786570589989424,,0.002646,0
QF_BV/20221012-MCMPC/wage/wage.t1.i35.4440d8a4.smt2,Bitwuzla,1,0.2842391350422986,0.2828385520260781,,0.001401,0
QF_BV/Sage2/bench_13384.smt2,Bitwuzla,1,1.4147345739766024,1.376469308976084,,0.038265,0
QF_BV/20221012-MCMPC/millionaires/millionaires.t1.i62.7519bfd3.smt2,Yices2,1,0.2164953479077667,0.21444663987495005,,0.002049,0
QF_BV/20210219-Sydr/symbolic_memory/linear/readelf/predicate_2021.smt2,Yices2,1,1.3089155429624952,1.174445112934336,,0.134470,0
QF_BV/mcm/121.smt2,STP,0,1200.0,1201.2655254038982,,0.043597,0
QF_BV/Sage2/bench_16929.smt2,STP,1,0.2586539830081165,0.2542844070121646,,0.004370,0
QF_BV/20221012-MCMPC/millionaires/millionaires.t1.i18.a78154d0.smt2,Bitwuzla,1,0.256400354905054,0.2541036088950932,,0.002297,0
QF_BV/20221012-MCMPC/millionaires/millionaires.t1.i23.89ffaeeb.smt2,Bitwuzla,1,0.24721756402868778,0.24497891403734684,,0.002239,0
QF_BV/sage/app7/bench_2029.smt2,Yices2,1,0.3293603830388747,0.2740156380459666,,0.055345,0
QF_BV/Sage2/bench_7558.smt2,STP,1,0.2725983169511892,0.2683367929421365,,0.004262,0
QF_BV/Sage2/bench_10606.smt2,STP,1,23.902368414972443,23.89148670900613,,0.010882,0
QF_BV/Sage2/bench_17175.smt2,Yices2,1,4.5785392181715,4.269965947140008,,0.308573,0
QF_BV/Sage2/bench_15783.smt2,STP,1,3.896499245951418,3.891730793984607,,0.004768,0
QF_BV/20190311-bv-term-small-rw-Noetzli/bv-term-small-rw_452.smt2,STP,1,0.21247216319898143,0.2120796211529523,,0.000393,0
QF_BV/Sage2/bench_13888.smt2,Yices2,1,0.3068674831301905,0.2794527211226523,,0.027415,0
QF_BV/uclid/catchconv/convert-jpg2gif-query-1566.smt2,Yices2,1,0.43214159284252673,0.35460114083252847,,0.077540,0
QF_BV/20190311-bv-term-small-rw-Noetzli/bv-term-small-rw_455.smt2,STP,1,0.21678236895240843,0.21638243296183646,,0.000400,0
QF_BV/20221012-MCMPC/millionaires/millionaires.t1.i22.e31dd3e1.smt2,Bitwuzla,1,0.24602069606771693,0.24391430104151368,,0.002106,0
QF_BV/Sage2/bench_4803.smt2,STP,1,47.03266717889346,47.02962716692127,,0.003040,0
QF_BV/Sage2/bench_11025.smt2,Bitwuzla,1,6.868023918184917,6.434526373166591,,0.433498,0
QF_BV/Sage2/bench_3499.smt2,STP,1,15.739658138132654,15.737556744134054,,0.002101,0
QF_BV/Sage2/bench_13154.smt2,Yices2,1,1.9722134080366232,1.9058053640183061,,0.066408,0
QF_BV/20221012-MCMPC/millionaires/millionaires.t1.i47.3b477690.smt2,Yices2,1,0.22017792402766645,0.21809725603088737,,0.002081,0
QF_BV/spear/samba_v3.0.24/bin_libsmbsharemodes_vc6097.smt2,Bitwuzla,1,0.5501940611284226,0.5438845721073449,,0.006309,0
QF_BV/Sage2/bench_1692.smt2,STP,1,13.835847179812845,13.834437684854493,,0.001409,0
QF_BV/20221012-MCMPC/dualexecution_affine/dualexecution_affine.t1.i6.ff49f528.smt2,Yices2,1,0.5800672828918323,0.3794261529110372,,0.200641,0
QF_BV/Sage2/bench_14872.smt2,Bitwuzla,1,166.8961559641757,166.85925497720018,,0.036901,0
QF_BV/bruttomesso/lfsr/lfsr_002_111_016.smt2,STP,1,0.4127257050713524,0.4119403890799731,,0.000785,0
QF_BV/sage/app7/bench_185.smt2,Yices2,1,0.6922206879826263,0.5106199129950255,,0.181601,0
QF_BV/20221012-MCMPC/mean_buckets/mean_buckets.t1.i17.d8e2d543.smt2,STP,1,0.327415379229933,0.3242423362098634,,0.003173,0
QF_BV/Sage2/bench_11263.smt2,STP,1,0.6266564168618061,0.6130633738357574,,0.013593,0
QF_BV/Sage2/bench_9274.smt2,Yices2,1,0.5764576701330952,0.3860384081490338,,0.190419,0
QF_BV/Sage2/bench_13423.smt2,STP,1,0.28568596101831645,0.27966738399118185,,0.006019,0
QF_BV/bruttomesso/lfsr/lfsr_008_015_016.smt2,STP,1,1.0155722221243195,1.0137230141554028,,0.001849,0
QF_BV/Sage2/bench_1768.smt2,STP,1,9.223201662010979,9.221350461011752,,0.001851,0
QF_BV/20221012-MCMPC/dualexecution_affine/dualexecution_affine.t1.i9.6e455fa9.smt2,Yices2,1,0.3132029990083538,0.2656791650224477,,0.047524,0
QF_BV/20221012-MCMPC/millionaires/millionaires.t1.i1.033a4ea1.smt2,Bitwuzla,1,0.2560589949134737,0.2538423868827522,,0.002217,0
QF_BV/20190311-bv-term-small-rw-Noetzli/bv-term-small-rw_1228.smt2,STP,1,0.22066718188580126,0.22011454589664936,,0.000553,0
QF_BV/bruttomesso/core/ext_con_032_002_0256.smt2,STP,1,0.7373104071011767,0.7355367001146078,,0.001774,0
QF_BV/Sage2/bench_14629.smt2,Yices2,1,3.237794371030759,3.1147324920166284,,0.123062,0
QF_BV/sage/app7/bench_1716.smt2,Yices2,1,0.3473482371191494,0.27139814710244536,,0.075950,0
QF_BV/sage/app7/bench_6302.smt2,Yices2,1,0.6856518779532053,0.4922843349631876,,0.193368,0
QF_BV/sage/app11/bench_579.smt2,Yices2,1,0.38860348105663434,0.311012574005872,,0.077591,0
QF_BV/Sage2/bench_849.smt2,STP,1,0.34355303581105545,0.3382882848381996,,0.005265,0
QF_BV/sage/app1/bench_2198.smt2,Yices2,1,0.30141658982029185,0.2967904338147491,,0.004626,0
QF_BV/20221012-MCMPC/millionaires/millionaires.t1.i44.3ee42711.smt2,Yices2,1,0.21546765806851909,0.21348534105345607,,0.001982,0
QF_BV/bruttomesso/core/ext_con_028_002_0032.smt2,STP,1,0.312425333133433,0.31133263814263046,,0.001093,0
QF_BV/spear/samba_v3.0.24/bin_libsmbsharemodes_vc5784.smt2,Bitwuzla,1,0.6136449458426796,0.602376215858385,,0.011269,0
QF_BV/20210219-Sydr/symbolic_memory/bst/hdp/predicate_3365.smt2,Yices2,1,1.4802315919660032,1.2250223599839956,,0.255209,0
QF_BV/Sage2/bench_5653.smt2,STP,1,81.65107626409736,81.64699679007754,,0.004079,0
QF_BV/20221012-MCMPC/millionaires/millionaires.t1.i7.0e98eb3e.smt2,Bitwuzla,1,0.2648303870810196,0.26235044305212796,,0.002480,0
QF_BV/sage/app1/bench_169.smt2,Bitwuzla,1,0.41830960393417627,0.4146265669260174,,0.003683,0
QF_BV/Sage2/bench_3999.smt2,STP,1,0.7825527179520577,0.7784310269635171,,0.004122,0
QF_BV/sage/app7/bench_382.smt2,Yices2,1,0.6647924810531549,0.4795196340419352,,0.185273,0
QF_BV/sage/app1/bench_2396.smt2,Bitwuzla,1,0.2418951319414191,0.23748409491963685,,0.004411,0
QF_BV/Sage2/bench_17024.smt2,STP,1,0.4795564729720354,0.47060358594171703,,0.008953,0
QF_BV/20221012-MCMPC/simplemean_buckets/simplemean_buckets.t1.i25.c879d0a8.smt2,STP,1,0.37491494411369786,0.3721944261342287,,0.002721,0
QF_BV/Sage2/bench_13619.smt2,Bitwuzla,1,1.8609441630542278,1.8517255450133234,,0.009219,0
QF_BV/Sage2/bench_11005.smt2,STP,1,0.23802292795153335,0.23503899993374944,,0.002984,0
QF_BV/sage/app1/bench_1993.smt2,Yices2,1,0.24831254192395136,0.24340210994705558,,0.004910,0
QF_BV/Sage2/bench_15794.smt2,STP,1,0.2805836799670942,0.2758424589410424,,0.004741,0
QF_BV/bruttomesso/core/ext_con_044_004_0064.smt2,STP,1,0.49619793315650895,0.49390189815312624,,0.002296,0
QF_BV/20221012-MCMPC/millionaires/millionaires.t2.i12.36c0dd19.smt2,Bitwuzla,1,0.25894945504842326,0.2560637320857495,,0.002886,0
QF_BV/sage/app11/bench_105.smt2,Yices2,1,0.3789818760124035,0.302134667057544,,0.076847,0
QF_BV/bmc-bv-svcomp14/byte_add_false.c.21.smt2,Yices2,1,0.3135979861835949,0.2500703821424395,,0.063528,0
QF_BV/log-slicing/bvslt_17631.smt2,STP,1,350.1541231160518,350.15166948805563,,0.002454,0
QF_BV/bruttomesso/simple_processor/simple_processors_004_004_0032.smt2,STP,1,1.2198434249148704,1.2189642859157175,,0.000879,0
QF_BV/Sage2/bench_13478.smt2,STP,1,0.4460656597511843,0.4254610917996615,,0.020605,0
QF_BV/Sage2/bench_14797.smt2,STP,1,0.3371500150533393,0.33060251805000007,,0.006547,0
QF_BV/bruttomesso/core/ext_con_052_004_1024.smt2,STP,1,6.04534515098203,6.042548357974738,,0.002797,0
QF_BV/20190311-bv-term-small-rw-Noetzli/bv-term-small-rw_760.smt2,STP,1,0.24487148510525003,0.244491056073457,,0.000380,0
QF_BV/Sage2/bench_3778.smt2,STP,1,0.2851753559662029,0.2794073319528252,,0.005768,0
QF_BV/Sage2/bench_4837.smt2,STP,1,3.094711843994446,3.0936242030002177,,0.001088,0
QF_BV/Sage2/bench_7206.smt2,STP,1,0.2904537209542468,0.2861997219733894,,0.004254,0
QF_BV/spear/samba_v3.0.24/bin_libmsrpc_vc1225282.smt2,Bitwuzla,1,1.0594112081453204,1.0446810801513493,,0.014730,0
QF_BV/Sage2/bench_16794.smt2,STP,1,0.48217110318364576,0.4728835681453347,,0.009288,0
QF_BV/20221012-MCMPC/dualexecution_affine/dualexecution_affine.t1.i12.bf374590.smt2,Yices2,1,0.35675248893676326,0.2765564539004117,,0.080196,0
QF_BV/Sage2/bench_2478.smt2,Yices2,1,0.469831675873138,0.37236689287237823,,0.097465,0
QF_BV/bruttomesso/core/ext_con_040_016_0128.smt2,STP,1,0.7091990672051907,0.7022213852033019,,0.006978,0
QF_BV/Sage2/bench_15178.smt2,Yices2,1,1.586954542202875,1.516801891149953,,0.070153,0
QF_BV/spear/samba_v3.0.24/bin_libsmbsharemodes_vc4790.smt2,Bitwuzla,1,0.4919184980681166,0.4866065520327538,,0.005312,0
QF_BV/Sage2/bench_1490.smt2,STP,1,0.2710831809672527,0.26652975799515843,,0.004553,0
QF_BV/Sage2/bench_335.smt2,Yices2,1,0.2497660489170812,0.24090240290388465,,0.008864,0
QF_BV/sage/app7/bench_258.smt2,Yices2,1,0.5576741870609112,0.3727760170586407,,0.184898,0
QF_BV/bruttomesso/core/ext_con_036_016_0128.smt2,STP,1,0.6372245189268142,0.6307603078894317,,0.006464,0
QF_BV/bruttomesso/lfsr/lfsr_004_127_016.smt2,STP,1,1.152309146069456,1.1511713981162757,,0.001138,0
QF_BV/sage/app12/bench_3615.smt2,STP,1,0.23564647807506844,0.2349747430998832,,0.000672,0
QF_BV/20210312-Bouvier/vlsat3_a14.smt2,STP,1,37.43150379002327,37.41128754802048,,0.020216,0
QF_BV/sage/app1/bench_2164.smt2,Yices2,1,0.24292544985655695,0.23833326785825193,,0.004592,0
QF_BV/Sage2/bench_6068.smt2,Yices2,1,1.6420633291709237,1.2829813661519438,,0.359082,0
QF_BV/20221012-MCMPC/dualexecution_affine/dualexecution_affine.t1.i12.118fd2c0.smt2,Yices2,1,0.3001133170328103,0.25259186304174364,,0.047521,0
QF_BV/sage/app7/bench_2124.smt2,Yices2,1,0.30568920000223443,0.2546875870320946,,0.051002,0
QF_BV/spear/samba_v3.0.24/bin_libsmbsharemodes_vc7691.smt2,Bitwuzla,1,0.9387152960407548,0.9008758240379393,,0.037839,0
QF_BV/brummayerbiere/countbitssrl016.smt2,STP,1,0.8834225110476837,0.882616417016834,,0.000806,0
QF_BV/Sage2/bench_14302.smt2,Bitwuzla,1,3.657438915979583,3.6248659580014646,,0.032573,0
QF_BV/sage/app7/bench_1898.smt2,Yices2,1,0.3445180850685574,0.2833772040903568,,0.061141,0
QF_BV/asp/Labyrinth/laby_19_19_17.lp.smt2,Bitwuzla,1,1035.5984397939756,1033.909817290958,,1.688623,0
QF_BV/sage/app7/bench_38.smt2,Yices2,1,0.6510698408237658,0.4619216248393059,,0.189148,0
QF_BV/Sage2/bench_9964.smt2,Yices2,1,0.2684360158746131,0.24312651390209794,,0.025310,0
QF_BV/Sage2/bench_11296.smt2,STP,1,0.22816286917077377,0.22668907814659178,,0.001474,0
QF_BV/Sage2/bench_6282.smt2,STP,1,21.895511390990578,21.893036402994767,,0.002475,0
QF_BV/sage/app8/bench_201.smt2,Bitwuzla,1,0.5405154548352584,0.536922481842339,,0.003593,0
QF_BV/calypto/problem_3.smt2,STP,1,101.50284791120794,101.50069434917532,,0.002154,0
QF_BV/Sage2/bench_1480.smt2,Yices2,1,2.52157005405752,2.395329548045993,,0.126241,0
QF_BV/Sage2/bench_11478.smt2,STP,1,0.224658114137128,0.22299675713293254,,0.001661,0
QF_BV/Sage2/bench_6.smt2,Yices2,1,1.4466478509129956,1.1021914079319686,,0.344456,0
QF_BV/spear/samba_v3.0.24/bin_libsmbclient_vc1225304.smt2,Yices2,1,1.0777088680770248,1.057959608035162,,0.019749,0
QF_BV/mcm/156.smt2,STP,1,16.274849399807863,16.23198672081344,,0.042863,0
QF_BV/20221012-MCMPC/millionaires/millionaires.t1.i16.3530aaeb.smt2,STP,1,0.22411546984221786,0.22263460885733366,,0.001481,0
QF_BV/Sage2/bench_16161.smt2,STP,1,0.2321195881231688,0.22947930917143822,,0.002640,0
QF_BV/Sage2/bench_10989.smt2,Bitwuzla,1,1.4695340180187486,1.452478463994339,,0.017056,0
QF_BV/Sage2/bench_10803.smt2,STP,1,0.2775417359662242,0.2655807579867542,,0.011961,0
QF_BV/sage/app7/bench_211.smt2,Yices2,1,0.6515958159579895,0.46732005197554827,,0.184276,0
QF_BV/Sage2/bench_2966.smt2,STP,1,9.33391840691911,9.33227937691845,,0.001639,0
QF_BV/Sage2/bench_17553.smt2,STP,1,0.22772416088264436,0.22580790892243385,,0.001916,0
QF_BV/Sage2/bench_11714.smt2,STP,1,0.4370546430000104,0.42820888198912144,,0.008846,0
QF_BV/mcm/122.smt2,STP,0,1200.0,1201.2577265410218,,0.037397,0
QF_BV/uclid/catchconv/convert-jpg2gif-query-1140.smt2,Yices2,1,0.29406148090492934,0.2598552159033716,,0.034206,0
QF_BV/20221012-MCMPC/mean_buckets/mean_buckets.t1.i26.adc1f209.smt2,STP,1,0.3396951209870167,0.337181624956429,,0.002513,0
QF_BV/brummayerbiere2/smulov2bw320.smt2,Bitwuzla,1,37.57876251504058,37.57420162204653,,0.004561,0
QF_BV/Sage2/bench_6419.smt2,STP,1,0.8784138351329602,0.8601528001017869,,0.018261,0
QF_BV/20190311-bv-term-small-rw-Noetzli/bv-term-small-rw_1427.smt2,STP,1,0.23474949900992215,0.23428169800899923,,0.000468,0
QF_BV/Sage2/bench_17747.smt2,STP,1,0.2747810910223052,0.2702713659964502,,0.004510,0
QF_BV/sage/app7/bench_226.smt2,Yices2,1,0.7832546338322572,0.5360303218476474,,0.247224,0
QF_BV/Sage2/bench_15124.smt2,STP,1,0.4793514251941815,0.47034824918955564,,0.009003,0
QF_BV/spear/samba_v3.0.24/bin_libsmbsharemodes_vc6233.smt2,Yices2,1,0.772331696934998,0.7593068259302527,,0.013025,0
QF_BV/20221012-MCMPC/millionaires/millionaires.t1.i56.29ff41e0.smt2,Yices2,1,0.21743902791058645,0.21549354889430106,,0.001945,0
QF_BV/log-slicing/bvshl_1089.smt2,STP,1,15.441064275917597,15.438156375894323,,0.002908,0
QF_BV/uclid/catchconv/convert-jpg2gif-query-1481.smt2,Yices2,1,0.42116022791014984,0.3519499918911606,,0.069210,0
QF_BV/20221012-MCMPC/mean_buckets/simplemean_buckets.t1.i25.2751b238.smt2,STP,1,0.35046931711258367,0.34781540208496153,,0.002654,0
QF_BV/asp/TravellingSalesperson/tsp_rand_70_300_1155482584_14.lp.smt2,Yices2,1,27.423528535058722,27.3864417350851,,0.037087,0
QF_BV/Sage2/bench_8740.smt2,Bitwuzla,1,26.50007761712186,26.464491601102054,,0.035586,0
QF_BV/20210312-Bouvier/vlsat3_a45.smt2,STP,1,352.8628096651519,352.8509872131981,,0.011822,0
QF_BV/Sage2/bench_5972.smt2,STP,1,1.1192834048415534,1.1145581058226526,,0.004725,0
QF_BV/sage/app1/bench_440.smt2,STP,1,0.24162660900037736,0.2407095090020448,,0.000917,0
QF_BV/20221012-MCMPC/dualexecution_affine/dualexecution_affine.t1.i6.3a3292d0.smt2,Yices2,1,0.6960964120225981,0.45819851802662015,,0.237898,0
QF_BV/20221012-MCMPC/millionaires/millionaires.t1.i6.b217908b.smt2,Bitwuzla,1,0.2582932329387404,0.25583956693299115,,0.002454,0
QF_BV/Sage2/bench_16413.smt2,STP,1,0.22732004895806313,0.22556471498683095,,0.001755,0
QF_BV/spear/samba_v3.0.24/bin_libsmbsharemodes_vc6847.smt2,STP,1,0.7047916301526129,0.6887522991746664,,0.016039,0
QF_BV/20221012-MCMPC/millionaires/millionaires.t1.i61.96bb926f.smt2,Yices2,1,0.21560264192521572,0.21357642393559217,,0.002026,0
QF_BV/sage/app7/bench_772.smt2,Yices2,1,0.5047236120444722,0.33832077705301344,,0.166403,0
QF_BV/Sage2/bench_3582.smt2,STP,1,24.711645734030753,24.709717208053917,,0.001929,0
QF_BV/Sage2/bench_4351.smt2,Yices2,1,0.5033896560198627,0.4022517460398376,,0.101138,0
QF_BV/Sage2/bench_5182.smt2,Yices2,1,0.4974292470724322,0.3870867760851979,,0.110342,0
QF_BV/sage/app11/bench_270.smt2,Yices2,1,0.37852463184390217,0.30220621288754046,,0.076318,0
QF_BV/asp/SchurNumbers/15.17.schur.lp.smt2,Yices2,1,15.66294624999864,15.580206345999613,,0.082740,0
QF_BV/20221012-MCMPC/millionaires/millionaires.t1.i10.3f06d9aa.smt2,Bitwuzla,1,0.25988082389812917,0.25730714690871537,,0.002574,0
QF_BV/sage/app7/bench_221.smt2,Yices2,1,0.6544755090144463,0.470424521015957,,0.184051,0
QF_BV/Sage2/bench_16862.smt2,STP,1,3.8135488791158423,3.811900993110612,,0.001648,0
QF_BV/Sage2/bench_3485.smt2,STP,1,17.34054872696288,17.339066616958007,,0.001482,0
QF_BV/sage/app8/bench_2249.smt2,STP,1,0.23116540594492108,0.2305584589485079,,0.000607,0
QF_BV/spear/inn_v2.4.3/innfeed_innfeed_vc36615.smt2,Bitwuzla,1,0.4591135078226216,0.4567383658140898,,0.002375,0
QF_BV/sage/app1/bench_319.smt2,Bitwuzla,1,0.3448561819968745,0.3412454279605299,,0.003611,0
QF_BV/spear/samba_v3.0.24/bin_libsmbsharemodes_vc5737.smt2,Bitwuzla,1,0.4891717428108677,0.474572115810588,,0.014600,0
QF_BV/20220315-ecrw/rw_rule_candidate_vmcai_2022_bw512_6.smt2,STP,1,546.689354703878,546.6889064388815,,0.000448,0
QF_BV/bruttomesso/core/ext_con_028_032_0512.smt2,cvc5,1,2.1225947772036307,2.112864533206448,,0.009730,0
QF_BV/Sage2/bench_8265.smt2,STP,1,0.5499152768752538,0.5422647618688643,,0.007651,0
QF_BV/sage/app8/bench_753.smt2,STP,1,0.32947434298694134,0.32679313397966325,,0.002681,0
QF_BV/log-slicing/bvlshr_0400.smt2,STP,1,3.048301301023457,3.0461874729953706,,0.002114,0
QF_BV/Sage2/bench_17858.smt2,STP,1,0.25890531903132796,0.25437779002822936,,0.004528,0
QF_BV/sage/app7/bench_287.smt2,Yices2,1,0.6518581259879284,0.465141620952636,,0.186717,0
QF_BV/fft/Sz512_15127_1.smt2,STP,0,1200.0,1201.2708836549427,,0.006857,0
QF_BV/log-slicing/bvsmod_13.smt2,STP,1,22.28204236185411,22.28040494583547,,0.001637,0
QF_BV/asp/ConnectedDominatingSet/rand_70_250_1235844252_0_k=10_unsat.gph.smt2,Yices2,1,3.0602436210028827,3.049863609019667,,0.010380,0
QF_BV/sage/app7/bench_1836.smt2,Yices2,1,0.7913280669599771,0.5488746929913759,,0.242453,0
QF_BV/float/div2.c.20.smt2,Yices2,1,0.9183386631193571,0.9016679851338267,,0.016671,0
QF_BV/Sage2/bench_5475.smt2,STP,1,8.566018216195516,8.564212065190077,,0.001806,0
QF_BV/20221012-MCMPC/dualexecution_affine/dualexecution_affine.t1.i10.f04735d9.smt2,Yices2,1,0.5315253860317171,0.35159478802233934,,0.179931,0
QF_BV/Sage2/bench_1916.smt2,STP,1,12.56424346496351,12.562545395921916,,0.001698,0
QF_BV/uclid/catchconv/convert-jpg2gif-query-1193.smt2,Yices2,1,0.3053224720642902,0.2606488240417093,,0.044674,0
QF_BV/uclid/catchconv/convert-jpg2gif-query-1658.smt2,Yices2,1,0.39162966702133417,0.3040533720050007,,0.087576,0
QF_BV/Sage2/bench_9331.smt2,STP,1,0.2287458719802089,0.2269754959270358,,0.001770,0
QF_BV/Sage2/bench_15862.smt2,STP,1,0.5233622921514325,0.5194313281681389,,0.003931,0
QF_BV/sage/app1/bench_781.smt2,Yices2,1,0.3111331649706699,0.30582703999243677,,0.005306,0
QF_BV/sage/app7/bench_7580.smt2,Yices2,1,0.7357830230612308,0.5511377530638129,,0.184645,0
QF_BV/Sage2/bench_2721.smt2,Yices2,1,0.4502435311442241,0.3615666041150689,,0.088677,0
QF_BV/sage/app7/bench_99.smt2,Yices2,1,0.6594873431022279,0.4716949660796672,,0.187792,0
QF_BV/spear/samba_v3.0.24/bin_libsmbsharemodes_vc6331.smt2,Yices2,1,0.7408790060435422,0.7270360440015793,,0.013843,0
QF_BV/Sage2/bench_2060.smt2,STP,1,33.85934365703724,33.85794530203566,,0.001398,0
QF_BV/spear/samba_v3.0.24/bin_eventlogadm_vc352355.smt2,Bitwuzla,1,0.48386747390031815,0.4761790039483458,,0.007688,0
QF_BV/Sage2/bench_14014.smt2,Bitwuzla,1,2.1816166520584375,2.147628606064245,,0.033988,0
QF_BV/uclid/catchconv/convert-jpg2gif-query-1575.smt2,Yices2,1,0.40774485701695085,0.32824853202328086,,0.079496,0
QF_BV/20221012-MCMPC/millionaires/millionaires.t1.i36.94da0be2.smt2,Yices2,1,0.21575559413759038,0.2136612411122769,,0.002094,0
QF_BV/Sage2/bench_4119.smt2,Yices2,1,0.32048493513138965,0.29101377609185874,,0.029471,0
QF_BV/sage/app8/bench_1920.smt2,STP,1,0.9565283909323625,0.9556106359232217,,0.000918,0
QF_BV/20230221-oisc-gurtner/SRL-SAFE-256-1024.smt2,Yices2,0,1200.0,1201.3040227310266,,0.089152,0
QF_BV/sage/app11/bench_323.smt2,Yices2,1,0.3764227541978471,0.3014998291619122,,0.074923,0
QF_BV/sage/app11/bench_223.smt2,Yices2,1,0.39736243907827884,0.3222306640818715,,0.075132,0
QF_BV/20221012-MCMPC/dualexecution_affine/dualexecution_affine.t1.i6.feb11d87.smt2,Yices2,1,0.30999613110907376,0.2574202890973538,,0.052576,0
QF_BV/float/square.4.0.i.smt2,Yices2,1,2.0368573370506056,2.0294820270501077,,0.007375,0
QF_BV/sage/app1/bench_2539.smt2,Bitwuzla,1,0.4015096001676284,0.39741981914266944,,0.004090,0
QF_BV/Sage2/bench_10333.smt2,STP,1,0.2473437552107498,0.24479369819164276,,0.002550,0
QF_BV/sage/app7/bench_1585.smt2,Yices2,1,0.366990263981279,0.28033465798944235,,0.086656,0
QF_BV/Sage2/bench_6482.smt2,Yices2,1,3.432277790037915,3.2688512590248138,,0.163427,0
QF_BV/20210219-Sydr/master/cjpeg/predicate_971.smt2,Yices2,1,0.3960758349276148,0.379349211929366,,0.016727,0
QF_BV/20221012-MCMPC/millionaires/millionaires.t1.i24.eb74c98f.smt2,Bitwuzla,1,0.299446256889496,0.297252049902454,,0.002194,0
QF_BV/brummayerbiere3/minand256.smt2,Bitwuzla,1,99.26429025409743,99.2496403621044,,0.014650,0
QF_BV/Sage2/bench_5611.smt2,STP,1,0.23332726478111,0.23133653379045427,,0.001991,0
QF_BV/Sage2/bench_3696.smt2,Bitwuzla,1,5.662593934859615,5.2338982708752155,,0.428696,0
QF_BV/spear/samba_v3.0.24/bin_eventlogadm_vc352860.smt2,Yices2,1,1.3283414701581933,1.2880599771160632,,0.040281,0
QF_BV/Sage2/bench_12911.smt2,Yices2,1,0.8957065099384636,0.7320207229349762,,0.163686,0
QF_BV/20221012-MCMPC/mean_buckets/mean_buckets.t1.i18.5644b7b4.smt2,STP,1,0.3350901130470447,0.3321692650206387,,0.002921,0
QF_BV/Sage2/bench_15109.smt2,STP,1,0.48208235803758726,0.47284727403894067,,0.009235,0
QF_BV/sage/app7/bench_415.smt2,Yices2,1,0.5319257690571249,0.34561755205504596,,0.186308,0
QF_BV/20221012-MCMPC/millionaires/millionaires.t3.i55.e66b9ce0.smt2,Yices2,1,0.23164655989967287,0.22799641685560346,,0.003650,0
QF_BV/20221012-MCMPC/millionaires/millionaires.t1.i61.87e2e0de.smt2,Yices2,1,0.21925967215793207,0.2173067801631987,,0.001953,0
QF_BV/Sage2/bench_16502.smt2,Yices2,1,0.3884777679340914,0.3576918519102037,,0.030786,0
QF_BV/Sage2/bench_3461.smt2,STP,1,7.800246983068064,7.795364998048171,,0.004882,0
QF_BV/log-slicing/bvashr_0664.smt2,Bitwuzla,1,306.73182050691685,306.72723817289807,,0.004582,0
QF_BV/Sage2/bench_13313.smt2,Yices2,1,9.630554917966947,9.617416891967878,,0.013138,0
QF_BV/uclid/catchconv/convert-jpg2gif-query-1493.smt2,Yices2,1,0.34058173216180876,0.27169120917096734,,0.068891,0
QF_BV/uclid/catchconv/convert-jpg2gif-query-1473.smt2,Yices2,1,0.41448216582648456,0.34910909784957767,,0.065373,0
QF_BV/sage/app7/bench_46.smt2,Yices2,1,0.6528401628602296,0.46516073984093964,,0.187679,0
QF_BV/20221012-MCMPC/millionaires/millionaires.t1.i7.fdee9799.smt2,Bitwuzla,1,0.25462597189471126,0.25218540988862514,,0.002441,0
QF_BV/Sage2/bench_13013.smt2,Yices2,1,0.5092255740892142,0.35695821908302605,,0.152267,0
QF_BV/20221012-MCMPC/wage/wage.t1.i33.e282d06f.smt2,Bitwuzla,1,0.2666532989824191,0.2653972120024264,,0.001256,0
QF_BV/mcm/84.smt2,Bitwuzla,1,21.498063120176084,21.49094422417693,,0.007119,0
QF_BV/20221012-MCMPC/dualexecution_affine/dualexecution.t1.i15.04178108.smt2,Yices2,1,0.36720317689469084,0.28594448789954185,,0.081259,0
QF_BV/bmc-bv-svcomp14/gcd_2_true.c.17.smt2,STP,1,1.258469364081975,1.2569389890413731,,0.001530,0
QF_BV/20221012-MCMPC/dualexecution_affine/dualexecution.t1.i15.dbc690d3.smt2,Yices2,1,0.3879231492173858,0.2969719162210822,,0.090951,0
QF_BV/20221012-MCMPC/mean_buckets/mean_buckets.t1.i10.c10440a1.smt2,STP,1,0.3640453210682608,0.3606263850815594,,0.003419,0
QF_BV/log-slicing/bvshl_0877.smt2,STP,1,10.43865069898311,10.43607095698826,,0.002580,0
QF_BV/20210219-Sydr/master/yices/predicate_1110.smt2,STP,1,0.39586907206103206,0.36868684203363955,,0.027182,0
QF_BV/Sage2/bench_6222.smt2,STP,1,0.4902271921164356,0.482078931061551,,0.008148,0
QF_BV/20221012-MCMPC/millionaires/millionaires.t1.i25.7f730766.smt2,STP,1,0.2530424940632656,0.2517508410383016,,0.001292,0
QF_BV/sage/app11/bench_272.smt2,Yices2,1,0.38281046494375914,0.3069322919473052,,0.075878,0
QF_BV/20190311-bv-term-small-rw-Noetzli/bv-term-small-rw_1081.smt2,STP,1,0.24839333997806534,0.2479683579877019,,0.000425,0
QF_BV/Sage2/bench_10944.smt2,Yices2,1,0.3312867550412193,0.2819949530530721,,0.049292,0
QF_BV/sage/app1/bench_304.smt2,Bitwuzla,1,0.2347115858574398,0.23114048689603806,,0.003571,0
QF_BV/float/mult2.c.20.smt2,Yices2,1,1.912793631956447,1.9000708209350705,,0.012723,0
QF_BV/Sage2/bench_11367.smt2,STP,1,0.3136285398504697,0.30789153883233666,,0.005737,0
QF_BV/spear/samba_v3.0.24/bin_libsmbsharemodes_vc6228.smt2,Yices2,1,0.8781732539064251,0.8636660289485008,,0.014507,0
QF_BV/sage/app1/bench_177.smt2,Bitwuzla,1,0.5777408570284024,0.5739930500276387,,0.003748,0
QF_BV/20210219-Sydr/master/cjpeg/predicate_1897.smt2,Yices2,1,0.6171540510840714,0.5848448420874774,,0.032309,0
QF_BV/spear/samba_v3.0.24/bin_libsmbsharemodes_vc7071.smt2,Bitwuzla,1,0.7092285139369778,0.700145052978769,,0.009083,0
QF_BV/sage/app7/bench_5447.smt2,Yices2,1,0.6812117741210386,0.4822122131008655,,0.199000,0
QF_BV/sage/app7/bench_7613.smt2,Yices2,1,0.6585467761033215,0.47074529412202537,,0.187801,0
QF_BV/sage/app7/bench_2012.smt2,Yices2,1,0.35514285607496276,0.296243007062003,,0.058900,0
QF_BV/brummayerbiere3/minxorminand128.smt2,STP,0,1200.0,1201.236064893892,,0.018669,0
QF_BV/Sage2/bench_12213.smt2,STP,1,1.6828374110045843,1.67884873598814,,0.003989,0
QF_BV/Sage2/bench_14282.smt2,STP,1,0.2914775380631909,0.2840725870337337,,0.007405,0
QF_BV/bruttomesso/core/ext_con_052_002_0256.smt2,STP,1,1.4985721950652078,1.4968946550507098,,0.001678,0
QF_BV/sage/app12/bench_2148.smt2,STP,1,0.3845795068773441,0.3827927438542247,,0.001787,0
QF_BV/sage/app11/bench_605.smt2,Yices2,1,0.40372490999288857,0.32782184099778533,,0.075903,0
QF_BV/Sage2/bench_1234.smt2,STP,1,22.792629100149497,22.790475834161043,,0.002153,0
QF_BV/sage/app7/bench_1221.smt2,Yices2,1,0.46543938893591985,0.3469181819818914,,0.118521,0
QF_BV/Sage2/bench_6358.smt2,STP,1,5.327362080104649,5.325125723145902,,0.002236,0
QF_BV/Sage2/bench_11854.smt2,Bitwuzla,1,0.4769470960018225,0.4557237019762397,,0.021223,0
QF_BV/20210312-Bouvier/vlsat3_g21.smt2,Bitwuzla,1,19.756005316157825,19.62596318917349,,0.130042,0
QF_BV/20221012-MCMPC/millionaires/millionaires.t1.i11.f44fab08.smt2,STP,1,0.22514991293428466,0.22378093795850873,,0.001369,0
QF_BV/asp/ConnectedDominatingSet/rand_40_200_1235844018_0_k=5_sat.gph.smt2,Yices2,1,0.45602099812822416,0.4484106721356511,,0.007610,0
QF_BV/sage/app9/bench_2962.smt2,Bitwuzla,1,0.4366549368132837,0.43297225679270923,,0.003683,0
QF_BV/uclid/catchconv/convert-jpg2gif-query-1221.smt2,Yices2,1,0.2941001991275698,0.24784708814695477,,0.046253,0
QF_BV/sage/app7/bench_469.smt2,Yices2,1,0.5401306900312193,0.3608500990085304,,0.179281,0
QF_BV/sage/app11/bench_78.smt2,Yices2,1,0.37619910709327087,0.3002699790522456,,0.075929,0
QF_BV/20190311-bv-term-small-rw-Noetzli/bv-term-small-rw_85.smt2,STP,1,0.2196873031789437,0.21916632517240942,,0.000521,0
QF_BV/20221012-MCMPC/dualexecution_affine/dualexecution_affine.t1.i9.2484a2b0.smt2,Yices2,1,0.3450773621443659,0.27285635913722217,,0.072221,0
QF_BV/20210219-Sydr/symbolic_memory/bst/readelf/predicate_2077.smt2,STP,1,0.32866729696979746,0.32739455392584205,,0.001273,0
QF_BV/Sage2/bench_13590.smt2,STP,1,0.30352946498896927,0.29830245999619365,,0.005227,0
QF_BV/20221012-MCMPC/millionaires/millionaires.t1.i39.1a4bede8.smt2,Yices2,1,0.22031082003377378,0.21799501799978316,,0.002316,0
QF_BV/20210219-Sydr/symbolic_memory/linear/readelf/predicate_2473.smt2,Yices2,1,1.5208158380701207,1.3617755800951272,,0.159040,0
QF_BV/Sage2/bench_2796.smt2,Yices2,1,1.0527765331789851,0.9812387181445956,,0.071538,0
QF_BV/Sage2/bench_6538.smt2,Yices2,1,0.3343037339509465,0.3197587509639561,,0.014545,0
QF_BV/Sage2/bench_13854.smt2,STP,1,0.2493687840178609,0.24704810604453087,,0.002321,0
QF_BV/sage/app2/bench_1.smt2,Yices2,1,0.2767666710424237,0.2558530850801617,,0.020914,0
QF_BV/20221012-MCMPC/millionaires/millionaires.t1.i64.d862f780.smt2,Yices2,1,0.21410256606759503,0.21221797005273402,,0.001885,0
QF_BV/Sage2/bench_12327.smt2,Bitwuzla,1,5.667004676943179,5.234739772975445,,0.432265,0
QF_BV/sage/app12/bench_1603.smt2,Yices2,1,0.2304552408750169,0.2262845179066062,,0.004171,0
QF_BV/Sage2/bench_15522.smt2,STP,1,0.6201559999608435,0.611139619955793,,0.009016,0
QF_BV/log-slicing/bvmul_18.smt2,STP,0,1200.0,1201.225903644925,,0.001345,0
QF_BV/20221012-MCMPC/millionaires/millionaires.t2.i63.ce1ffb23.smt2,Yices2,1,0.21986117598135024,0.2169090409297496,,0.002952,0
QF_BV/Sage2/bench_13665.smt2,Yices2,1,6.756042536115274,6.66806294512935,,0.087980,0
QF_BV/Sage2/bench_1095.smt2,Yices2,1,0.6943859491148032,0.43110395409166813,,0.263282,0
QF_BV/asp/Solitaire/solitaire-center-time=32.smt2,STP,0,1200.0,1201.2575321588665,,0.093549,0
QF_BV/Sage2/bench_9452.smt2,Yices2,1,0.8597187249688432,0.8423439830075949,,0.017375,0
QF_BV/Sage2/bench_16659.smt2,Bitwuzla,1,1.2328004980809055,1.1994514050893486,,0.033349,0
QF_BV/Sage2/bench_16471.smt2,Yices2,1,0.6202361780451611,0.4854430570267141,,0.134793,0
QF_BV/uclid/catchconv/convert-jpg2gif-query-1149.smt2,Yices2,1,0.2853827830404043,0.2491865020710975,,0.036196,0
QF_BV/asp/BlockedNQueens/156.48.1960.36.1721326070.dat.smt2,Yices2,1,4.8393367700628005,4.81011884403415,,0.029218,0
QF_BV/sage/app11/bench_136.smt2,Yices2,1,0.37785911810351536,0.3024719241075218,,0.075387,0
QF_BV/20221012-MCMPC/simplemean_buckets/simplemean_buckets.t1.i25.75b3bf76.smt2,STP,1,0.3313376399455592,0.328622821951285,,0.002715,0
QF_BV/Sage2/bench_1390.smt2,STP,1,10.04874041682342,10.046949308831245,,0.001791,0
QF_BV/spear/samba_v3.0.24/bin_libsmbclient_vc1225669.smt2,Bitwuzla,1,0.5625577080063522,0.5521541549824178,,0.010404,0
QF_BV/20221012-MCMPC/millionaires/millionaires.t1.i4.e35f6132.smt2,Bitwuzla,1,0.2583857388817705,0.2554029868915677,,0.002983,0
QF_BV/sage/app12/bench_1614.smt2,Yices2,1,0.2533998130238615,0.24933966505341232,,0.004060,0
QF_BV/sage/app8/bench_216.smt2,Bitwuzla,1,0.41723966994322836,0.4136762919370085,,0.003563,0
QF_BV/Sage2/bench_2085.smt2,STP,1,9.912019154930022,9.910027493955567,,0.001992,0
QF_BV/Sage2/bench_4895.smt2,STP,1,10.002666450105608,10.000976435141638,,0.001690,0
QF_BV/20221012-MCMPC/millionaires/millionaires.t1.i7.3b593c9c.smt2,Bitwuzla,1,0.26435541914543137,0.2621086351573467,,0.002247,0
QF_BV/Sage2/bench_12869.smt2,Yices2,1,0.6389771809917875,0.4435916510410607,,0.195386,0
QF_BV/Sage2/bench_2164.smt2,STP,1,1.9236051320331171,1.9187852530740201,,0.004820,0
QF_BV/Sage2/bench_4989.smt2,STP,1,0.27767801604932174,0.2655888700392097,,0.012089,0
QF_BV/sage/app7/bench_1456.smt2,Yices2,1,0.4098970129271038,0.3200221669394523,,0.089875,0
QF_BV/sage/app7/bench_2214.smt2,Yices2,1,0.30053632985800505,0.2507888008840382,,0.049748,0
QF_BV/Sage2/bench_3941.smt2,Yices2,1,0.46395166986621916,0.37867797282524407,,0.085274,0
QF_BV/sage/app7/bench_76.smt2,Yices2,1,0.6491725381347351,0.46315706614404917,,0.186015,0
QF_BV/Sage2/bench_7873.smt2,STP,1,0.2678493708372116,0.26355698984116316,,0.004292,0
QF_BV/Sage2/bench_3570.smt2,Yices2,1,1.8315039779990911,1.7622934579849243,,0.069211,0
QF_BV/Sage2/bench_10314.smt2,STP,1,0.22880972392158583,0.2271684049628675,,0.001641,0
QF_BV/Sage2/bench_5242.smt2,STP,1,0.23342694604070857,0.2313809220213443,,0.002046,0
QF_BV/sage/app7/bench_2814.smt2,Yices2,1,0.6594871439738199,0.41588660096749663,,0.243601,0
QF_BV/20221012-MCMPC/mean_buckets/mean_buckets.t1.i7.d9faf5ca.smt2,STP,1,0.34416401910129935,0.34035178809426725,,0.003812,0
QF_BV/20221012-MCMPC/dualexecution/dualexecution.t1.i4.a5a277eb.smt2,Yices2,1,0.47842851595487446,0.3319222619757056,,0.146506,0
QF_BV/Sage2/bench_12799.smt2,Bitwuzla,1,0.5215934679144993,0.5067859839182347,,0.014807,0
QF_BV/sage/app1/bench_2393.smt2,Bitwuzla,1,0.24385042604990304,0.23959180200472474,,0.004259,0
QF_BV/sage/app7/bench_1884.smt2,Yices2,1,0.3385263950913213,0.27564416406676173,,0.062882,0
QF_BV/bruttomesso/core/ext_con_044_002_0128.smt2,STP,1,0.6171427427907474,0.6156506577972323,,0.001492,0
QF_BV/Sage2/bench_10353.smt2,Yices2,1,1.812431204947643,1.4606925069820136,,0.351739,0
QF_BV/sage/app7/bench_1665.smt2,Yices2,1,0.38622192409820855,0.30064883013255894,,0.085573,0
QF_BV/asp/Sudoku/sudoku.in3.smt2,STP,1,351.36046513408655,350.8109963880852,,0.549469,0
QF_BV/Sage2/bench_1650.smt2,STP,1,21.290720374090597,21.289293487090617,,0.001427,0
QF_BV/sage/app7/bench_1773.smt2,Yices2,1,0.33694078790722415,0.2664971388876438,,0.070444,0
QF_BV/20221012-MCMPC/mean_buckets/mean_buckets.t1.i26.116e05de.smt2,STP,1,0.32463518995791674,0.3222272179555148,,0.002408,0
QF_BV/20221012-MCMPC/mean_buckets/mean_buckets.t1.i8.ed6c3a33.smt2,STP,1,0.37530972802778706,0.37159687001258135,,0.003713,0
QF_BV/spear/samba_v3.0.24/bin_libsmbsharemodes_vc5761.smt2,Bitwuzla,1,0.6893955539562739,0.6744280839338899,,0.014967,0
QF_BV/20221012-MCMPC/millionaires/millionaires.t1.i42.619d78af.smt2,Yices2,1,0.22378818498691544,0.22062877798452973,,0.003159,0
QF_BV/Sage2/bench_2670.smt2,Yices2,1,0.7566968490718864,0.4864998650737107,,0.270197,0
QF_BV/sage/app7/bench_181.smt2,Yices2,1,0.8011249838746153,0.5574095828924328,,0.243715,0
QF_BV/20221012-MCMPC/mean_buckets/mean_buckets.t1.i14.b5afe3f8.smt2,STP,1,0.34154588606907055,0.3383304451126605,,0.003215,0
QF_BV/sage/app12/bench_5373.smt2,Yices2,1,0.28200861799996346,0.27829664503224194,,0.003712,0
QF_BV/20221012-MCMPC/wage/wage.t1.i36.ef0beb36.smt2,Bitwuzla,1,0.26869807788170874,0.2673449518624693,,0.001353,0
QF_BV/20210219-Sydr/master/cjpeg/predicate_1443.smt2,Yices2,1,0.5437245610519312,0.5192334060557187,,0.024491,0
QF_BV/Sage2/bench_3736.smt2,Yices2,1,0.5541919629904442,0.4506800619419664,,0.103512,0
QF_BV/spear/samba_v3.0.24/bin_eventlogadm_vc344885.smt2,Yices2,1,1.1070122179808095,1.0745994499884546,,0.032413,0
QF_BV/spear/samba_v3.0.24/bin_libsmbclient_vc1225247.smt2,Bitwuzla,1,0.581396160996519,0.5720621349755675,,0.009334,0
QF_BV/spear/inn_v2.4.3/nnrpd_nnrpd_vc20428.smt2,Bitwuzla,1,0.48932961223181337,0.48657856322824955,,0.002751,0
QF_BV/Sage2/bench_13861.smt2,STP,1,0.23620167415356264,0.2317615421488881,,0.004440,0
QF_BV/spear/samba_v3.0.24/bin_libsmbsharemodes_vc7086.smt2,Bitwuzla,1,0.6731997581664473,0.6639535841532052,,0.009246,0
QF_BV/Sage2/bench_3249.smt2,STP,1,1.4045224519213662,1.4030377469025552,,0.001485,0
QF_BV/sage/app7/bench_7657.smt2,Yices2,1,0.661599082115572,0.47579567809589207,,0.185803,0
QF_BV/bruttomesso/core/ext_con_056_032_0256.smt2,cvc5,1,1.912493163777981,1.8934521228075027,,0.019041,0
QF_BV/float/div.c.10.smt2,Yices2,1,0.6133041378343478,0.6042111048009247,,0.009093,0
QF_BV/asp/SchurNumbers/20.10.schur.lp.smt2,Yices2,1,0.685590431035962,0.6033918890170753,,0.082199,0
QF_BV/Sage2/bench_9796.smt2,Yices2,1,0.9572858028695919,0.8916297568939626,,0.065656,0
QF_BV/sage/app1/bench_836.smt2,Yices2,1,0.8259166400530376,0.8204681810457259,,0.005448,0
QF_BV/Sage2/bench_16707.smt2,Bitwuzla,1,4.606150502106175,4.599471718072891,,0.006679,0
QF_BV/20230221-oisc-gurtner/SRAI-SAFE-112-1024.smt2,STP,1,764.6705662380555,764.5330632210243,,0.137503,0
QF_BV/20221012-MCMPC/millionaires/millionaires.t1.i16.bda3e2b1.smt2,Bitwuzla,1,0.24880065908655524,0.24657106609083712,,0.002230,0
QF_BV/20210312-Bouvier/vlsat3_g66.smt2,STP,1,8.007436230836902,7.944867686834186,,0.062569,0
QF_BV/Sage2/bench_17891.smt2,Yices2,1,0.5159215399762616,0.42055926797911525,,0.095362,0
QF_BV/sage/app11/bench_349.smt2,Yices2,1,0.37730614020256326,0.30122846318408847,,0.076078,0
QF_BV/RWS/Example_7.txt.smt2,Yices2,1,4.809814782987814,4.806247228989378,,0.003568,0
QF_BV/asp/Fastfood/a7.3.3.tweaked.3.asp.smt2,Yices2,1,4.860094218165614,4.661607134155929,,0.198487,0
QF_BV/sage/app1/bench_240.smt2,STP,1,0.22248681588098407,0.22177574690431356,,0.000711,0
QF_BV/sage/app7/bench_696.smt2,Yices2,1,0.5186468390747905,0.3490451560355723,,0.169602,0
QF_BV/20221012-MCMPC/millionaires/millionaires.t1.i29.1449d281.smt2,Yices2,1,0.2185463320929557,0.21621250710450113,,0.002334,0
QF_BV/Sage2/bench_13547.smt2,STP,1,1.863347495906055,1.8241363998968154,,0.039211,0
QF_BV/20190311-bv-term-small-rw-Noetzli/bv-term-small-rw_86.smt2,STP,1,0.21460790507262573,0.2142174660693854,,0.000390,0
QF_BV/spear/samba_v3.0.24/bin_libsmbclient_vc1225684.smt2,Yices2,1,0.5844204950262792,0.5712620760314167,,0.013158,0
QF_BV/Sage2/bench_6171.smt2,STP,1,26.523842500988394,26.521485622040927,,0.002357,0
QF_BV/sage/app7/bench_1398.smt2,Yices2,1,0.37542111601214856,0.28628502599895,,0.089136,0
QF_BV/20221012-MCMPC/millionaires/millionaires.t1.i59.72736ab2.smt2,Yices2,1,0.21368944400455803,0.2117722569964826,,0.001917,0
QF_BV/sage/app11/bench_435.smt2,Yices2,1,0.4182463749893941,0.341704451944679,,0.076542,0
QF_BV/Sage2/bench_5677.smt2,STP,1,0.22446794220013544,0.22307392419315875,,0.001394,0
QF_BV/sage/app7/bench_183.smt2,Yices2,1,0.643563337973319,0.46045923698693514,,0.183104,0
QF_BV/20221012-MCMPC/millionaires/millionaires.t4.i50.c41b2985.smt2,Yices2,1,0.22245452203787863,0.21798818302340806,,0.004466,0
QF_BV/sage/app7/bench_2153.smt2,Yices2,1,0.2995892099570483,0.2508290749974549,,0.048760,0
QF_BV/uclid/catchconv/convert-jpg2gif-query-1143.smt2,Yices2,1,0.2825780848506838,0.24768173787742853,,0.034896,0
QF_BV/20230221-oisc-gurtner/SRL-SAFE-16-1024.smt2,Yices2,1,45.47033148515038,45.38344033714384,,0.086891,0
QF_BV/Sage2/bench_8567.smt2,Yices2,1,0.9622180740116164,0.6833607109729201,,0.278857,0
QF_BV/bruttomesso/core/ext_con_024_016_1024.smt2,STP,1,2.8046052459976636,2.8000174229964614,,0.004588,0
QF_BV/20221012-MCMPC/millionaires/millionaires.t1.i14.94b55cdd.smt2,Bitwuzla,1,0.2544562180992216,0.2520846740808338,,0.002372,0
QF_BV/20221012-MCMPC/millionaires/millionaires.t1.i56.70fe0559.smt2,Yices2,1,0.21581127308309078,0.21392043610103428,,0.001891,0
QF_BV/Sage2/bench_4190.smt2,Bitwuzla,1,3.0035698509891517,2.6165569690056145,,0.387013,0
QF_BV/Sage2/bench_2056.smt2,STP,1,0.23850785387912765,0.23704529087990522,,0.001463,0
QF_BV/Sage2/bench_10111.smt2,STP,1,17.92253022803925,17.920506834052503,,0.002023,0
QF_BV/spear/inn_v2.4.3/nnrpd_nnrpd_vc20411.smt2,Bitwuzla,1,0.4229097148636356,0.4203654988668859,,0.002544,0
QF_BV/uclid/catchconv/convert-jpg2gif-query-1486.smt2,Yices2,1,0.43046972493175417,0.3616673059295863,,0.068802,0
QF_BV/Sage2/bench_6832.smt2,Yices2,1,3.2204013580922037,3.05433531710878,,0.166066,0
QF_BV/20221012-MCMPC/millionaires/millionaires.t1.i9.1bb15ac1.smt2,Bitwuzla,1,0.26245163701241836,0.26015670504420996,,0.002295,0
QF_BV/Sage2/bench_2699.smt2,STP,1,0.640455802960787,0.6391995109152049,,0.001256,0
QF_BV/Sage2/bench_14472.smt2,Yices2,1,0.871218758111354,0.8384971250779927,,0.032722,0
QF_BV/sage/app7/bench_263.smt2,Yices2,1,0.6860324099543504,0.49535569292493165,,0.190677,0
QF_BV/20221012-MCMPC/millionaires/millionaires.t1.i39.15046e17.smt2,Yices2,1,0.2153447360615246,0.2131325660739094,,0.002212,0
QF_BV/sage/app11/bench_493.smt2,Yices2,1,0.4032046250067651,0.3269671630114317,,0.076237,0
QF_BV/asp/SchurNumbers/20.7.schur.lp.smt2,Yices2,1,1.6114965330343693,1.5280831090640277,,0.083413,0
QF_BV/Sage2/bench_1015.smt2,Bitwuzla,1,0.5721903039957397,0.5692569899838418,,0.002933,0
QF_BV/Sage2/bench_8514.smt2,Yices2,1,0.46769853302976117,0.3697297170292586,,0.097969,0
QF_BV/asp/Sudoku/sudoku.in5.smt2,STP,1,292.20056991197634,291.63705394696444,,0.563516,0
QF_BV/sage/app7/bench_4470.smt2,Yices2,1,0.5849288398167118,0.3825489208102226,,0.202380,0
QF_BV/sage/app7/bench_8519.smt2,Yices2,1,0.7430911830742843,0.5558908630628139,,0.187200,0
QF_BV/Sage2/bench_7730.smt2,Yices2,1,3.891241241944954,3.5175862149335444,,0.373655,0
QF_BV/sage/app7/bench_1657.smt2,Yices2,1,0.36728356895036995,0.28258290491066873,,0.084701,0
QF_BV/Sage2/bench_13137.smt2,Yices2,1,0.511444475792814,0.40031868079677224,,0.111126,0
QF_BV/float/newton.7.3.i.smt2,Bitwuzla,1,134.1087670349516,134.0745493839495,,0.034218,0
QF_BV/spear/samba_v3.0.24/bin_libsmbsharemodes_vc6197.smt2,Yices2,1,1.342302961857058,1.3282418148592114,,0.014061,0
QF_BV/sage/app11/bench_573.smt2,Yices2,1,0.3851252099266276,0.3073291329201311,,0.077796,0
QF_BV/Sage2/bench_17023.smt2,Bitwuzla,1,0.3123468110570684,0.31010277406312525,,0.002244,0
QF_BV/bruttomesso/core/ext_con_024_001_1024.smt2,STP,1,1.5087929810397327,1.5079057370312512,,0.000887,0
QF_BV/sage/app7/bench_1348.smt2,Yices2,1,0.7984547880478203,0.5441248340066522,,0.254330,0
QF_BV/20221012-MCMPC/dualexecution_affine/dualexecution_affine.t1.i10.f2c7dc73.smt2,Yices2,1,0.30998442199779674,0.27489943499676883,,0.035085,0
QF_BV/Sage2/bench_13361.smt2,STP,1,1.610296000901144,1.5972092999145389,,0.013087,0
QF_BV/20221012-MCMPC/millionaires/millionaires.t1.i16.67008862.smt2,Bitwuzla,1,0.2582563399337232,0.2559799919836223,,0.002276,0
QF_BV/Sage2/bench_12511.smt2,STP,1,0.2866949501330964,0.2809361261315644,,0.005759,0
QF_BV/Sage2/bench_4392.smt2,Bitwuzla,1,1.3231884721317329,1.3035327361430973,,0.019656,0
QF_BV/Sage2/bench_11058.smt2,STP,1,45.26925705099711,45.26567272399552,,0.003584,0
QF_BV/sage/app7/bench_90.smt2,Yices2,1,0.6519783059484325,0.46001221099868417,,0.191966,0
QF_BV/sage/app2/bench_618.smt2,Yices2,1,0.2716239459696226,0.2586763999424875,,0.012948,0
QF_BV/Sage2/bench_16183.smt2,Bitwuzla,1,0.2767928799148649,0.2738872799091041,,0.002906,0
QF_BV/spear/samba_v3.0.24/bin_libsmbsharemodes_vc5744.smt2,Bitwuzla,1,0.9250841239700094,0.9079013899900019,,0.017183,0
QF_BV/Sage2/bench_12191.smt2,STP,1,0.33550053503131494,0.33126967400312424,,0.004231,0
QF_BV/sage/app1/bench_2214.smt2,Yices2,1,0.21900751488283277,0.21755439089611173,,0.001453,0
QF_BV/Sage2/bench_16458.smt2,STP,1,0.2683735230239108,0.26539971702732146,,0.002974,0
QF_BV/asp/HamiltonianPath/gryzzles.2.lp.smt2,Yices2,1,0.908724331879057,0.8913543568924069,,0.017370,0
QF_BV/Sage2/bench_15386.smt2,STP,1,0.3344764699577354,0.3285688429605216,,0.005908,0
QF_BV/asp/Solitaire/solitaire-edge-time=31.smt2,STP,0,1200.0,1201.231610354036,,0.093450,0
QF_BV/float/mul_03_30_1.smt2,Yices2,1,3.612393693998456,3.6061408850364387,,0.006253,0
QF_BV/20221012-MCMPC/millionaires/millionaires.t1.i36.d45b3b8c.smt2,Yices2,1,0.2194480019970797,0.21726995497010648,,0.002178,0
QF_BV/20230221-oisc-gurtner/SRAI-SAFE-96-1024.smt2,STP,1,301.7756496700458,301.6380288200453,,0.137621,0
QF_BV/Sage2/bench_7807.smt2,STP,1,0.23079812695505098,0.2285074689425528,,0.002291,0
QF_BV/sage/app7/bench_257.smt2,Yices2,1,0.7157526200753637,0.5308102481067181,,0.184942,0
QF_BV/Sage2/bench_13105.smt2,Yices2,1,0.6053366160485893,0.39317935705184937,,0.212157,0
QF_BV/20221012-MCMPC/millionaires/millionaires.t4.i64.1b5dfc73.smt2,Yices2,1,0.22053274017525837,0.21602781116962433,,0.004505,0
QF_BV/20221214-p4dfa-XiaoqiChen/StringMatching/string4x8.1._bit8_na6_nr3_paired.smt2,Yices2,0,1200.0,1201.2729375059716,,0.112597,0
QF_BV/Sage2/bench_3079.smt2,STP,1,23.27298759209225,23.271397011121735,,0.001591,0
QF_BV/20221012-MCMPC/millionaires/millionaires.t1.i32.20d1ce0b.smt2,Yices2,1,0.2192633820232004,0.21699046902358532,,0.002273,0
QF_BV/Sage2/bench_14215.smt2,Yices2,1,0.24384962214389816,0.2364195161499083,,0.007430,0
QF_BV/spear/samba_v3.0.24/bin_eventlogadm_vc331220.smt2,Yices2,1,1.228583361953497,1.2046489999629557,,0.023934,0
QF_BV/Sage2/bench_13943.smt2,STP,1,0.3371222550049424,0.330587764037773,,0.006534,0
QF_BV/20210219-Sydr/symbolic_memory/linear/minigzip/predicate_620.smt2,Yices2,1,1.1587961429031566,1.0039761709049344,,0.154820,0
QF_BV/Sage2/bench_6158.smt2,STP,1,32.440352755831555,32.43798603885807,,0.002367,0
QF_BV/bruttomesso/core/ext_con_048_032_0256.smt2,cvc5,1,1.7415766909834929,1.7241214090026915,,0.017455,0
QF_BV/Sage2/bench_2089.smt2,Yices2,1,0.7610394360963255,0.6814304240979254,,0.079609,0
QF_BV/Sage2/bench_12721.smt2,Yices2,1,0.49241695599630475,0.37866816902533174,,0.113749,0
QF_BV/20221012-MCMPC/millionaires/millionaires.t1.i29.552e4007.smt2,Yices2,1,0.21927415597019717,0.21712446096353233,,0.002150,0
QF_BV/Sage2/bench_8122.smt2,Bitwuzla,1,0.4344332898617722,0.4213148788549006,,0.013118,0
QF_BV/20190311-bv-term-small-rw-Noetzli/bv-term-small-rw_1438.smt2,STP,1,0.2181063971365802,0.21766113815829158,,0.000445,0
QF_BV/spear/samba_v3.0.24/bin_eventlogadm_vc352367.smt2,Yices2,1,1.8442903319955803,1.804635362001136,,0.039655,0
QF_BV/uclid/catchconv/convert-jpg2gif-query-1410.smt2,Yices2,1,0.33107123005902395,0.2740214830264449,,0.057050,0
QF_BV/sage/app7/bench_4814.smt2,Yices2,1,0.6857896450674161,0.48438571905717254,,0.201404,0
QF_BV/sage/app1/bench_322.smt2,Bitwuzla,1,0.39497551997192204,0.39132499299012125,,0.003651,0
QF_BV/20221012-MCMPC/millionaires/millionaires.t1.i11.0d01a471.smt2,Bitwuzla,1,0.2526901538367383,0.25046862685121596,,0.002222,0
QF_BV/20210312-Bouvier/vlsat3_a39.smt2,STP,1,144.98945547896437,144.98698347900063,,0.002472,0
QF_BV/Sage2/bench_9910.smt2,STP,1,0.5208282931125723,0.5172351431101561,,0.003593,0
QF_BV/sage/app11/bench_69.smt2,Yices2,1,0.37778479780536145,0.301189785823226,,0.076595,0
QF_BV/Sage2/bench_3577.smt2,Yices2,1,2.203741177043412,1.873313209041953,,0.330428,0
QF_BV/20221012-MCMPC/millionaires/millionaires.t1.i11.a91d5fd9.smt2,STP,1,0.2266143278684467,0.22524311789311469,,0.001371,0
QF_BV/sage/app7/bench_4114.smt2,Yices2,1,0.6916705960175022,0.48768754000775516,,0.203983,0
QF_BV/20190311-bv-term-small-rw-Noetzli/bv-term-small-rw_1105.smt2,STP,1,9.05344396783039,9.053048940841109,,0.000395,0
QF_BV/spear/samba_v3.0.24/bin_libmsrpc_vc1225304.smt2,Bitwuzla,1,1.1746083871694282,1.1591823061462492,,0.015426,0
QF_BV/Sage2/bench_2695.smt2,Yices2,1,5.499037377128843,5.387063285103068,,0.111974,0
QF_BV/20221012-MCMPC/millionaires/millionaires.t1.i18.55e5172f.smt2,STP,1,0.22655464109266177,0.22504914412274957,,0.001505,0
QF_BV/uclid/catchconv/convert-jpg2gif-query-1202.smt2,Yices2,1,0.3089696019887924,0.2643743599765003,,0.044595,0
QF_BV/20221012-MCMPC/dualexecution_affine/dualexecution_affine.t1.i12.241b8ba8.smt2,Yices2,1,0.3042168559622951,0.25697347498498857,,0.047243,0
QF_BV/20221012-MCMPC/millionaires/millionaires.t1.i57.c0f90337.smt2,Yices2,1,0.22989275289000943,0.22788041085004807,,0.002012,0
QF_BV/Sage2/bench_5673.smt2,STP,1,25.54283085296629,25.54098928696476,,0.001842,0
QF_BV/Sage2/bench_15871.smt2,STP,1,0.6124659600900486,0.6087845470756292,,0.003681,0
QF_BV/20190311-bv-term-small-rw-Noetzli/bv-term-small-rw_1457.smt2,STP,1,0.44120949984062463,0.4407411478459835,,0.000468,0
QF_BV/sage/app7/bench_7380.smt2,Yices2,1,0.6650577889522538,0.47672771592624485,,0.188330,0
QF_BV/asp/MazeGeneration/maze-generation-width=12-height=12-density=0.01-run=1.smt2,Yices2,1,0.4637127999449149,0.4540658739861101,,0.009647,0
QF_BV/sage/app1/bench_663.smt2,STP,1,0.2338358399574645,0.2309515329543501,,0.002884,0
QF_BV/Sage2/bench_16468.smt2,Yices2,1,0.47302538115764037,0.38430283311754465,,0.088723,0
QF_BV/bruttomesso/core/ext_con_032_008_0032.smt2,STP,1,0.3465509210363962,0.3435038330499083,,0.003047,0
QF_BV/Sage2/bench_15090.smt2,STP,1,0.488013555877842,0.47849619085900486,,0.009517,0
QF_BV/Sage2/bench_1065.smt2,STP,1,32.34783864300698,32.34581515798345,,0.002023,0
QF_BV/20221012-MCMPC/millionaires/millionaires.t1.i11.f834e663.smt2,Bitwuzla,1,0.25326041114749387,0.2510380521416664,,0.002222,0
QF_BV/20210219-Sydr/symbolic_memory/linear/readelf/predicate_2494.smt2,Yices2,1,1.6048636540072039,1.4426346370019019,,0.162229,0
QF_BV/20221012-MCMPC/wage_circuit_div/wage_circuit_div.t1.i22.4568359f.smt2,STP,1,0.233983374084346,0.2324011051096022,,0.001582,0
QF_BV/20190311-bv-term-small-rw-Noetzli/bv-term-small-rw_622.smt2,STP,1,0.21503564197337255,0.21464767795987427,,0.000388,0
QF_BV/asp/TravellingSalesperson/rand_70_300_1155482584_12.lp.smt2,Yices2,1,16.12495069106808,16.087027623085305,,0.037923,0
QF_BV/20210219-Sydr/master/readelf/predicate_486.smt2,STP,1,0.27038671280024573,0.26895880582742393,,0.001428,0
QF_BV/Sage2/bench_14635.smt2,STP,1,0.22955651517258957,0.22815638920292258,,0.001400,0
QF_BV/sage/app9/bench_3038.smt2,STP,1,0.6658674310310744,0.6625231499783695,,0.003344,0
QF_BV/log-slicing/bvsub_22943.smt2,STP,1,1187.719007260166,1187.7185544411186,,0.000453,0
QF_BV/20210219-Sydr/symbolic_memory/linear/minigzip/predicate_655.smt2,Yices2,1,1.195398268115241,1.0338775371201336,,0.161521,0
QF_BV/sage/app7/bench_3213.smt2,Yices2,1,0.6602711230516434,0.41422405606135726,,0.246047,0
QF_BV/spear/inn_v2.4.3/innfeed_imapfeed_vc24627.smt2,Bitwuzla,1,0.4647907420876436,0.46274913009256124,,0.002042,0
QF_BV/bruttomesso/core/ext_con_052_002_1024.smt2,STP,1,5.218095734948292,5.216501900926232,,0.001594,0
QF_BV/20221012-MCMPC/mean_buckets/mean_buckets.t1.i32.0ec59707.smt2,Yices2,1,0.2553136409842409,0.24805441196076572,,0.007259,0
QF_BV/Sage2/bench_16157.smt2,Yices2,1,15.964412630943116,15.858413215959445,,0.105999,0
QF_BV/sage/app1/bench_2332.smt2,Bitwuzla,1,0.23882860492449254,0.23436168488115072,,0.004467,0
QF_BV/20210312-Bouvier/vlsat3_g25.smt2,STP,1,3.2974189871456474,3.2725496371276677,,0.024869,0
QF_BV/20210219-Sydr/master/yices/predicate_5893.smt2,STP,1,1.15481612511212,1.027439494151622,,0.127377,0
QF_BV/20221012-MCMPC/millionaires/millionaires.t1.i18.8af1af5b.smt2,Bitwuzla,1,0.25215867900988087,0.250026365974918,,0.002132,0
QF_BV/sage/app7/bench_5557.smt2,Yices2,1,0.7734385139192455,0.5267013139091432,,0.246737,0
QF_BV/Sage2/bench_4714.smt2,STP,1,0.23748910403810441,0.23551638703793287,,0.001973,0
QF_BV/20221012-MCMPC/millionaires/millionaires.t1.i22.8288399c.smt2,Bitwuzla,1,0.28382848598994315,0.28152276296168566,,0.002306,0
QF_BV/bruttomesso/lfsr/lfsr_004_159_080.smt2,STP,1,8.30009119695751,8.29621891095303,,0.003872,0
QF_BV/brummayerbiere/nextpoweroftwo512.smt2,STP,1,14.598769325064495,14.588604015065357,,0.010165,0
QF_BV/sage/app7/bench_2081.smt2,Yices2,1,0.30536824581213295,0.2537030838429928,,0.051665,0
QF_BV/20221012-MCMPC/dualexecution_affine/dualexecution_affine.t1.i7.68af19fd.smt2,Yices2,1,0.5423238229122944,0.37066068686544895,,0.171663,0
QF_BV/Sage2/bench_36.smt2,Yices2,1,0.6143663770053536,0.41715087601915,,0.197216,0
QF_BV/float/test_v7_r17_vr1_c1_s23882.smt2,Yices2,1,84.30347893713042,84.17216928116977,,0.131310,0
QF_BV/20221012-MCMPC/wage_circuit_div/wage_circuit_div.t1.i30.bff6498c.smt2,STP,1,0.256710278976243,0.25520012294873595,,0.001510,0
QF_BV/Sage2/bench_8399.smt2,Bitwuzla,1,1.75890605681343,1.7442609497811645,,0.014645,0
QF_BV/sage/app7/bench_674.smt2,Yices2,1,0.5249527060077526,0.35355729004368186,,0.171395,0
QF_BV/20221012-MCMPC/millionaires/millionaires.t1.i23.b093bfdb.smt2,Bitwuzla,1,0.26894290710333735,0.26674476312473416,,0.002198,0
QF_BV/spear/samba_v3.0.24/bin_eventlogadm_vc331245.smt2,Yices2,1,1.4054879429168068,1.3764710118994117,,0.029017,0
QF_BV/Sage2/bench_8649.smt2,Bitwuzla,1,5.1870845590601675,5.084018025081605,,0.103067,0
QF_BV/sage/app7/bench_425.smt2,Yices2,1,0.8001321119372733,0.5520640269387513,,0.248068,0
QF_BV/sage/app12/bench_3591.smt2,STP,1,0.39350751892197877,0.3919753988739103,,0.001532,0
QF_BV/Sage2/bench_15306.smt2,STP,1,0.9204429839737713,0.9036981440149248,,0.016745,0
QF_BV/Sage2/bench_17674.smt2,Yices2,1,1.6960044431034476,1.547308427048847,,0.148696,0
QF_BV/20221012-MCMPC/millionaires/millionaires.t1.i42.ba5a9654.smt2,Yices2,1,0.2207382529741153,0.21871884795837104,,0.002019,0
QF_BV/20221012-MCMPC/millionaires/millionaires.t1.i32.37c81373.smt2,Yices2,1,0.21619196882238612,0.21403179480694234,,0.002160,0
QF_BV/Sage2/bench_13533.smt2,STP,1,0.23311898985411972,0.23059040983207524,,0.002529,0
QF_BV/Sage2/bench_9110.smt2,STP,1,0.22711079189321026,0.22558159288018942,,0.001529,0
QF_BV/20210219-Sydr/master/cjpeg/predicate_2242.smt2,Yices2,1,0.5146012910990976,0.47717056912370026,,0.037431,0
QF_BV/20190311-bv-term-small-rw-Noetzli/bv-term-small-rw_391.smt2,STP,1,0.21475340088363737,0.21427281689830124,,0.000481,0
QF_BV/sage/app11/bench_142.smt2,Yices2,1,0.38001450686715543,0.30418952088803053,,0.075825,0
QF_BV/20221012-MCMPC/dualexecution_affine/dualexecution.t1.i15.b4a9e67c.smt2,Yices2,1,0.8640089148539118,0.5600128818769008,,0.303996,0
QF_BV/uclid/catchconv/convert-jpg2gif-query-1657.smt2,Yices2,1,0.42335737083340064,0.3372319608461112,,0.086125,0
QF_BV/20221012-MCMPC/millionaires/millionaires.t4.i28.6f285c86.smt2,Yices2,1,0.22179509815759957,0.2174826031550765,,0.004312,0
QF_BV/spear/samba_v3.0.24/bin_libsmbsharemodes_vc5848.smt2,Bitwuzla,1,0.6147189609473571,0.6047803519759327,,0.009939,0
QF_BV/sage/app7/bench_8491.smt2,Yices2,1,0.6473571209935471,0.462091265944764,,0.185266,0
QF_BV/spear/samba_v3.0.24/bin_libmsrpc_vc1228516.smt2,Yices2,1,1.1684734699665569,1.145583817968145,,0.022890,0
QF_BV/20221012-MCMPC/wage_circuit_div/wage_circuit_div.t1.i36.aeda6839.smt2,STP,1,0.2423672290169634,0.24100146000273526,,0.001366,0
QF_BV/sage/app11/bench_415.smt2,Yices2,1,0.3829716612235643,0.3081586651969701,,0.074813,0
QF_BV/20221012-MCMPC/millionaires/millionaires.t1.i32.67b0adfa.smt2,STP,1,0.21773318108171225,0.21659214608371258,,0.001141,0
QF_BV/sage/app1/bench_2151.smt2,Yices2,1,0.2228624460985884,0.22115768608637154,,0.001705,0
QF_BV/Sage2/bench_2984.smt2,STP,1,10.162130158918444,10.160571777960286,,0.001558,0
QF_BV/20221012-MCMPC/millionaires/millionaires.t1.i27.71e39139.smt2,STP,1,0.22212441498413682,0.2209724299609661,,0.001152,0
QF_BV/Sage2/bench_3974.smt2,Yices2,1,0.518624183954671,0.3878627179656178,,0.130761,0
QF_BV/log-slicing/bvshl_1460.smt2,STP,1,22.792795643152203,22.790001564193517,,0.002794,0
QF_BV/20221012-MCMPC/millionaires/millionaires.t1.i3.d0a1f678.smt2,STP,1,0.24192802689503878,0.240546187851578,,0.001382,0
QF_BV/20221012-MCMPC/millionaires/millionaires.t3.i58.cab3154c.smt2,Yices2,1,0.24373878195183352,0.24006640794686973,,0.003672,0
QF_BV/sage/app2/bench_627.smt2,Yices2,1,0.28062350110849366,0.26820382406003773,,0.012420,0
QF_BV/20221012-MCMPC/millionaires/millionaires.t1.i4.daa7ea72.smt2,Bitwuzla,1,0.24959439493250102,0.2474417849443853,,0.002153,0
QF_BV/Sage2/bench_11340.smt2,STP,1,0.23309812002116814,0.23070162604562938,,0.002396,0
QF_BV/20221012-MCMPC/millionaires/millionaires.t1.i54.dce7136f.smt2,Yices2,1,0.21649984701070935,0.21450276300311089,,0.001997,0
QF_BV/20221012-MCMPC/mean_buckets/mean_buckets.t1.i20.bc1fc6d1.smt2,STP,1,0.32248765195254236,0.31993978191167116,,0.002548,0
QF_BV/Sage2/bench_6774.smt2,Yices2,1,0.28233765688491985,0.24922498990781605,,0.033113,0
QF_BV/20190311-bv-term-small-rw-Noetzli/bv-term-small-rw_39.smt2,STP,1,0.21575884200865403,0.21528749400749803,,0.000471,0
QF_BV/Sage2/bench_9822.smt2,Yices2,1,1.2040154201094992,0.913179136114195,,0.290836,0
QF_BV/20221012-MCMPC/millionaires/millionaires.t1.i63.5ea69221.smt2,Yices2,1,0.2320205689757131,0.2301923769991845,,0.001828,0
QF_BV/sage/app1/bench_2342.smt2,Bitwuzla,1,0.24166111915837973,0.2371192101854831,,0.004542,0
QF_BV/Sage2/bench_14444.smt2,STP,1,0.3743725400418043,0.36332794604822993,,0.011045,0
QF_BV/spear/samba_v3.0.24/bin_libsmbsharemodes_vc6194.smt2,Yices2,1,0.6439591919188388,0.6328760469332337,,0.011083,0
QF_BV/Sage2/bench_5513.smt2,STP,1,11.864760063006543,11.862674206029624,,0.002086,0
QF_BV/sage/app7/bench_1247.smt2,Yices2,1,0.4078677799552679,0.29519576695747674,,0.112672,0
QF_BV/sage/app12/bench_1218.smt2,STP,1,0.4194127312512137,0.417351309210062,,0.002061,0
QF_BV/log-slicing/bvult_11982.smt2,STP,1,55.872448515030555,55.8702536970377,,0.002195,0
QF_BV/Sage2/bench_2237.smt2,Yices2,1,1.8048427519970573,1.7116558100096881,,0.093187,0
QF_BV/spear/inn_v2.4.3/innfeed_imapfeed_vc25248.smt2,Bitwuzla,1,0.5784833460347727,0.5764673310332,,0.002016,0
QF_BV/asp/GeneralizedSlitherlink/altair1.20.asp.smt2,Yices2,1,4.120697641221341,3.880542320199311,,0.240155,0
QF_BV/sage/app7/bench_1037.smt2,Yices2,1,0.45699551998404786,0.31580321094952524,,0.141192,0
QF_BV/sage/app7/bench_4091.smt2,Yices2,1,0.584684592904523,0.3816524639260024,,0.203032,0
QF_BV/mcm/03.smt2,Bitwuzla,1,12.300805746926926,12.291708854958415,,0.009097,0
QF_BV/spear/samba_v3.0.24/bin_eventlogadm_vc331049.smt2,Yices2,1,0.3389574511675164,0.3299264181405306,,0.009031,0
QF_BV/20221012-MCMPC/dualexecution_affine/dualexecution_affine.t1.i2.a1587c7b.smt2,Yices2,1,0.6100951560074463,0.39185285195708275,,0.218242,0
QF_BV/20221012-MCMPC/millionaires/millionaires.t1.i35.20a54e36.smt2,Yices2,1,0.21577343996614218,0.21332519501447678,,0.002448,0
QF_BV/Sage2/bench_15246.smt2,Bitwuzla,1,4.525736784853507,3.7661726798396558,,0.759564,0
QF_BV/sage/app7/bench_6646.smt2,Yices2,1,0.5736017090966925,0.3803527681156993,,0.193249,0
QF_BV/20190311-bv-term-small-rw-Noetzli/bv-term-small-rw_1213.smt2,STP,1,0.25673732691211626,0.25625877687707543,,0.000479,0
QF_BV/20221012-MCMPC/millionaires/millionaires.t1.i52.1067b683.smt2,Yices2,1,0.21550789300817996,0.2133732649963349,,0.002135,0
QF_BV/Sage2/bench_6691.smt2,STP,1,11.709402056934778,11.707892474951223,,0.001510,0
QF_BV/Sage2/bench_11803.smt2,Bitwuzla,1,2.5240163609269075,2.3664449439384043,,0.157571,0
QF_BV/asp/Solitaire/solitaire-edge-time=24.smt2,STP,1,10.373501432011835,10.303725050995126,,0.069776,0
QF_BV/sage/app1/bench_174.smt2,Bitwuzla,1,0.5672514670295641,0.5634663610253483,,0.003785,0
QF_BV/spear/samba_v3.0.24/bin_eventlogadm_vc352845.smt2,Bitwuzla,1,0.4339880509651266,0.4258569199591875,,0.008131,0
QF_BV/spear/samba_v3.0.24/bin_libsmbclient_vc1225253.smt2,Yices2,1,0.6246682351920754,0.6061919191852212,,0.018476,0
QF_BV/20190311-bv-term-small-rw-Noetzli/bv-term-small-rw_1120.smt2,STP,1,0.21999821992358193,0.2196049769409001,,0.000393,0
QF_BV/Sage2/bench_69.smt2,Yices2,1,1.3797265451285057,1.1664289741311222,,0.213298,0
QF_BV/sage/app1/bench_2024.smt2,Yices2,1,0.6856572219985537,0.6809537929948419,,0.004703,0
QF_BV/sage/app7/bench_1997.smt2,Yices2,1,0.31925901817157865,0.26126326713711023,,0.057996,0
QF_BV/20221012-MCMPC/dualexecution/dualexecution.t1.i10.9111eb5f.smt2,Yices2,1,0.34062681620707735,0.28344341018237174,,0.057183,0
QF_BV/sage/app7/bench_16.smt2,Yices2,1,0.6493522879900411,0.46519336896017194,,0.184159,0
QF_BV/20221012-MCMPC/millionaires/millionaires.t1.i63.442c1787.smt2,Yices2,1,0.21606929501285776,0.21422874997369945,,0.001841,0
QF_BV/asp/SchurNumbers/20.18.schur.lp.smt2,Yices2,1,2.7294746820116416,2.6479740110225976,,0.081501,0
QF_BV/bruttomesso/core/ext_con_028_001_0128.smt2,STP,1,0.4458905410137959,0.4450511350296438,,0.000839,0
QF_BV/20221012-MCMPC/dualexecution_affine/dualexecution_affine.t1.i8.1d4141cb.smt2,Yices2,1,0.44735745497746393,0.31604100693948567,,0.131316,0
QF_BV/Sage2/bench_7003.smt2,Yices2,1,0.4917404248844832,0.39272353588603437,,0.099017,0
QF_BV/sage/app7/bench_6114.smt2,Yices2,1,0.6716600389918312,0.4782218700274825,,0.193438,0
QF_BV/float/test_v7_r12_vr5_c1_s14336.smt2,Bitwuzla,1,170.94662481697742,170.8547543019522,,0.091871,0
QF_BV/20221012-MCMPC/millionaires/millionaires.t1.i32.9b6e69c4.smt2,STP,1,0.22211151901865378,0.22084108600392938,,0.001270,0
QF_BV/Sage2/bench_14190.smt2,Yices2,1,0.27193009888287634,0.24578024889342487,,0.026150,0
QF_BV/Sage2/bench_10297.smt2,Yices2,1,0.27081015903968364,0.24455081205815077,,0.026259,0
QF_BV/Sage2/bench_2240.smt2,STP,1,7.025108695030212,7.023767055012286,,0.001342,0
QF_BV/Sage2/bench_14435.smt2,STP,1,0.26310391689185053,0.25979914190247655,,0.003305,0
QF_BV/Sage2/bench_9692.smt2,STP,1,0.5973610129440203,0.5934703429229558,,0.003891,0
QF_BV/mcm/38.smt2,Bitwuzla,1,27.702765792084392,27.696135783102363,,0.006630,0
QF_BV/sage/app1/bench_1898.smt2,Yices2,1,0.24688873591367155,0.2418906819075346,,0.004998,0
QF_BV/spear/samba_v3.0.24/bin_libsmbsharemodes_vc6214.smt2,Yices2,1,0.7890264150337316,0.7780022090300918,,0.011024,0
QF_BV/Sage2/bench_3432.smt2,STP,1,6.92622117290739,6.924389777937904,,0.001831,0
QF_BV/20190311-bv-term-small-rw-Noetzli/bv-term-small-rw_623.smt2,STP,1,0.21075559401651844,0.21033459901809692,,0.000421,0
QF_BV/float/test_v5_r5_vr1_c1_s16138.smt2,Yices2,1,8.586455310112797,8.557897247141227,,0.028558,0
QF_BV/20210219-Sydr/master/yices/predicate_4843.smt2,STP,1,0.9282365501276217,0.8242845251224935,,0.103952,0
QF_BV/Sage2/bench_14986.smt2,STP,1,0.3362969779991545,0.32785584195517004,,0.008441,0
QF_BV/20221012-MCMPC/dualexecution/dualexecution.t1.i32.ebb02498.smt2,Yices2,1,0.5197863409412093,0.3849393909331411,,0.134847,0
QF_BV/Sage2/bench_15912.smt2,STP,1,0.25043157109757885,0.24707442708313465,,0.003357,0
QF_BV/uclid/catchconv/convert-jpg2gif-query-1504.smt2,Yices2,1,0.44344023789744824,0.37141874991357327,,0.072021,0
QF_BV/20221012-MCMPC/millionaires/millionaires.t1.i22.26c1368b.smt2,STP,1,0.22546683315886185,0.2241520481184125,,0.001315,0
QF_BV/spear/samba_v3.0.24/bin_libsmbclient_vc1225259.smt2,Yices2,1,1.1081204699585214,1.0887895359192044,,0.019331,0
QF_BV/sage/app7/bench_3647.smt2,Yices2,1,0.7391698889550753,0.5161608289927244,,0.223009,0
QF_BV/sage/app7/bench_1671.smt2,Yices2,1,0.3623846659902483,0.28039087099023163,,0.081994,0
QF_BV/20221012-MCMPC/dualexecution_affine/dualexecution.t1.i14.8585dcb1.smt2,Yices2,1,1.3582070330157876,0.7434529759921134,,0.614754,0
QF_BV/uclid/catchconv/convert-jpg2gif-query-1528.smt2,Yices2,1,0.35474829195300117,0.2820835979655385,,0.072665,0
QF_BV/sage/app1/bench_2277.smt2,Bitwuzla,1,0.23815082194050774,0.2337463079020381,,0.004405,0
QF_BV/Sage2/bench_7779.smt2,STP,1,1.590619545953814,1.577972468920052,,0.012647,0
QF_BV/spear/samba_v3.0.24/bin_libmsrpc_vc1232064.smt2,Bitwuzla,1,0.8653983129770495,0.8506657499819994,,0.014733,0
QF_BV/mcm/117.smt2,Bitwuzla,1,1.562854901945684,1.5490513059776276,,0.013804,0
QF_BV/Sage2/bench_6064.smt2,STP,1,0.5599624680471607,0.5567243290133774,,0.003238,0
QF_BV/Sage2/bench_11527.smt2,Yices2,1,0.26803887903224677,0.24222656502388418,,0.025812,0
QF_BV/20230221-oisc-gurtner/SRL-SAFE-48-48.smt2,STP,1,28.21212914295029,28.203286262927577,,0.008843,0
QF_BV/sage/app7/bench_220.smt2,Yices2,1,0.6569624838302843,0.4731056848540902,,0.183857,0
QF_BV/sage/app7/bench_5269.smt2,Yices2,1,0.6877829338191077,0.4863976538181305,,0.201385,0
QF_BV/sage/app7/bench_2636.smt2,Yices2,1,0.8086320810252801,0.5645504710264504,,0.244082,0
QF_BV/Sage2/bench_3302.smt2,Yices2,1,0.5318209169781767,0.42735154600813985,,0.104469,0
QF_BV/20221012-MCMPC/millionaires/millionaires.t1.i62.45595355.smt2,Yices2,1,0.21897324995370582,0.21698881895281374,,0.001984,0
QF_BV/sage/app1/bench_296.smt2,Bitwuzla,1,0.25789476913632825,0.25422835210338235,,0.003666,0
QF_BV/bmc-bv-svcomp14/s3_clnt_1_false.BV.c.cil.c.17.smt2,Yices2,1,4.888717959809583,1.9862834478262812,,2.902435,0
QF_BV/sage/app7/bench_779.smt2,Yices2,1,0.49999848403967917,0.33434573002159595,,0.165653,0
QF_BV/Sage2/bench_14512.smt2,STP,1,0.25842972192913294,0.2549979619216174,,0.003432,0
QF_BV/20221012-MCMPC/wage/wage.t1.i19.eb2ac9dd.smt2,Bitwuzla,1,0.28679667494725436,0.28523919195868075,,0.001557,0
QF_BV/20221012-MCMPC/dualexecution_affine/dualexecution.t1.i32.c384558c.smt2,Yices2,1,0.6294118509977125,0.44392995396628976,,0.185482,0
QF_BV/20221012-MCMPC/dualexecution_affine/dualexecution_affine.t1.i9.29a981cc.smt2,Yices2,1,0.3908532770583406,0.30647188308648765,,0.084381,0
QF_BV/Sage2/bench_4863.smt2,STP,1,10.137927690986544,10.136485995026305,,0.001442,0
QF_BV/Sage2/bench_7935.smt2,Yices2,1,0.2967377840541303,0.27610928006470203,,0.020629,0
QF_BV/20210219-Sydr/master/cjpeg/predicate_1745.smt2,Yices2,1,0.26345252204919234,0.23425332503393292,,0.029199,0
QF_BV/20190311-bv-term-small-rw-Noetzli/bv-term-small-rw_1551.smt2,STP,1,0.2559144311817363,0.2555159581825137,,0.000398,0
QF_BV/sage/app7/bench_6903.smt2,Yices2,1,0.663947417982854,0.46968621597625315,,0.194261,0
QF_BV/spear/samba_v3.0.24/bin_libsmbclient_vc1225209.smt2,Bitwuzla,1,1.0471479401458055,1.0337248691357672,,0.013423,0
QF_BV/20221012-MCMPC/wage_circuit_div/wage_circuit_div.t1.i36.8790037c.smt2,STP,1,0.24931169301271439,0.2480074369814247,,0.001304,0
QF_BV/Sage2/bench_12120.smt2,STP,1,1.8861808310030028,1.843250805977732,,0.042930,0
QF_BV/Sage2/bench_15868.smt2,STP,1,0.24582441395614296,0.24238173197954893,,0.003443,0
QF_BV/20221012-MCMPC/millionaires/millionaires.t1.i25.4382ac0b.smt2,STP,1,0.22474931820761412,0.2234218001831323,,0.001328,0
QF_BV/Sage2/bench_12117.smt2,Yices2,1,1.3127798231435008,1.2780283081810921,,0.034752,0
QF_BV/Sage2/bench_1076.smt2,STP,1,17.60997376893647,17.608319364953786,,0.001654,0
QF_BV/log-slicing/bvadd_20870.smt2,STP,1,8.305957278877031,8.305435411864892,,0.000522,0
QF_BV/bruttomesso/core/ext_con_012_002_0064.smt2,STP,1,0.31791304604848847,0.31670911400578916,,0.001204,0
QF_BV/Sage2/bench_5213.smt2,STP,1,5.933882510929834,5.932353182928637,,0.001529,0
QF_BV/bruttomesso/lfsr/lfsr_002_063_080.smt2,STP,1,1.5655666020466015,1.5633560640271753,,0.002211,0
QF_BV/Sage2/bench_8410.smt2,Yices2,1,0.537795681040734,0.4385376840364188,,0.099258,0
QF_BV/20190311-bv-term-small-rw-Noetzli/bv-term-small-rw_1375.smt2,STP,1,0.2154525039368309,0.21503968397155404,,0.000413,0
QF_BV/Sage2/bench_2149.smt2,Yices2,1,0.4922152129583992,0.39542633295059204,,0.096789,0
QF_BV/sage/app7/bench_2144.smt2,Yices2,1,0.3023690939298831,0.252312253927812,,0.050057,0
QF_BV/sage/app7/bench_398.smt2,Yices2,1,0.6503439319203608,0.4654116379097104,,0.184932,0
QF_BV/Sage2/bench_7819.smt2,STP,1,0.23239507403923199,0.23031872301362455,,0.002076,0
QF_BV/Sage2/bench_12240.smt2,Yices2,1,5.701383547973819,5.622830267995596,,0.078553,0
QF_BV/Sage2/bench_14102.smt2,STP,1,0.8058175091282465,0.7936920691281557,,0.012125,0
QF_BV/bruttomesso/core/ext_con_060_002_0128.smt2,STP,1,0.6898180299904197,0.6880200579762459,,0.001798,0
QF_BV/sage/app12/bench_1031.smt2,STP,1,0.394356521894224,0.39208052190952003,,0.002276,0
QF_BV/Sage2/bench_9055.smt2,Bitwuzla,1,6.0639037580695,6.001079329056665,,0.062824,0
QF_BV/Sage2/bench_8865.smt2,Yices2,0,1200.0,1201.2671700031497,,0.136344,0
QF_BV/Sage2/bench_4616.smt2,Bitwuzla,1,0.7266745290253311,0.5917924740351737,,0.134882,0
QF_BV/20221012-MCMPC/millionaires/millionaires.t1.i3.49769328.smt2,Bitwuzla,1,0.26279950205935165,0.26023594406433403,,0.002564,0
QF_BV/Sage2/bench_2360.smt2,STP,1,5.969912157917861,5.968618836952373,,0.001293,0
QF_BV/Sage2/bench_11648.smt2,Yices2,1,0.5030754102044739,0.49857113417237997,,0.004504,0
QF_BV/bruttomesso/lfsr/lfsr_008_159_032.smt2,STP,1,5.230799567885697,5.227441473864019,,0.003358,0
QF_BV/20221012-MCMPC/dualexecution/dualexecution.t1.i15.b38d4a76.smt2,Yices2,1,1.1708158809342422,0.6897066489327699,,0.481109,0
QF_BV/bruttomesso/lfsr/lfsr_008_015_048.smt2,STP,1,23.29156712902477,23.28719237097539,,0.004375,0
QF_BV/Sage2/bench_8452.smt2,STP,1,1.155507517803926,1.128001504810527,,0.027506,0
QF_BV/sage/app7/bench_8520.smt2,Yices2,1,0.6452317709336057,0.45979703892953694,,0.185435,0
QF_BV/Sage2/bench_10893.smt2,Bitwuzla,1,4.667234303080477,4.564065148122609,,0.103169,0
QF_BV/Sage2/bench_12655.smt2,STP,1,9.928237978834659,9.926621985854581,,0.001616,0
QF_BV/Sage2/bench_5230.smt2,STP,1,8.916340565076098,8.914499029051512,,0.001842,0
QF_BV/Sage2/bench_7249.smt2,Bitwuzla,1,5.365906501072459,4.925084023037925,,0.440822,0
QF_BV/asp/Sudoku/sudoku.in6.smt2,STP,1,263.32535198604455,262.78675665403716,,0.538595,0
QF_BV/Sage2/bench_15960.smt2,STP,1,0.27853268705075607,0.27385968202725053,,0.004673,0
QF_BV/uclid/catchconv/convert-jpg2gif-query-1428.smt2,Yices2,1,0.33519614912802354,0.2756945281289518,,0.059502,0
QF_BV/Sage2/bench_10800.smt2,Bitwuzla,1,0.36396133474772796,0.36099162278696895,,0.002970,0
QF_BV/20230221-oisc-gurtner/AND-NESTED-32-32.smt2,Yices2,0,101.69947411003523,97.4964451030828,,4.203029,0
QF_BV/Sage2/bench_11192.smt2,Bitwuzla,1,2.057104572071694,2.03110446408391,,0.026000,0
QF_BV/Sage2/bench_16833.smt2,STP,1,0.2855883869342506,0.2795027799438685,,0.006086,0
QF_BV/Sage2/bench_10158.smt2,STP,1,0.22890525386901572,0.2273404358420521,,0.001565,0
QF_BV/Sage2/bench_2824.smt2,Bitwuzla,1,22.40941827208735,22.40698804007843,,0.002430,0
QF_BV/20221012-MCMPC/wage_circuit_div/wage_circuit_div.t1.i27.a72b899d.smt2,STP,1,0.23078059690305963,0.22927907691337168,,0.001502,0
QF_BV/sage/app1/bench_1004.smt2,STP,1,0.4337431149906479,0.43102119001559913,,0.002722,0
QF_BV/spear/samba_v3.0.24/bin_libsmbsharemodes_vc4796.smt2,Bitwuzla,1,0.5637619331246242,0.555683839134872,,0.008078,0
QF_BV/20221012-MCMPC/dualexecution_affine/dualexecution_affine.t1.i8.febac029.smt2,Yices2,1,0.47629278793465346,0.3278568859677762,,0.148436,0
QF_BV/20221012-MCMPC/millionaires/millionaires.t1.i1.3e3ebc1a.smt2,Bitwuzla,1,0.26036663801642135,0.2578578810207546,,0.002509,0
QF_BV/20221012-MCMPC/millionaires/millionaires.t1.i35.2ef7603b.smt2,Yices2,1,0.21732962707756087,0.21515062707476318,,0.002179,0
QF_BV/sage/app8/bench_231.smt2,Bitwuzla,1,0.42606055608484894,0.4226334220729768,,0.003427,0
QF_BV/20190311-bv-term-small-rw-Noetzli/bv-term-small-rw_1487.smt2,STP,1,0.25734027894213796,0.25689751491881907,,0.000443,0
QF_BV/sage/app1/bench_2569.smt2,Bitwuzla,1,0.24864260491449386,0.2445215058978647,,0.004121,0
QF_BV/sage/app1/bench_2292.smt2,Yices2,1,0.21509612794034183,0.21372785093262792,,0.001368,0
QF_BV/bruttomesso/core/ext_con_052_001_0064.smt2,STP,1,0.4766673189587891,0.47556946496479213,,0.001098,0
QF_BV/spear/samba_v3.0.24/bin_libmsrpc_vc1225390.smt2,Yices2,1,0.9259249750175513,0.9062708120327443,,0.019654,0
QF_BV/sage/app7/bench_1577.smt2,Yices2,1,0.38305780617520213,0.28762075514532626,,0.095437,0
QF_BV/Sage2/bench_16260.smt2,STP,1,0.5239175170427188,0.5202173180878162,,0.003700,0
QF_BV/20190311-bv-term-small-rw-Noetzli/bv-term-small-rw_79.smt2,STP,1,0.21628738299477845,0.21578197297640145,,0.000505,0
QF_BV/Sage2/bench_4890.smt2,STP,1,0.2417350219329819,0.23944205092266202,,0.002293,0
QF_BV/Sage2/bench_15524.smt2,STP,1,0.25728023110423237,0.25554106710478663,,0.001739,0
QF_BV/sage/app7/bench_1940.smt2,Yices2,1,0.3181396998697892,0.2569100218825042,,0.061230,0
QF_BV/spear/samba_v3.0.24/bin_eventlogadm_vc344889.smt2,Yices2,1,0.6210783820715733,0.5863830740563571,,0.034695,0
QF_BV/spear/inn_v2.4.3/innd_innd_vc33719.smt2,Bitwuzla,1,0.4274835380492732,0.42585526406764984,,0.001628,0
QF_BV/Sage2/bench_3728.smt2,STP,1,19.611281174060423,19.609865667065606,,0.001416,0
QF_BV/asp/WeightBoundedDominatingSet/rand_100_400_1159666138_9.lp.smt2,Yices2,1,10.986996457970235,10.97635824396275,,0.010638,0
QF_BV/Sage2/bench_9939.smt2,STP,1,1.3028940909425728,1.2897102709393948,,0.013184,0
QF_BV/Sage2/bench_8582.smt2,STP,1,0.2723537767888047,0.2680531498044729,,0.004301,0
QF_BV/sage/app1/bench_288.smt2,STP,1,0.26854739600094035,0.2649812060408294,,0.003566,0
QF_BV/sage/app7/bench_74.smt2,Yices2,1,0.6512474808841944,0.4685151008889079,,0.182732,0
QF_BV/sage/app1/bench_46.smt2,Bitwuzla,1,0.37118100305087864,0.36728187603875995,,0.003899,0
QF_BV/spear/samba_v3.0.24/bin_libsmbclient_vc1228453.smt2,Yices2,1,0.7687203069217503,0.7493209969252348,,0.019399,0
QF_BV/uclid/catchconv/convert-jpg2gif-query-1211.smt2,Yices2,1,0.2971882408601232,0.25046883383765817,,0.046719,0
QF_BV/Sage2/bench_4425.smt2,Yices2,1,0.5386175329913385,0.43671455001458526,,0.101903,0
QF_BV/20190311-bv-term-small-rw-Noetzli/bv-term-small-rw_1063.smt2,STP,1,0.21885559696238488,0.21841698000207543,,0.000439,0
QF_BV/20221012-MCMPC/mean_buckets/mean_buckets.t1.i9.3b5c4d16.smt2,STP,1,0.330286109005101,0.3270475650206208,,0.003239,0
QF_BV/20221012-MCMPC/wage_circuit_div/wage_circuit_div.t1.i19.bd1e9ff5.smt2,STP,1,0.25720893684774637,0.25552230584435165,,0.001687,0
QF_BV/sage/app11/bench_74.smt2,Yices2,1,0.38748894404852763,0.31077240500599146,,0.076717,0
QF_BV/sage/app7/bench_1695.smt2,Yices2,1,0.36114786606049165,0.28254299401305616,,0.078605,0
QF_BV/mcm/28.smt2,Bitwuzla,0,1200.0,1201.2612094171345,,0.006187,0
QF_BV/Sage2/bench_8074.smt2,STP,1,0.22906074597267434,0.2272970429621637,,0.001764,0
QF_BV/20230321-UltimateAutomizerSvcomp2023/cohencu.c_2.smt2,STP,0,1200.0,1201.2213662220165,,0.000453,0
QF_BV/20221012-MCMPC/dualexecution_affine/dualexecution.t1.i15.44406686.smt2,Yices2,1,0.6030711328494363,0.42246700287796557,,0.180604,0
QF_BV/spear/samba_v3.0.24/bin_libmsrpc_vc1225315.smt2,Bitwuzla,1,1.2960249718744308,1.2801573309116066,,0.015868,0
QF_BV/sage/app7/bench_2201.smt2,Yices2,1,0.33007376408204436,0.2805132521316409,,0.049561,0
QF_BV/Sage2/bench_17032.smt2,STP,1,0.24347158602904528,0.24173226207494736,,0.001739,0
QF_BV/spear/samba_v3.0.24/bin_libmsrpc_vc1249402.smt2,STP,1,0.9427865879843011,0.8627343559637666,,0.080052,0
QF_BV/sage/app7/bench_2209.smt2,Yices2,1,0.309618913102895,0.26072139106690884,,0.048898,0
QF_BV/sage/app11/bench_291.smt2,Yices2,1,0.40133037988562137,0.3256628878880292,,0.075667,0
QF_BV/20221012-MCMPC/dualexecution/dualexecution.t1.i15.dbc690d3.smt2,Yices2,1,0.3827450859826058,0.29424708196893334,,0.088498,0
QF_BV/20221012-MCMPC/mean_buckets/mean_buckets.t1.i11.361e1815.smt2,STP,1,0.4107691229437478,0.40747879492118955,,0.003290,0
QF_BV/calypto/problem_10.smt2,STP,1,0.37998424080433324,0.37861726782284677,,0.001367,0
QF_BV/20190311-bv-term-small-rw-Noetzli/bv-term-small-rw_1319.smt2,STP,1,0.2138200110057369,0.2132995140273124,,0.000520,0
QF_BV/20210219-Sydr/symbolic_memory/linear/minigzip/predicate_702.smt2,Yices2,1,1.2247764120693319,1.059587120078504,,0.165189,0
QF_BV/spear/samba_v3.0.24/bin_libsmbclient_vc1225810.smt2,Yices2,1,0.8245255420333706,0.8059128220193088,,0.018613,0
QF_BV/20190311-bv-term-small-rw-Noetzli/bv-term-small-rw_859.smt2,STP,1,0.23070538009051234,0.23025197605602443,,0.000453,0
QF_BV/Sage2/bench_12479.smt2,Yices2,1,3.4708497199462727,3.394531585974619,,0.076318,0
QF_BV/20190311-bv-term-small-rw-Noetzli/bv-term-small-rw_209.smt2,STP,1,0.2142830191878602,0.21387555915862322,,0.000407,0
QF_BV/sage/app9/bench_1684.smt2,STP,1,0.21607558912364766,0.21542153414338827,,0.000654,0
QF_BV/sage/app7/bench_370.smt2,Yices2,1,0.7910163070773706,0.5462722510565072,,0.244744,0
QF_BV/Sage2/bench_15964.smt2,STP,1,0.23832993221003562,0.23489644820801914,,0.003433,0
QF_BV/mcm/92.smt2,Bitwuzla,0,1200.0,1201.2531164409593,,0.009230,0
QF_BV/Sage2/bench_5925.smt2,Yices2,1,1.4797177779837511,1.460684787016362,,0.019033,0
QF_BV/sage/app7/bench_7080.smt2,Yices2,1,0.5939710580860265,0.40302817709743977,,0.190943,0
QF_BV/uclid/catchconv/convert-jpg2gif-query-1393.smt2,Yices2,1,0.3371511660516262,0.28114652005024254,,0.056005,0
QF_BV/challenge/integerOverflow.smt2,STP,0,1200.0,1201.2263447949663,,0.000479,0
QF_BV/Sage2/bench_15091.smt2,STP,1,0.47394240990979597,0.4646341309417039,,0.009308,0
QF_BV/sage/app7/bench_72.smt2,Yices2,1,0.6533333881525323,0.469454747159034,,0.183879,0
QF_BV/pspace/ndist.a.27485.smt2,STP,1,120.29211237013806,120.29169658012688,,0.000416,0
QF_BV/Sage2/bench_11306.smt2,STP,1,0.2259033311274834,0.2244594651274383,,0.001444,0
QF_BV/sage/app7/bench_754.smt2,Yices2,1,0.5113854850642383,0.3360645710490644,,0.175321,0
QF_BV/Sage2/bench_9626.smt2,STP,1,0.23822879779618233,0.23565948382019997,,0.002569,0
QF_BV/spear/wget_v1.10.2/src_wget_vc18517.smt2,Yices2,1,2.482210267102346,2.480096141109243,,0.002114,0
QF_BV/Sage2/bench_7924.smt2,Yices2,1,0.49047133600106463,0.3803292659576982,,0.110142,0
QF_BV/Sage2/bench_9791.smt2,Yices2,1,0.4670355529524386,0.36884882394224405,,0.098187,0
QF_BV/Sage2/bench_4326.smt2,Bitwuzla,1,3.3810836349148303,2.976604756899178,,0.404479,0
QF_BV/Sage2/bench_11618.smt2,STP,1,0.2744420199887827,0.27071702294051647,,0.003725,0
QF_BV/sage/app7/bench_88.smt2,Yices2,1,0.7143531569745392,0.5205008829943836,,0.193852,0
QF_BV/sage/app7/bench_460.smt2,Yices2,1,0.5383062070468441,0.3500176740344614,,0.188289,0
QF_BV/Sage2/bench_15661.smt2,STP,1,0.2789603979908861,0.27401292603462934,,0.004947,0
QF_BV/20190311-bv-term-small-rw-Noetzli/bv-term-small-rw_243.smt2,STP,1,0.22295715601649135,0.22245177603326738,,0.000505,0
QF_BV/sage/app7/bench_1897.smt2,Yices2,1,0.3309275940991938,0.26906457310542464,,0.061863,0
QF_BV/sage/app1/bench_656.smt2,STP,1,0.21729571709875017,0.21672219410538673,,0.000574,0
QF_BV/Sage2/bench_2616.smt2,STP,1,9.314323227852583,9.31278630788438,,0.001537,0
QF_BV/Sage2/bench_7795.smt2,Yices2,1,0.5078986568260007,0.39349856483750045,,0.114400,0
QF_BV/20221012-MCMPC/millionaires/millionaires.t1.i29.81090794.smt2,STP,1,0.220638245169539,0.21931954217143357,,0.001319,0
QF_BV/spear/samba_v3.0.24/bin_libmsrpc_vc1232142.smt2,Yices2,1,0.41224481392418966,0.3893061699345708,,0.022939,0
QF_BV/20221012-MCMPC/millionaires/millionaires.t3.i2.b87184ea.smt2,Bitwuzla,1,0.272798786056228,0.26974866003729403,,0.003050,0
QF_BV/Sage2/bench_4114.smt2,STP,1,1.7021501048002392,1.7007182578090578,,0.001432,0
QF_BV/sage/app12/bench_3557.smt2,STP,1,0.3929818999604322,0.39151763496920466,,0.001464,0
QF_BV/Sage2/bench_1186.smt2,STP,1,23.3991349239368,23.39755948493257,,0.001575,0
QF_BV/bruttomesso/simple_processor/simple_processors_004_003_0004.smt2,STP,1,0.3461827680002898,0.3448364830110222,,0.001346,0
QF_BV/sage/app7/bench_945.smt2,Yices2,1,0.46606996800983325,0.32275524898432195,,0.143315,0
QF_BV/Sage2/bench_16048.smt2,Yices2,1,0.7976871708524413,0.52829474885948,,0.269392,0
QF_BV/20221012-MCMPC/mean_buckets/mean_buckets.t1.i27.e334e74e.smt2,STP,1,0.3215534230694175,0.3191519540268928,,0.002401,0
QF_BV/float/qurt.c.10.smt2,Yices2,1,0.5884752980200574,0.45209908904507756,,0.136376,0
QF_BV/20221012-MCMPC/mean_buckets/mean_buckets.t1.i27.ef84795b.smt2,STP,1,0.30973625695332885,0.3074247529730201,,0.002312,0
QF_BV/20190311-bv-term-small-rw-Noetzli/bv-term-small-rw_269.smt2,STP,1,0.21898138604592532,0.21852263202890754,,0.000459,0
QF_BV/sage/app2/bench_541.smt2,Yices2,1,0.2503877638373524,0.2311690708156675,,0.019219,0
QF_BV/Sage2/bench_11429.smt2,STP,1,0.5311856149346568,0.5275494419038296,,0.003636,0
QF_BV/sage/app1/bench_1905.smt2,Yices2,1,0.24914483504835516,0.24410615605302155,,0.005039,0
QF_BV/asp/WeightBoundedDominatingSet/rand_100_400_1159666138_6.lp.smt2,Yices2,1,4.470772331987973,4.46031099697575,,0.010461,0
QF_BV/Sage2/bench_13708.smt2,STP,1,0.34048457496101037,0.3336831219494343,,0.006801,0
QF_BV/20221012-MCMPC/dualexecution/dualexecution.t1.i15.e916a96b.smt2,Yices2,1,1.2181202790816315,0.6879296631086618,,0.530191,0
QF_BV/bruttomesso/core/ext_con_064_008_0128.smt2,STP,1,0.9782698450726457,0.9724807450547814,,0.005789,0
QF_BV/sage/app11/bench_213.smt2,Yices2,1,0.37643802707316354,0.29997347109019756,,0.076465,0
QF_BV/Sage2/bench_262.smt2,Bitwuzla,1,0.35054297477472574,0.3320028427988291,,0.018540,0
QF_BV/20221012-MCMPC/mean_buckets/mean_buckets.t1.i20.feb163d8.smt2,STP,1,0.3457922119414434,0.34301403793506324,,0.002778,0
QF_BV/20221012-MCMPC/wage/wage.t1.i29.4d588ada.smt2,Bitwuzla,1,0.3015070091933012,0.2998669531662017,,0.001640,0
QF_BV/Sage2/bench_15557.smt2,Yices2,1,0.4465976430801675,0.36355473403818905,,0.083043,0
QF_BV/sage/app7/bench_4747.smt2,Yices2,1,0.7029241899144836,0.5039941319264472,,0.198930,0
QF_BV/sage/app11/bench_585.smt2,Yices2,1,0.38640501303598285,0.3104042250197381,,0.076001,0
QF_BV/20221012-MCMPC/dualexecution_affine/dualexecution_affine.t1.i6.ae22e42a.smt2,Yices2,1,0.5917616540682502,0.37910720705986023,,0.212654,0
QF_BV/20230221-oisc-gurtner/SRAI-SAFE-256-256.smt2,Yices2,1,997.5772829068592,997.5394710968249,,0.037812,0
QF_BV/sage/app12/bench_5377.smt2,Yices2,1,0.2545652181725018,0.2507958491332829,,0.003769,0
QF_BV/sage/app1/bench_1947.smt2,Yices2,1,0.2174935919465497,0.21548790391534567,,0.002006,0
QF_BV/uclid/catchconv/convert-jpg2gif-query-1621.smt2,Yices2,1,0.3732625030679628,0.28823961107991636,,0.085023,0
QF_BV/asp/Sudoku/sudoku.in9.smt2,STP,1,334.72696870408254,334.17414345708676,,0.552825,0
QF_BV/asp/Labyrinth/laby_21_21_16.lp.smt2,Bitwuzla,0,1200.0,1201.5424937601201,,2.235214,0
QF_BV/20221012-MCMPC/millionaires/millionaires.t4.i40.b6b65884.smt2,Yices2,1,0.23030483099864796,0.22580642299726605,,0.004498,0
QF_BV/20221012-MCMPC/millionaires/millionaires.t1.i1.3ad51951.smt2,Bitwuzla,1,0.25839584606001154,0.2559980640653521,,0.002398,0
QF_BV/Sage2/bench_11578.smt2,Yices2,1,0.4683533949428238,0.3801740489434451,,0.088179,0
QF_BV/Sage2/bench_12884.smt2,Yices2,1,1.2001529289409518,0.8976602179463953,,0.302493,0
QF_BV/sage/app7/bench_1460.smt2,Yices2,1,0.39035731996409595,0.2971723349764943,,0.093185,0
QF_BV/mcm/42.smt2,Bitwuzla,1,17.414736322069075,17.41103214607574,,0.003704,0
QF_BV/20190311-bv-term-small-rw-Noetzli/bv-term-small-rw_253.smt2,STP,1,0.2328415407682769,0.23236483382061124,,0.000477,0
QF_BV/20221012-MCMPC/millionaires/millionaires.t1.i54.5737ff16.smt2,Yices2,1,0.2160915030981414,0.2141465051099658,,0.001945,0
QF_BV/Sage2/bench_13117.smt2,Yices2,1,0.3780665760859847,0.3451121461112052,,0.032954,0
QF_BV/sage/app7/bench_464.smt2,Yices2,1,0.5528020480414852,0.37280784803442657,,0.179994,0
QF_BV/sage/app2/bench_502.smt2,Yices2,1,0.25127824512310326,0.23130737710744143,,0.019971,0
QF_BV/Sage2/bench_9905.smt2,STP,1,0.2484118770225905,0.24630194203928113,,0.002110,0
QF_BV/spear/samba_v3.0.24/bin_libsmbsharemodes_vc7084.smt2,Bitwuzla,1,0.6313475261558779,0.6222804561257362,,0.009067,0
QF_BV/sage/app7/bench_1434.smt2,Yices2,1,0.3945449040038511,0.3048106590285897,,0.089734,0
QF_BV/Sage2/bench_2092.smt2,STP,1,16.236944743199274,16.235482710180804,,0.001462,0
QF_BV/20221012-MCMPC/dualexecution_affine/dualexecution_affine.t1.i2.ac8305c9.smt2,Yices2,1,0.5589320231229067,0.3661829500924796,,0.192749,0
QF_BV/20221012-MCMPC/millionaires/millionaires.t1.i31.afb5051d.smt2,STP,1,0.24679294117959216,0.24553900817409158,,0.001254,0
QF_BV/Sage2/bench_10977.smt2,Yices2,1,0.2309807440615259,0.22285029501654208,,0.008130,0
QF_BV/20221012-MCMPC/millionaires/millionaires.t1.i40.fd07c273.smt2,Yices2,1,0.21607305691577494,0.21397413592785597,,0.002099,0
QF_BV/sage/app11/bench_464.smt2,Yices2,1,0.3784337060060352,0.3021101870108396,,0.076324,0
QF_BV/20221012-MCMPC/millionaires/millionaires.t1.i56.5fb811a0.smt2,Yices2,1,0.22925549506908283,0.22737437509931624,,0.001881,0
QF_BV/sage/app7/bench_2148.smt2,Yices2,1,0.30396142607787624,0.25359815708361566,,0.050363,0
QF_BV/bruttomesso/core/ext_con_008_032_1024.smt2,STP,1,1.6208447440294549,1.617669329047203,,0.003175,0
QF_BV/20221012-MCMPC/millionaires/millionaires.t1.i36.33d9a886.smt2,Yices2,1,0.21537904610158876,0.2131738991010934,,0.002205,0
QF_BV/Sage2/bench_15550.smt2,STP,1,0.2432207508245483,0.23994059883989394,,0.003280,0
QF_BV/Sage2/bench_16147.smt2,Bitwuzla,1,13.374952918093186,12.928924767067656,,0.446028,0
QF_BV/20221012-MCMPC/mean_buckets/mean_buckets.t1.i7.449395b7.smt2,STP,1,0.34367260796716437,0.33990153297781944,,0.003771,0
QF_BV/20221012-MCMPC/dualexecution_affine/dualexecution.t1.i14.2ad5b925.smt2,Yices2,1,1.4017479449976236,0.7650609370321035,,0.636687,0
QF_BV/Sage2/bench_5990.smt2,STP,1,0.6346419490873814,0.6310131570789963,,0.003629,0
QF_BV/Sage2/bench_3772.smt2,STP,1,39.682679418998305,39.68127262801863,,0.001407,0
QF_BV/20221214-p4dfa-XiaoqiChen/StringMatching/string4x16.10._bit8_na6_nr4_pairedtwobranch.smt2,Yices2,0,1200.0,1201.3697912720963,,0.546121,0
QF_BV/Sage2/bench_10202.smt2,STP,1,0.5271928209695034,0.5232166729401797,,0.003976,0
QF_BV/20221012-MCMPC/mean_buckets/mean_buckets.t1.i16.2e326e76.smt2,STP,1,0.3255217850673944,0.32262950111180544,,0.002892,0
QF_BV/bruttomesso/lfsr/lfsr_004_159_096.smt2,STP,1,7.679166705929674,7.674532776931301,,0.004634,0
QF_BV/20221012-MCMPC/dualexecution/dualexecution.t1.i2.b0c2b1e6.smt2,Yices2,1,0.40543396689463407,0.3051516378764063,,0.100282,0
QF_BV/sage/app1/bench_1023.smt2,STP,1,0.43973328795982525,0.4369878589641303,,0.002745,0
QF_BV/Sage2/bench_10226.smt2,STP,1,0.23661054694093764,0.23411670397035778,,0.002494,0
QF_BV/Sage2/bench_14462.smt2,Yices2,1,1.027106638008263,0.9950446439906955,,0.032062,0
QF_BV/Sage2/bench_9096.smt2,STP,1,0.22856358205899596,0.2271831170655787,,0.001380,0
QF_BV/spear/inn_v2.4.3/innfeed_innfeed_vc36608.smt2,Bitwuzla,1,0.4318580608232878,0.42924853484146297,,0.002610,0
QF_BV/20221012-MCMPC/millionaires/millionaires.t1.i25.29150f24.smt2,STP,1,0.22418810590170324,0.22302856692112982,,0.001160,0
QF_BV/20221012-MCMPC/millionaires/millionaires.t1.i7.a7f9259e.smt2,Bitwuzla,1,0.25947704416466877,0.256787913152948,,0.002689,0
QF_BV/sage/app11/bench_169.smt2,Yices2,1,0.39418976911110803,0.3179241151083261,,0.076266,0
QF_BV/sage/app11/bench_555.smt2,Yices2,1,0.37812870502239093,0.30218291003257036,,0.075946,0
QF_BV/sage/app11/bench_166.smt2,Yices2,1,0.38066423404961824,0.3044748220127076,,0.076189,0
QF_BV/20221012-MCMPC/dualexecution_affine/dualexecution.t1.i28.fe53a86a.smt2,Yices2,1,2.579127777949907,1.6820024009793997,,0.897125,0
QF_BV/Sage2/bench_4388.smt2,STP,1,0.2262259799754247,0.2246302489656955,,0.001596,0
QF_BV/Sage2/bench_12631.smt2,STP,1,0.34132614807458594,0.33490298711694777,,0.006423,0
QF_BV/Sage2/bench_9491.smt2,STP,1,0.6939542180625722,0.6643454360309988,,0.029609,0
QF_BV/bruttomesso/core/ext_con_052_128_1024.smt2,Yices2,1,2.246554391051177,2.1760782180354,,0.070476,0
QF_BV/brummayerbiere3/isqrtnoif.smt2,STP,1,66.89264379395172,66.89198440196924,,0.000659,0
QF_BV/spear/samba_v3.0.24/bin_libsmbsharemodes_vc4317.smt2,Yices2,1,1.6385274349013343,1.5992062229197472,,0.039321,0
QF_BV/rubik/6moves_mti_7-Atd_00004_bmc.smt2,STP,1,3.2394574979553,3.2321691389661282,,0.007288,0
QF_BV/Sage2/bench_11009.smt2,Yices2,1,0.4918117051711306,0.3784399281721562,,0.113372,0
QF_BV/Sage2/bench_16715.smt2,STP,1,0.47200477111618966,0.462701918091625,,0.009303,0
QF_BV/Sage2/bench_15437.smt2,STP,1,0.3753278531949036,0.36532008019275963,,0.010008,0
QF_BV/uclid/catchconv/convert-jpg2gif-query-2136.smt2,STP,1,0.268783537147101,0.25386273115873337,,0.014921,0
QF_BV/Sage2/bench_14914.smt2,STP,1,5.834219139826018,5.76523373182863,,0.068985,0
QF_BV/spear/samba_v3.0.24/bin_libmsrpc_vc1225324.smt2,Bitwuzla,1,0.620363142050337,0.610532924067229,,0.009830,0
QF_BV/sage/app7/bench_651.smt2,Yices2,1,0.5179300760501064,0.3428699690848589,,0.175060,0
QF_BV/Sage2/bench_17399.smt2,STP,1,0.4768513501039706,0.46787540009245276,,0.008976,0
QF_BV/20221012-MCMPC/dualexecution_affine/dualexecution_affine.t1.i12.d3692013.smt2,Yices2,1,0.32513326086336747,0.2628247728571296,,0.062308,0
QF_BV/Sage2/bench_14769.smt2,STP,1,1.0113440518616699,0.9902165478561074,,0.021128,0
QF_BV/20210219-Sydr/master/yices/predicate_1670.smt2,STP,1,0.5089514059945941,0.4695168510079384,,0.039435,0
QF_BV/Sage2/bench_15892.smt2,STP,1,0.6155325961299241,0.6117817640770227,,0.003751,0
QF_BV/mcm/167.smt2,Bitwuzla,1,72.7239250059938,72.60043548000976,,0.123490,0
QF_BV/sage/app7/bench_2782.smt2,STP,1,0.2637260989868082,0.26310713100247085,,0.000619,0
QF_BV/Sage2/bench_12509.smt2,STP,1,0.2885533961234614,0.2828570681158453,,0.005696,0
QF_BV/bruttomesso/core/ext_con_040_008_0064.smt2,STP,1,0.76718992885435,0.76344771287404,,0.003742,0
QF_BV/spear/samba_v3.0.24/bin_libsmbsharemodes_vc7679.smt2,Bitwuzla,1,1.4360808110213839,1.4094682820141315,,0.026613,0
QF_BV/20221012-MCMPC/millionaires/millionaires.t1.i12.f3a4824c.smt2,Bitwuzla,1,0.2598382828873582,0.2574536039028317,,0.002385,0
QF_BV/sage/app7/bench_909.smt2,Yices2,1,0.48283673904370517,0.3347348840907216,,0.148102,0
QF_BV/20221012-MCMPC/dualexecution_affine/dualexecution_affine.t1.i11.d2465ad8.smt2,Yices2,1,0.2643018668750301,0.24533205688931048,,0.018970,0
QF_BV/sage/app9/bench_2637.smt2,STP,1,0.23360419104574248,0.23299795505590737,,0.000606,0
QF_BV/sage/app1/bench_334.smt2,Bitwuzla,1,0.5586229860200547,0.5550461260136217,,0.003577,0
QF_BV/spear/samba_v3.0.24/bin_libsmbsharemodes_vc6045.smt2,Bitwuzla,1,0.5439377158763818,0.5377049099188298,,0.006233,0
QF_BV/20221012-MCMPC/millionaires/millionaires.t1.i34.54c78a82.smt2,Yices2,1,0.21637075598118827,0.2141016609966755,,0.002269,0
QF_BV/Sage2/bench_5587.smt2,STP,1,0.9135108490008861,0.908745035994798,,0.004766,0
QF_BV/20210219-Sydr/symbolic_memory/nested/muraster/predicate_3819.smt2,Yices2,1,0.5075282547622919,0.41784292878583074,,0.089685,0
QF_BV/20221012-MCMPC/millionaires/millionaires.t4.i59.9cd57e99.smt2,Yices2,1,0.22398289700504392,0.21962147299200296,,0.004361,0
QF_BV/Sage2/bench_9318.smt2,STP,1,0.585152031853795,0.5813700838480145,,0.003782,0
QF_BV/Sage2/bench_6853.smt2,Yices2,1,0.5123124420642853,0.4097399350721389,,0.102573,0
QF_BV/Sage2/bench_14654.smt2,Yices2,1,0.9931782009662129,0.8228801919613034,,0.170298,0
QF_BV/20221012-MCMPC/dualexecution/dualexecution.t1.i14.a38f07ea.smt2,Yices2,1,1.371479614987038,0.7620615810155869,,0.609418,0
QF_BV/spear/samba_v3.0.24/bin_eventlogadm_vc352385.smt2,Yices2,1,1.758168833097443,1.7139759850688279,,0.044193,0
QF_BV/20190311-bv-term-small-rw-Noetzli/bv-term-small-rw_1484.smt2,STP,1,0.21971991419559345,0.21929646516218781,,0.000423,0
QF_BV/sage/app7/bench_876.smt2,Yices2,1,0.4863431531121023,0.33058432512916625,,0.155759,0
QF_BV/Sage2/bench_4997.smt2,Yices2,1,0.8257569328998215,0.7747124969027936,,0.051044,0
QF_BV/spear/samba_v3.0.24/bin_libsmbsharemodes_vc6241.smt2,Yices2,1,0.701147452055011,0.6880666960496455,,0.013081,0
QF_BV/uclid/catchconv/convert-jpg2gif-query-1180.smt2,Yices2,1,0.3374069338897243,0.29646307486109436,,0.040944,0
QF_BV/Sage2/bench_13852.smt2,Bitwuzla,1,6.186073708173353,5.755475171143189,,0.430599,0
QF_BV/spear/samba_v3.0.24/bin_libsmbsharemodes_vc7120.smt2,Bitwuzla,1,0.9760805460973643,0.9604350670706481,,0.015645,0
QF_BV/20190311-bv-term-small-rw-Noetzli/bv-term-small-rw_544.smt2,STP,1,0.2162493229843676,0.2158661379944533,,0.000383,0
QF_BV/Sage2/bench_15720.smt2,STP,1,0.34322566393529996,0.3369532539509237,,0.006272,0
QF_BV/log-slicing/bvlshr_0588.smt2,STP,1,7.939074661990162,7.936649315990508,,0.002425,0
QF_BV/Sage2/bench_10755.smt2,Yices2,1,0.4949216138920747,0.3400824589189142,,0.154839,0
QF_BV/sage/app7/bench_4781.smt2,Yices2,1,0.7600547389010899,0.5570851808879524,,0.202970,0
QF_BV/Sage2/bench_13635.smt2,STP,1,0.5435692670871504,0.5232689790427685,,0.020300,0
QF_BV/sage/app7/bench_367.smt2,Yices2,1,0.6524824920925312,0.4658766221255064,,0.186606,0
QF_BV/Sage2/bench_11986.smt2,STP,1,1.1381157020223327,1.0992943840101361,,0.038821,0
QF_BV/spear/samba_v3.0.24/bin_libmsrpc_vc1225835.smt2,Yices2,1,0.7967734009725973,0.7742650569416583,,0.022508,0
QF_BV/spear/samba_v3.0.24/bin_libmsrpc_vc1225819.smt2,Yices2,1,0.5891012871870771,0.5744072871748358,,0.014694,0
QF_BV/20190311-bv-term-small-rw-Noetzli/bv-term-small-rw_1478.smt2,STP,1,0.25287422304973006,0.2524785250425339,,0.000396,0
QF_BV/bruttomesso/lfsr/lfsr_004_031_112.smt2,STP,1,11.245644269161858,11.24043050617911,,0.005214,0
QF_BV/sage/app7/bench_1711.smt2,Yices2,1,0.39204962813528255,0.3139094761572778,,0.078140,0
QF_BV/bruttomesso/core/ext_con_052_008_0128.smt2,STP,1,0.8571681449539028,0.8522539969999343,,0.004914,0
QF_BV/20230221-oisc-gurtner/SRAI-SAFE-64-1024.smt2,STP,1,332.3126808409579,332.17698810994625,,0.135693,0
QF_BV/bruttomesso/lfsr/lfsr_004_095_080.smt2,STP,1,3.1663264059461653,3.1625271949451417,,0.003799,0
QF_BV/20221012-MCMPC/millionaires/millionaires.t1.i58.980d6be0.smt2,Yices2,1,0.21664563089143485,0.21408287389203906,,0.002563,0
QF_BV/20221012-MCMPC/dualexecution_affine/dualexecution_affine.t1.i8.b3664446.smt2,Yices2,1,0.6724182309117168,0.4650814589112997,,0.207337,0
QF_BV/spear/samba_v3.0.24/bin_libsmbclient_vc1228479.smt2,Yices2,1,0.6215771739371121,0.6037959179375321,,0.017781,0
QF_BV/uclid/catchconv/convert-jpg2gif-query-1311.smt2,Yices2,1,0.2976547080324963,0.24937860807403922,,0.048276,0
QF_BV/spear/samba_v3.0.24/bin_libsmbsharemodes_vc6173.smt2,Bitwuzla,1,0.7046474849921651,0.6947239739820361,,0.009924,0
QF_BV/Sage2/bench_4009.smt2,STP,1,0.2457626901450567,0.24034327012486756,,0.005419,0
QF_BV/20221012-MCMPC/millionaires/millionaires.t1.i54.d850d4ed.smt2,Yices2,1,0.21592068491736427,0.21395974792540073,,0.001961,0
QF_BV/20221012-MCMPC/dualexecution/dualexecution.t1.i9.164504ab.smt2,Yices2,1,0.36643113411264494,0.2910249091219157,,0.075406,0
QF_BV/20221012-MCMPC/wage/wage.t1.i19.e31897d0.smt2,Bitwuzla,1,0.2519542359514162,0.2501056259498,,0.001849,0
QF_BV/Sage2/bench_1406.smt2,Bitwuzla,1,0.6911115848342888,0.5517394938506186,,0.139372,0
QF_BV/sage/app7/bench_3825.smt2,Yices2,1,0.7497713301563635,0.5418156811501831,,0.207956,0
QF_BV/sage/app7/bench_339.smt2,Yices2,1,0.5506609178846702,0.36774274287745357,,0.182918,0
QF_BV/20221012-MCMPC/millionaires/millionaires.t1.i57.0aec3078.smt2,Yices2,1,0.21631305513437837,0.21432028012350202,,0.001993,0
QF_BV/20221012-MCMPC/mean_buckets/mean_buckets.t1.i17.7c44cc54.smt2,STP,1,0.3139577189576812,0.3111149959731847,,0.002843,0
QF_BV/Sage2/bench_10834.smt2,Yices2,1,0.25688514387002215,0.2491410388611257,,0.007744,0
QF_BV/pspace/power2sum.9281.smt2,STP,1,185.30107768788002,185.30066583491862,,0.000412,0
QF_BV/2018-Mann/arbiter_data_integrity_n4q8w8d8b30.smt2,STP,1,33.764277767855674,33.65778361982666,,0.106494,0
QF_BV/Sage2/bench_8661.smt2,STP,1,0.2818427601014264,0.2775382960680872,,0.004304,0
QF_BV/Sage2/bench_16213.smt2,STP,1,0.23901904112426564,0.2361875381320715,,0.002832,0
QF_BV/Sage2/bench_7435.smt2,STP,1,0.40312710002763197,0.3966412120498717,,0.006486,0
QF_BV/sage/app1/bench_2353.smt2,Bitwuzla,1,0.24191410205094144,0.23750336607918143,,0.004411,0
QF_BV/20210219-Sydr/master/yices/predicate_7677.smt2,STP,1,1.4894708350184374,1.3158874160144478,,0.173583,0
QF_BV/20221012-MCMPC/millionaires/millionaires.t1.i56.155a3b73.smt2,Yices2,1,0.24367931298911572,0.2417629580013454,,0.001916,0
QF_BV/Sage2/bench_8870.smt2,Bitwuzla,1,9.889908451004885,9.460659981006756,,0.429248,0
QF_BV/20221012-MCMPC/millionaires/millionaires.t1.i23.e368ce08.smt2,STP,1,0.22601394803496078,0.22470666700974107,,0.001307,0
QF_BV/Sage2/bench_14368.smt2,STP,1,0.2323728331248276,0.229611752089113,,0.002761,0
QF_BV/20221012-MCMPC/millionaires/millionaires.t1.i13.15be1410.smt2,Bitwuzla,1,0.25274360296316445,0.25051539298146963,,0.002228,0
QF_BV/Sage2/bench_12018.smt2,STP,1,0.2923179939389229,0.28620030893944204,,0.006118,0
QF_BV/Sage2/bench_12596.smt2,Yices2,1,1.0614583629067056,1.0283172458875924,,0.033141,0
QF_BV/20221012-MCMPC/mean_buckets/simplemean_buckets.t1.i29.47af0013.smt2,STP,1,0.3146208039834164,0.31209245999343693,,0.002528,0
QF_BV/sage/app7/bench_7335.smt2,Yices2,1,0.7956254319869913,0.5493480740115047,,0.246277,0
QF_BV/pspace/power2sum.8883.smt2,STP,1,194.3538473819499,194.35342520894483,,0.000422,0
QF_BV/20221214-p4dfa-XiaoqiChen/StringMatching/string2x16.9._bit8_na6_nr3_paired.smt2,Yices2,0,1200.0,1201.2796360740904,,0.162000,0
QF_BV/Sage2/bench_11463.smt2,Bitwuzla,1,1.563472212816123,1.5558569338172674,,0.007615,0
QF_BV/Sage2/bench_4136.smt2,Yices2,1,0.5094216399593279,0.3960416929330677,,0.113380,0
QF_BV/Sage2/bench_4758.smt2,STP,1,1.866160017088987,1.8613538490608335,,0.004806,0
QF_BV/Sage2/bench_4891.smt2,Bitwuzla,1,2.177961000998039,2.152829136000946,,0.025132,0
QF_BV/sage/app7/bench_201.smt2,Yices2,1,0.6514067460084334,0.46198610099963844,,0.189421,0
QF_BV/sage/app9/bench_3099.smt2,STP,1,0.4334957411047071,0.4298611010890454,,0.003635,0
QF_BV/sage/app7/bench_1249.smt2,Yices2,1,0.4477562539395876,0.33572499896399677,,0.112031,0
QF_BV/20221012-MCMPC/millionaires/millionaires.t1.i64.ff5d1d67.smt2,Yices2,1,0.22221236390760168,0.22031112690456212,,0.001901,0
QF_BV/Sage2/bench_5578.smt2,STP,1,20.653760572895408,20.65236373990774,,0.001397,0
QF_BV/sage/app7/bench_206.smt2,Yices2,1,0.6856237121392041,0.498877989128232,,0.186746,0
QF_BV/20221012-MCMPC/dualexecution_affine/dualexecution_affine.t1.i7.11d45131.smt2,Yices2,1,0.45689155685249716,0.3196766518522054,,0.137215,0
QF_BV/Sage2/bench_15506.smt2,Bitwuzla,1,0.27689461392583326,0.27443509991280735,,0.002460,0
QF_BV/sage/app11/bench_420.smt2,Yices2,1,0.42850140284281224,0.35263424180448055,,0.075867,0
QF_BV/20221012-MCMPC/dualexecution_affine/dualexecution_affine.t1.i8.aa8cff37.smt2,Yices2,1,0.44191990699619055,0.31476406496949494,,0.127156,0
QF_BV/20190311-bv-term-small-rw-Noetzli/bv-term-small-rw_66.smt2,STP,1,0.2441768468124792,0.24378799181431532,,0.000389,0
QF_BV/Sage2/bench_2738.smt2,STP,1,8.236831319984049,8.234493016963825,,0.002338,0
QF_BV/20221012-MCMPC/dualexecution_affine/dualexecution_affine.t1.i2.84aec99a.smt2,Yices2,1,0.4031471980852075,0.29896541708149016,,0.104182,0
QF_BV/log-slicing/bvudiv_21.smt2,Bitwuzla,0,1200.0,1201.2464128050487,,0.001615,0
QF_BV/20230221-oisc-gurtner/SRAI-SAFE-32-1024.smt2,STP,1,85.45738692797022,85.32335554296151,,0.134031,0
QF_BV/sage/app7/bench_6670.smt2,Yices2,1,0.5735277690691873,0.3772366570774466,,0.196291,0
QF_BV/sage/app7/bench_2237.smt2,Yices2,1,0.786831442033872,0.545070881024003,,0.241761,0
QF_BV/Sage2/bench_17912.smt2,Yices2,1,0.47226091276388615,0.3769224938005209,,0.095338,0
QF_BV/Sage2/bench_2847.smt2,STP,1,0.363743897061795,0.3579233870841563,,0.005821,0
QF_BV/Sage2/bench_12917.smt2,Bitwuzla,1,0.440460266021546,0.42699317703954875,,0.013467,0
QF_BV/20221012-MCMPC/wage/wage.t1.i29.99232da4.smt2,Bitwuzla,1,0.25976043107220903,0.2581223091110587,,0.001638,0
QF_BV/sage/app7/bench_2050.smt2,Yices2,1,0.3541403799899854,0.2985090420115739,,0.055631,0
QF_BV/pspace/power2sum.7689.smt2,STP,1,168.56058072502492,168.5601698330138,,0.000411,0
QF_BV/Sage2/bench_10029.smt2,STP,1,0.8235667450353503,0.8118534670211375,,0.011713,0
QF_BV/sage/app7/bench_1308.smt2,Yices2,1,0.4143905579694547,0.31249981094151735,,0.101891,0
QF_BV/sage/app9/bench_273.smt2,STP,1,0.3149911961518228,0.31260821013711393,,0.002383,0
QF_BV/20221012-MCMPC/millionaires/millionaires.t1.i61.3fcb8e66.smt2,Yices2,1,0.2138994078268297,0.2120002747979015,,0.001899,0
QF_BV/20221012-MCMPC/wage/wage.t1.i34.d7a9ad46.smt2,Bitwuzla,1,0.2997146559646353,0.29827585094608366,,0.001439,0
QF_BV/float/sine.8.0.i.smt2,Bitwuzla,1,0.896265271876473,0.889315890846774,,0.006949,0
QF_BV/sage/app7/bench_1817.smt2,Yices2,1,0.33764491992769763,0.26769623695872724,,0.069949,0
QF_BV/Sage2/bench_6338.smt2,Bitwuzla,1,0.44090421608416364,0.4291810530703515,,0.011723,0
QF_BV/20221012-MCMPC/millionaires/millionaires.t1.i40.8e768ac7.smt2,Yices2,1,0.21655546396505088,0.2145438629668206,,0.002012,0
QF_BV/20190311-bv-term-small-rw-Noetzli/bv-term-small-rw_296.smt2,STP,1,0.23076491587562487,0.2303283428773284,,0.000437,0
QF_BV/Sage2/bench_6629.smt2,STP,1,1.1473240369232371,1.1281799969729036,,0.019144,0
QF_BV/sage/app9/bench_1438.smt2,STP,1,0.21652223315322772,0.21577625814825296,,0.000746,0
QF_BV/sage/app1/bench_220.smt2,Bitwuzla,1,0.23838155093835667,0.23470067791640759,,0.003681,0
QF_BV/20221214-p4dfa-XiaoqiChen/StringMatching/string4x8.4._bit16_na6_nr4_paired.smt2,Yices2,0,1200.0,1201.3340612349566,,0.206808,0
QF_BV/Sage2/bench_1025.smt2,Yices2,1,0.5360220151487738,0.4335243671666831,,0.102498,0
QF_BV/20221012-MCMPC/millionaires/millionaires.t1.i19.206ac7cc.smt2,Bitwuzla,1,0.25800175697077066,0.25557564198970795,,0.002426,0
QF_BV/Sage2/bench_17711.smt2,STP,1,0.2660956791951321,0.261320544173941,,0.004775,0
QF_BV/log-slicing/bvsmod_20.smt2,STP,0,1200.0,1201.2260923529975,,0.001953,0
QF_BV/sage/app11/bench_86.smt2,Yices2,1,0.41239261702867225,0.3340932750143111,,0.078299,0
QF_BV/20221012-MCMPC/dualexecution/dualexecution.t1.i10.d5ba239f.smt2,Yices2,1,0.3275442708400078,0.2647905198391527,,0.062754,0
QF_BV/Sage2/bench_4161.smt2,STP,1,0.22864327486604452,0.22458769590593874,,0.004056,0
QF_BV/Sage2/bench_3780.smt2,Yices2,1,0.5089222401147708,0.3781515210866928,,0.130771,0
QF_BV/20190311-bv-term-small-rw-Noetzli/bv-term-small-rw_1131.smt2,STP,1,0.22422237700084224,0.22383274999447167,,0.000390,0
QF_BV/Sage2/bench_2483.smt2,Yices2,1,0.45044183294521645,0.3646126799285412,,0.085829,0
QF_BV/Sage2/bench_6360.smt2,STP,1,0.4744531520991586,0.46617250610142946,,0.008281,0
QF_BV/spear/samba_v3.0.24/bin_libsmbsharemodes_vc6176.smt2,Bitwuzla,1,0.6861785930814222,0.6752780170645565,,0.010901,0
QF_BV/Sage2/bench_15733.smt2,Bitwuzla,1,0.30799845792353153,0.30574450292624533,,0.002254,0
QF_BV/sage/app11/bench_286.smt2,Yices2,1,0.37946638104040176,0.30292746308259666,,0.076539,0
QF_BV/spear/samba_v3.0.24/bin_eventlogadm_vc352400.smt2,Bitwuzla,1,1.6678006128640845,1.6403118588496,,0.027489,0
QF_BV/Sage2/bench_4885.smt2,Bitwuzla,1,1.2358937411336228,1.218821891117841,,0.017072,0
QF_BV/Sage2/bench_17673.smt2,Yices2,1,2.079449614044279,1.850879481062293,,0.228570,0
QF_BV/pspace/shift1add.24955.smt2,STP,1,0.5891064539900981,0.5886470719706267,,0.000459,0
QF_BV/20221012-MCMPC/mean_buckets/mean_buckets.t1.i27.b9aaba5f.smt2,STP,1,0.31524148292373866,0.3130050569307059,,0.002236,0
QF_BV/20221012-MCMPC/dualexecution/dualexecution.t1.i9.d6efd606.smt2,Yices2,1,0.3982570421649143,0.29494685819372535,,0.103310,0
QF_BV/sage/app7/bench_150.smt2,Yices2,1,0.6593133089481853,0.4630827179644257,,0.196231,0
QF_BV/Sage2/bench_3847.smt2,Bitwuzla,1,2.1718515320681036,2.168621069053188,,0.003230,0
QF_BV/Sage2/bench_15567.smt2,STP,1,0.2806633079308085,0.2762680659070611,,0.004395,0
QF_BV/20221012-MCMPC/millionaires/millionaires.t1.i62.2ab98a94.smt2,Yices2,1,0.21569917199667543,0.2137600949499756,,0.001939,0
QF_BV/20221012-MCMPC/millionaires/millionaires.t1.i27.dbd00eee.smt2,STP,1,0.22602311189984903,0.2248572208918631,,0.001166,0
QF_BV/20210312-Bouvier/vlsat3_g10.smt2,Bitwuzla,1,9.922138023131993,9.847620929125696,,0.074517,0
QF_BV/20210219-Sydr/symbolic_memory/linear/minigzip/predicate_680.smt2,Yices2,1,1.2533484979649074,1.0875697319861501,,0.165779,0
QF_BV/20221012-MCMPC/millionaires/millionaires.t1.i34.9ddc13ee.smt2,Yices2,1,0.21626435278449208,0.21422689477913082,,0.002037,0
QF_BV/Sage2/bench_14765.smt2,STP,1,0.3468014492536895,0.3400429622270167,,0.006758,0
QF_BV/Sage2/bench_17879.smt2,Bitwuzla,1,1.2365081660100259,1.220815289998427,,0.015693,0
QF_BV/sage/app7/bench_112.smt2,Yices2,1,0.6611423751455732,0.47126490715891123,,0.189877,0
QF_BV/sage/app12/bench_2539.smt2,STP,1,0.3977806730545126,0.3960994160734117,,0.001681,0
QF_BV/sage/app7/bench_1627.smt2,Yices2,1,0.3630519041325897,0.27843289310112596,,0.084619,0
QF_BV/20230221-oisc-gurtner/SRAI-SAFE-16-1024.smt2,STP,1,55.53571745095542,55.395223123952746,,0.140494,0
QF_BV/20190311-bv-term-small-rw-Noetzli/bv-term-small-rw_1509.smt2,STP,1,0.22745291196042672,0.22684859996661544,,0.000604,0
QF_BV/Sage2/bench_9552.smt2,STP,1,0.25950137892505154,0.25528966495767236,,0.004212,0
QF_BV/Sage2/bench_15024.smt2,STP,1,0.25878204009495676,0.25463366508483887,,0.004148,0
QF_BV/spear/wget_v1.10.2/src_wget_vc18196.smt2,STP,1,0.3436304809874855,0.3426343509927392,,0.000996,0
QF_BV/spear/samba_v3.0.24/bin_libsmbclient_vc1225146.smt2,Bitwuzla,1,0.6011888640350662,0.5929847960360348,,0.008204,0
QF_BV/sage/app7/bench_8002.smt2,Yices2,1,0.672965170815587,0.427149468800053,,0.245816,0
QF_BV/20221012-MCMPC/wage_circuit_div/wage_circuit_div.t1.i25.87e1ab89.smt2,STP,1,0.23712439293740317,0.23536870395764709,,0.001756,0
QF_BV/spear/inn_v2.4.3/nnrpd_nnrpd_vc21636.smt2,Bitwuzla,1,0.44567258789902553,0.44400793593376875,,0.001665,0
QF_BV/20221012-MCMPC/millionaires/millionaires.t1.i47.3434ae1b.smt2,Yices2,1,0.21784878196194768,0.2158597439993173,,0.001989,0
QF_BV/spear/samba_v3.0.24/bin_eventlogadm_vc331101.smt2,Yices2,1,0.47756716795265675,0.46533802594058216,,0.012229,0
QF_BV/sage/app7/bench_8545.smt2,Yices2,1,0.6681812140741386,0.48176669608801603,,0.186415,0
QF_BV/20221012-MCMPC/millionaires/millionaires.t1.i20.5d9f0b44.smt2,Bitwuzla,1,0.2607581170159392,0.25827825302258134,,0.002480,0
QF_BV/Sage2/bench_38.smt2,Yices2,1,1.221823176019825,0.9091170229949057,,0.312706,0
QF_BV/Sage2/bench_15119.smt2,STP,1,1.7172094430425204,1.7007716810330749,,0.016438,0
QF_BV/uclid/catchconv/convert-jpg2gif-query-1293.smt2,Yices2,1,0.2980651341495104,0.24847894115373492,,0.049586,0
QF_BV/Sage2/bench_13157.smt2,Bitwuzla,1,11.591003974026535,11.469571460038424,,0.121433,0
QF_BV/20221012-MCMPC/wage/wage.t1.i35.5ffe5447.smt2,Bitwuzla,1,0.25868827215163037,0.25738222314976156,,0.001306,0
QF_BV/Sage2/bench_6219.smt2,STP,1,27.585483076050878,27.582987901056185,,0.002495,0
QF_BV/Sage2/bench_16955.smt2,Bitwuzla,1,0.3031079709180631,0.301042262930423,,0.002066,0
QF_BV/Sage2/bench_9039.smt2,STP,1,0.2586794538074173,0.2573008527979255,,0.001379,0
QF_BV/asp/GraphColouring/graph-colouring-nodes=150-density=0.1-instance=10.smt2,Yices2,0,1200.0,1201.2129655370954,,0.035028,0
QF_BV/sage/app1/bench_992.smt2,STP,1,0.44468196493107826,0.44198027695529163,,0.002702,0
QF_BV/20221214-p4dfa-XiaoqiChen/StringMatching/string1x8.6._bit8_na6_nr3_paired.smt2,Bitwuzla,1,19.634332522226032,19.6183471751865,,0.015985,0
QF_BV/asp/WeightBoundedDominatingSet/rand_100_400_1159666138_1.lp.smt2,Yices2,1,3.6195473830448464,3.609422120032832,,0.010125,0
QF_BV/bruttomesso/lfsr/lfsr_002_127_064.smt2,STP,1,2.0549545688554645,2.053143832832575,,0.001811,0
QF_BV/20210219-Sydr/symbolic_memory/linear/readelf/predicate_496.smt2,STP,1,0.2935333428904414,0.2912706579081714,,0.002263,0
QF_BV/bruttomesso/core/ext_con_044_004_0512.smt2,STP,1,1.8742847928078845,1.8719854408409446,,0.002299,0
QF_BV/Sage2/bench_7348.smt2,Yices2,1,0.28481830505188555,0.2519129740539938,,0.032905,0
QF_BV/Sage2/bench_12989.smt2,Bitwuzla,1,0.27141611714614555,0.26828967314213514,,0.003126,0
QF_BV/20221012-MCMPC/millionaires/millionaires.t1.i32.fc2b2951.smt2,Yices2,1,0.22276252997107804,0.22051858995109797,,0.002244,0
QF_BV/sage/app7/bench_8169.smt2,Yices2,1,0.6814658500952646,0.49487976008094847,,0.186586,0
QF_BV/bruttomesso/core/ext_con_024_004_1024.smt2,STP,1,2.1228650258271955,2.1214143878314644,,0.001451,0
QF_BV/20221012-MCMPC/millionaires/millionaires.t4.i63.be7854b9.smt2,Yices2,1,0.2216419181204401,0.21723045012913644,,0.004411,0
QF_BV/Sage2/bench_16033.smt2,Yices2,1,0.5681385708739981,0.5620406928937882,,0.006098,0
QF_BV/Sage2/bench_5689.smt2,STP,1,10.771039202867541,10.769572971854359,,0.001466,0
QF_BV/Sage2/bench_6757.smt2,Yices2,1,0.6790330130024813,0.4939145150128752,,0.185118,0
QF_BV/sage/app11/bench_580.smt2,Yices2,1,0.3915864260052331,0.31620710995048285,,0.075379,0
QF_BV/20221012-MCMPC/millionaires/millionaires.t4.i53.afbd60c9.smt2,Yices2,1,0.22387782525038347,0.21930247521959245,,0.004575,0
QF_BV/sage/app9/bench_765.smt2,STP,1,0.23754959495272487,0.23497395194135606,,0.002576,0
QF_BV/20221012-MCMPC/dualexecution_affine/dualexecution_affine.t1.i2.4b4f5144.smt2,Yices2,1,0.5399401591275819,0.37455138214863837,,0.165389,0
QF_BV/Sage2/bench_14485.smt2,STP,1,0.47690102184424177,0.46805836586281657,,0.008843,0
QF_BV/20221012-MCMPC/dualexecution_affine/dualexecution_affine.t1.i8.1cb05991.smt2,Yices2,1,0.4265327488537878,0.31120805186219513,,0.115325,0
QF_BV/sage/app7/bench_55.smt2,Yices2,1,0.6566805679467507,0.47345275594852865,,0.183228,0
QF_BV/Sage2/bench_9298.smt2,Yices2,1,6.382792463817168,6.201151444809511,,0.181641,0
QF_BV/20221012-MCMPC/dualexecution_affine/dualexecution.t1.i11.d7c8a784.smt2,Yices2,1,0.327548433910124,0.28883994091302156,,0.038708,0
QF_BV/20221012-MCMPC/millionaires/millionaires.t1.i17.26d52c2c.smt2,STP,1,0.22749194595962763,0.22613032395020127,,0.001362,0
QF_BV/Sage2/bench_10859.smt2,Yices2,1,5.816313515999354,5.642369820037857,,0.173944,0
QF_BV/uclid/catchconv/convert-jpg2gif-query-1497.smt2,Yices2,1,0.3534336899756454,0.2827738809864968,,0.070660,0
QF_BV/20221012-MCMPC/millionaires/millionaires.t1.i32.995a677b.smt2,STP,1,0.21768130495911464,0.2165565409231931,,0.001125,0
QF_BV/sage/app7/bench_849.smt2,STP,1,0.2740982831455767,0.2732407001312822,,0.000858,0
QF_BV/sage/app7/bench_1294.smt2,Yices2,1,0.4141843339893967,0.30482008098624647,,0.109364,0
QF_BV/bruttomesso/core/ext_con_016_002_0064.smt2,STP,1,0.3230673100333661,0.3222642419859767,,0.000803,0
QF_BV/20190311-bv-term-small-rw-Noetzli/bv-term-small-rw_435.smt2,STP,1,0.23358111205743626,0.23315686103887856,,0.000424,0
QF_BV/sage/app11/bench_479.smt2,Yices2,1,0.3775124499807134,0.30136904399842024,,0.076143,0
QF_BV/pspace/ndist.a.24990.smt2,STP,1,163.00940182904014,163.00893187802285,,0.000470,0
QF_BV/20190311-bv-term-small-rw-Noetzli/bv-term-small-rw_928.smt2,STP,1,0.2141813628259115,0.21377221983857453,,0.000409,0
QF_BV/20190311-bv-term-small-rw-Noetzli/bv-term-small-rw_1248.smt2,STP,0,1200.0,1201.224944588961,,0.000419,0
QF_BV/sage/app7/bench_8564.smt2,Yices2,1,0.6506846289848909,0.4643181459978223,,0.186366,0
QF_BV/sage/app11/bench_412.smt2,Yices2,1,0.37514351215213537,0.2986109971534461,,0.076533,0
QF_BV/sage/app7/bench_1669.smt2,Yices2,1,0.6787842878839001,0.42807204788550735,,0.250712,0
QF_BV/sage/app7/bench_1941.smt2,Yices2,1,0.3196773530798964,0.25935678207315505,,0.060321,0
QF_BV/sage/app11/bench_566.smt2,Yices2,1,0.3777435941156,0.2996441361028701,,0.078099,0
QF_BV/Sage2/bench_3391.smt2,STP,1,4.538985434046481,4.537215051008388,,0.001770,0
QF_BV/bruttomesso/core/ext_con_048_032_0128.smt2,cvc5,1,1.1364600551314652,1.1199350571259856,,0.016525,0
QF_BV/bruttomesso/lfsr/lfsr_004_047_096.smt2,STP,1,3.338392766949255,3.333865144988522,,0.004528,0
QF_BV/20221012-MCMPC/millionaires/millionaires.t1.i14.a0087bb7.smt2,Bitwuzla,1,0.2593668911140412,0.2571009211242199,,0.002266,0
QF_BV/sage/app9/bench_2957.smt2,Bitwuzla,1,0.4550634160405025,0.4513216270133853,,0.003742,0
QF_BV/VS3/VS3-benchmark-S1.smt2,Yices2,1,3.3547646251972765,3.3502853461541235,,0.004479,0
QF_BV/20190311-bv-term-small-rw-Noetzli/bv-term-small-rw_1488.smt2,STP,1,0.26930582703789696,0.26888217800296843,,0.000424,0
QF_BV/asp/Sokoban/duthen-990602.29.steps.11.asp.smt2,STP,1,3.0928402530262247,3.0482387200463563,,0.044602,0
QF_BV/Sage2/bench_3194.smt2,Bitwuzla,1,2.7015421229880303,2.698598911985755,,0.002943,0
QF_BV/Sage2/bench_14409.smt2,Bitwuzla,1,6.029532561078668,5.970089791109785,,0.059443,0
QF_BV/20221012-MCMPC/wage/wage.t1.i36.9960b86f.smt2,Bitwuzla,1,0.24893109814729542,0.24758654809556901,,0.001345,0
QF_BV/20221012-MCMPC/millionaires/millionaires.t1.i62.f242c7b4.smt2,Yices2,1,0.21434055600548163,0.21236713603138924,,0.001973,0
QF_BV/20210219-Sydr/master/cjpeg/predicate_983.smt2,Yices2,1,0.2740125938435085,0.2567386438604444,,0.017274,0
QF_BV/bruttomesso/core/ext_con_044_008_0128.smt2,STP,1,0.7386040788842365,0.7344071809202433,,0.004197,0
QF_BV/20190311-bv-term-small-rw-Noetzli/bv-term-small-rw_619.smt2,STP,1,0.215501629980281,0.21511238301172853,,0.000389,0
QF_BV/mcm/177.smt2,STP,1,5.436175171867944,5.35639916989021,,0.079776,0
QF_BV/20221012-MCMPC/millionaires/millionaires.t1.i40.d21fd9f3.smt2,Yices2,1,0.21587782923597842,0.2138996901921928,,0.001978,0
QF_BV/20221012-MCMPC/millionaires/millionaires.t1.i30.81896b89.smt2,STP,1,0.22450814006151631,0.22318774508312345,,0.001320,0
QF_BV/Sage2/bench_8741.smt2,STP,1,0.26327066007070243,0.2581752410624176,,0.005095,0
QF_BV/20221012-MCMPC/dualexecution_affine/dualexecution.t1.i14.ea2d4fbc.smt2,Yices2,1,1.2955606729956344,0.7197429740335792,,0.575818,0
QF_BV/20221012-MCMPC/millionaires/millionaires.t1.i49.14cebef3.smt2,Yices2,1,0.21564070007298142,0.2134882400278002,,0.002152,0
QF_BV/20210219-Sydr/symbolic_memory/nested/readelf/predicate_2189.smt2,Yices2,1,0.9280280760140158,0.7988481849897653,,0.129180,0
QF_BV/spear/samba_v3.0.24/bin_libmsrpc_vc1232117.smt2,Yices2,1,0.8686265449505299,0.848940250929445,,0.019686,0
QF_BV/sage/app1/bench_2355.smt2,Bitwuzla,1,0.23678709595697,0.23229714296758175,,0.004490,0
QF_BV/asp/ConnectedDominatingSet/rand_45_250_1235855661_0_k=5_sat.gph.smt2,Yices2,1,0.506924323097337,0.4983480900991708,,0.008576,0
QF_BV/brummayerbiere2/umulov1bw048.smt2,Bitwuzla,1,0.6562016580719501,0.6554097800981253,,0.000792,0
QF_BV/Sage2/bench_13133.smt2,Yices2,1,2.3335419049253687,2.271761338924989,,0.061781,0
QF_BV/20190311-bv-term-small-rw-Noetzli/bv-term-small-rw_1138.smt2,STP,1,0.2187018488184549,0.21831851382739842,,0.000383,0
QF_BV/Sage2/bench_7311.smt2,Yices2,1,0.5157793449470773,0.40153087791986763,,0.114248,0
QF_BV/uclid/catchconv/convert-jpg2gif-query-1284.smt2,Yices2,1,0.3027332699857652,0.2544595149811357,,0.048274,0
QF_BV/Sage2/bench_14667.smt2,STP,1,0.3074604861321859,0.3042550340760499,,0.003205,0
QF_BV/asp/Sudoku/sudoku.in2.smt2,STP,1,2.6576211398933083,2.628390742931515,,0.029230,0
QF_BV/Sage2/bench_3383.smt2,STP,1,14.386014615069143,14.384668376063928,,0.001346,0
QF_BV/Sage2/bench_11132.smt2,Bitwuzla,1,0.6920937820686959,0.6779839240480214,,0.014110,0
QF_BV/Sage2/bench_6601.smt2,STP,1,0.22735904401633888,0.22593058203347027,,0.001428,0
QF_BV/Sage2/bench_2626.smt2,STP,1,4.446477826044429,4.341963449027389,,0.104514,0
QF_BV/20190311-bv-term-small-rw-Noetzli/bv-term-small-rw_1295.smt2,STP,1,0.21692075894679874,0.2165275749284774,,0.000393,0
QF_BV/bruttomesso/simple_processor/simple_processors_006_003_0008.smt2,STP,1,0.6648931889794767,0.6640132979955524,,0.000880,0
QF_BV/spear/samba_v3.0.24/bin_libmsrpc_vc1225783.smt2,Bitwuzla,1,0.9821732509299181,0.9657172369770706,,0.016456,0
QF_BV/Sage2/bench_1492.smt2,STP,1,8.499804893159308,8.497908088145778,,0.001897,0
QF_BV/bruttomesso/core/ext_con_048_128_1024.smt2,Yices2,1,1.8473904981510714,1.7817493481561542,,0.065641,0
QF_BV/20221012-MCMPC/dualexecution_affine/dualexecution_affine.t1.i10.742231d5.smt2,Yices2,1,0.5159494990366511,0.3663532610516995,,0.149596,0
QF_BV/sage/app7/bench_320.smt2,Yices2,1,0.6497496122028679,0.46014898316934705,,0.189601,0
QF_BV/Sage2/bench_11570.smt2,Yices2,1,6.888571597111877,6.814540604129434,,0.074031,0
QF_BV/spear/cvs_v1.11.22/cvs_vc105357.smt2,STP,1,0.5260929689975455,0.5206497400067747,,0.005443,0
QF_BV/spear/samba_v3.0.24/bin_eventlogadm_vc331177.smt2,Yices2,1,2.497094326012302,2.473331151995808,,0.023763,0
QF_BV/uclid/catchconv/convert-jpg2gif-query-1352.smt2,Yices2,1,0.30244659597519785,0.2512182919308543,,0.051228,0
QF_BV/sage/app7/bench_253.smt2,Yices2,1,0.6508692928473465,0.46491340384818614,,0.185956,0
QF_BV/Sage2/bench_14221.smt2,STP,1,26.727564313972834,26.72629404696636,,0.001270,0
QF_BV/spear/samba_v3.0.24/bin_libsmbclient_vc1225807.smt2,Yices2,1,0.7458739770227112,0.7241359630133957,,0.021738,0
QF_BV/bruttomesso/core/ext_con_036_128_0512.smt2,Yices2,1,2.1366515489062294,2.0880406328942627,,0.048611,0
QF_BV/Sage2/bench_5287.smt2,Bitwuzla,1,0.571878636139445,0.48867441317997873,,0.083204,0
QF_BV/spear/wget_v1.10.2/src_wget_vc18480.smt2,Yices2,1,0.6341342899249867,0.6328890179283917,,0.001245,0
QF_BV/20210219-Sydr/master/yices/predicate_5377.smt2,STP,1,1.0290127380867489,0.9111434500664473,,0.117869,0
QF_BV/uclid/catchconv/convert-jpg2gif-query-1518.smt2,Yices2,1,0.4342189619783312,0.361819091020152,,0.072400,0
QF_BV/Sage2/bench_1696.smt2,Yices2,1,1.999955631850753,1.6480094988364726,,0.351946,0
QF_BV/20190311-bv-term-small-rw-Noetzli/bv-term-small-rw_1075.smt2,STP,1,0.21701680606929585,0.2165657770819962,,0.000451,0
QF_BV/sage/app2/bench_538.smt2,Yices2,1,0.2511177150881849,0.231215805048123,,0.019902,0
QF_BV/asp/TravellingSalesperson/rand_80_340_1159656267_11.lp.smt2,STP,1,11.316763535083737,11.274512211093679,,0.042251,0
QF_BV/spear/samba_v3.0.24/bin_eventlogadm_vc352879.smt2,Yices2,1,1.8431210219278,1.7967750849202275,,0.046346,0
QF_BV/bruttomesso/core/ext_con_004_001_1024.smt2,STP,1,0.7479705109726638,0.7475316079799086,,0.000439,0
QF_BV/asp/ConnectedDominatingSet/rand_55_250_1235855873_0_k=7_unsat.gph.smt2,Yices2,1,1.8774613550049253,1.8682102130260319,,0.009251,0
QF_BV/20221012-MCMPC/wage/wage.t1.i29.286317e1.smt2,Bitwuzla,1,0.25241387920686975,0.2508594822138548,,0.001554,0
QF_BV/20221012-MCMPC/millionaires/millionaires.t1.i31.11761250.smt2,Yices2,1,0.21766377100721002,0.2154866550117731,,0.002177,0
QF_BV/sage/app7/bench_58.smt2,Yices2,1,0.6748159940470941,0.48446214105933905,,0.190354,0
QF_BV/Sage2/bench_5375.smt2,Yices2,1,0.5678422200726345,0.45216119405813515,,0.115681,0
QF_BV/20221214-p4dfa-XiaoqiChen/StringMatching/string4x8.9._bit16_na6_nr4_paired.smt2,Yices2,0,1200.0,1201.3045922371093,,0.138130,0
QF_BV/asp/Sokoban/duthen-990602.50.steps.10.asp.smt2,STP,1,4.676147076999769,4.620591277023777,,0.055556,0
QF_BV/20221012-MCMPC/dualexecution_affine/dualexecution_affine.t1.i9.8f732459.smt2,Yices2,1,0.29213187703862786,0.24924707901664078,,0.042885,0
QF_BV/spear/samba_v3.0.24/bin_libsmbsharemodes_vc6274.smt2,Yices2,1,0.37354119401425123,0.36310191499069333,,0.010439,0
QF_BV/Sage2/bench_12238.smt2,STP,1,0.5443158830166794,0.5382091680075973,,0.006107,0
QF_BV/Sage2/bench_266.smt2,Yices2,1,0.8844325589598157,0.6111121929716319,,0.273320,0
QF_BV/Sage2/bench_17344.smt2,Yices2,1,0.48415043391287327,0.37673386093229055,,0.107417,0
QF_BV/Sage2/bench_14258.smt2,STP,1,0.5209542899392545,0.5163562349043787,,0.004598,0
QF_BV/20221012-MCMPC/millionaires/millionaires.t1.i28.ee1e69e7.smt2,Yices2,1,0.21967195300385356,0.21749061904847622,,0.002181,0
QF_BV/sage/app12/bench_3459.smt2,Yices2,1,0.2534906150540337,0.24966292805038393,,0.003828,0
QF_BV/20221214-p4dfa-XiaoqiChen/MobileDevice/mobiledevice_bit8_na6_nr3_paired.smt2,Bitwuzla,1,4.076729033200536,4.060017797164619,,0.016711,0
QF_BV/Sage2/bench_6875.smt2,STP,1,0.23107986111426726,0.2293833231087774,,0.001697,0
QF_BV/Sage2/bench_147.smt2,STP,1,32.23078194214031,32.22886651312001,,0.001915,0
QF_BV/Sage2/bench_17610.smt2,STP,1,2.308798593992833,2.2696147710084915,,0.039184,0
QF_BV/20221012-MCMPC/millionaires/millionaires.t1.i63.13ec485a.smt2,Yices2,1,0.21494233212433755,0.21305829612538218,,0.001884,0
QF_BV/sage/app12/bench_184.smt2,Yices2,1,0.24279613594990224,0.23976643895730376,,0.003030,0
QF_BV/Sage2/bench_10838.smt2,Yices2,1,0.27263761800713837,0.24738017399795353,,0.025257,0
QF_BV/20221012-MCMPC/mean_buckets/mean_buckets.t1.i7.ecd794ac.smt2,STP,1,0.34541411604732275,0.3417077390477061,,0.003706,0
QF_BV/sage/app7/bench_7002.smt2,Yices2,1,0.6644256439758465,0.41849045897834003,,0.245935,0
QF_BV/sage/app7/bench_1526.smt2,Yices2,1,0.3854138230672106,0.2960722120478749,,0.089342,0
QF_BV/20221012-MCMPC/millionaires/millionaires.t2.i41.f87f3b78.smt2,Yices2,1,0.22073725512018427,0.21797045110724866,,0.002767,0
QF_BV/Sage2/bench_11935.smt2,Bitwuzla,1,0.7457695250632241,0.7273767660371959,,0.018393,0
QF_BV/20221012-MCMPC/millionaires/millionaires.t1.i16.90aee0d0.smt2,Bitwuzla,1,0.2654366869828664,0.2631548789795488,,0.002282,0
QF_BV/spear/samba_v3.0.24/bin_libmsrpc_vc1225334.smt2,Yices2,1,1.280456880980637,1.2594683689530939,,0.020989,0
QF_BV/Sage2/bench_3631.smt2,STP,1,0.7789151378674433,0.761123034870252,,0.017792,0
QF_BV/20190311-bv-term-small-rw-Noetzli/bv-term-small-rw_1235.smt2,STP,1,0.22132694185711443,0.22087929886765778,,0.000448,0
QF_BV/sage/app7/bench_6925.smt2,Yices2,1,0.6657447011093609,0.4752541871275753,,0.190491,0
QF_BV/Sage2/bench_7592.smt2,STP,1,0.38716319703962654,0.3805227130651474,,0.006640,0
QF_BV/pspace/ndist.b.23493.smt2,STP,1,1.021890125994105,1.0212588759604841,,0.000631,0
QF_BV/20221012-MCMPC/mean_buckets/mean_buckets.t1.i16.4aa5ab2b.smt2,STP,1,0.3546668470953591,0.3515289491042495,,0.003138,0
QF_BV/sage/app7/bench_1643.smt2,Yices2,1,0.37288013799116015,0.28842912800610065,,0.084451,0
QF_BV/sage/app2/bench_646.smt2,Yices2,1,0.23808518995065242,0.22545265895314515,,0.012633,0
QF_BV/20221012-MCMPC/millionaires/millionaires.t4.i50.dff404bc.smt2,Yices2,1,0.22235642315354198,0.21804382815025747,,0.004313,0
QF_BV/Sage2/bench_6712.smt2,STP,1,0.3082858229172416,0.296355445869267,,0.011930,0
QF_BV/Sage2/bench_10949.smt2,STP,1,0.2345071081072092,0.23237084411084652,,0.002136,0
QF_BV/sage/app8/bench_3364.smt2,STP,1,0.24917392403585836,0.24637824203819036,,0.002796,0
QF_BV/Sage2/bench_15526.smt2,STP,1,5.187853540061042,5.123306808061898,,0.064547,0
QF_BV/Sage2/bench_12932.smt2,Bitwuzla,1,18.240442479844205,18.1958393198438,,0.044603,0
QF_BV/spear/samba_v3.0.24/bin_eventlogadm_vc352389.smt2,Yices2,1,0.8061516522429883,0.7653655922040343,,0.040786,0
QF_BV/Sage2/bench_7687.smt2,STP,1,0.3532440001145005,0.34647572808898985,,0.006768,0
QF_BV/Sage2/bench_15175.smt2,STP,1,0.473155464802403,0.46388122881762683,,0.009274,0
QF_BV/20210219-Sydr/symbolic_memory/nested/readelf/predicate_502.smt2,Bitwuzla,1,0.2646439370000735,0.2620655409991741,,0.002578,0
QF_BV/sage/app7/bench_662.smt2,Yices2,1,0.5167016250779852,0.3433329430408776,,0.173369,0
QF_BV/Sage2/bench_12408.smt2,Yices2,1,1.9417272511636838,1.8853148261550814,,0.056412,0
QF_BV/Sage2/bench_11830.smt2,Yices2,1,0.5165051830699667,0.3567257330287248,,0.159779,0
QF_BV/20230221-oisc-gurtner/SRL-SAFE-32-32.smt2,STP,1,9.259551734954584,9.250902863917872,,0.008649,0
QF_BV/Sage2/bench_15122.smt2,STP,1,0.4736058471025899,0.46450019208714366,,0.009106,0
QF_BV/bruttomesso/lfsr/lfsr_002_111_112.smt2,STP,1,2.386415251181461,2.3834680181462318,,0.002947,0
QF_BV/spear/samba_v3.0.24/bin_libmsrpc_vc1232107.smt2,Yices2,1,0.8309066318324767,0.810516320867464,,0.020390,0
QF_BV/20221012-MCMPC/dualexecution/dualexecution.t1.i12.d1320fdd.smt2,Yices2,1,0.25116612308193,0.2318163791205734,,0.019350,0
QF_BV/sage/app12/bench_5585.smt2,Yices2,1,0.24770417500985786,0.24428352201357484,,0.003421,0
QF_BV/Sage2/bench_15508.smt2,Yices2,1,0.3225663809571415,0.29203065601177514,,0.030536,0
QF_BV/sage/app11/bench_107.smt2,Yices2,1,0.38327270082663745,0.30746088083833456,,0.075812,0
QF_BV/Sage2/bench_11936.smt2,Yices2,1,0.3389861118630506,0.27244045585393906,,0.066546,0
QF_BV/mcm/150.smt2,STP,0,1200.0,1201.2679336899891,,0.044717,0
QF_BV/20221012-MCMPC/dualexecution_affine/dualexecution.t1.i6.85dac36f.smt2,Yices2,1,0.3794863518560305,0.2858127858489752,,0.093674,0
QF_BV/Sage2/bench_1035.smt2,Yices2,1,1.3213692541467026,1.176591802155599,,0.144777,0
QF_BV/Sage2/bench_4219.smt2,STP,1,1.0479199259425513,1.0467613239306957,,0.001159,0
QF_BV/sage/app11/bench_85.smt2,Yices2,1,0.3847263589850627,0.3071537029463798,,0.077573,0
QF_BV/bmc-bv-svcomp14/s3_srvr_1_true.BV.c.cil.c.17.smt2,Yices2,1,7.498352334776428,2.783510666806251,,4.714842,0
QF_BV/sage/app7/bench_323.smt2,Yices2,1,0.6423381639178842,0.45996843092143536,,0.182370,0
QF_BV/20221012-MCMPC/millionaires/millionaires.t4.i50.8582ed8a.smt2,Yices2,1,0.25326885911636055,0.24883157410658896,,0.004437,0
QF_BV/sage/app7/bench_1786.smt2,Yices2,1,0.3361185581306927,0.2663617820944637,,0.069757,0
QF_BV/20221012-MCMPC/dualexecution_affine/dualexecution_affine.t1.i10.0e5ef22b.smt2,Yices2,1,0.4423620250890963,0.3432227170560509,,0.099139,0
QF_BV/sage/app7/bench_2208.smt2,Yices2,1,0.30283570993924513,0.2533111849334091,,0.049525,0
QF_BV/20190311-bv-term-small-rw-Noetzli/bv-term-small-rw_1536.smt2,STP,1,0.2557963179424405,0.2553620289545506,,0.000434,0
QF_BV/bruttomesso/lfsr/lfsr_002_159_064.smt2,STP,1,2.9240681851515546,2.922168254153803,,0.001900,0
QF_BV/uclid/catchconv/convert-jpg2gif-query-1376.smt2,Yices2,1,0.31244281691033393,0.25823438889347017,,0.054208,0
QF_BV/sage/app7/bench_954.smt2,Yices2,1,0.4613641112227924,0.3195058652199805,,0.141858,0
QF_BV/20190311-bv-term-small-rw-Noetzli/bv-term-small-rw_164.smt2,STP,1,0.21357470605289564,0.21314978506416082,,0.000425,0
QF_BV/sage/app7/bench_274.smt2,Yices2,1,0.6425636919448152,0.4617247909773141,,0.180839,0
QF_BV/sage/app7/bench_7058.smt2,Yices2,1,0.5733328350470401,0.3792057440150529,,0.194127,0
QF_BV/sage/app7/bench_2262.smt2,Yices2,1,0.2987257799250074,0.24873783392831683,,0.049988,0
QF_BV/20221012-MCMPC/millionaires/millionaires.t3.i59.93c18d33.smt2,Yices2,1,0.21978008380392566,0.2162160708103329,,0.003564,0
QF_BV/20221012-MCMPC/wage/wage.t1.i30.0923cc8e.smt2,Bitwuzla,1,0.2658701090258546,0.2643659650348127,,0.001504,0
QF_BV/20210219-Sydr/master/cjpeg/predicate_1577.smt2,Yices2,1,0.568824686051812,0.5422173880506307,,0.026607,0
QF_BV/asp/WireRouting/wire.15.x.15.b.10.a.20_sat.data.smt2,Yices2,1,182.53181003808277,182.20456146309152,,0.327249,0
QF_BV/sage/app11/bench_604.smt2,Yices2,1,0.4019861061242409,0.3259142651222646,,0.076072,0
QF_BV/Sage2/bench_7524.smt2,Bitwuzla,1,0.4564828129368834,0.4466753099113703,,0.009808,0
QF_BV/sage/app7/bench_2020.smt2,Yices2,1,0.34719756292179227,0.29099834291264415,,0.056199,0
QF_BV/sage/app7/bench_378.smt2,Yices2,1,0.5494241639389656,0.36807999294251204,,0.181344,0
QF_BV/bruttomesso/core/ext_con_028_008_1024.smt2,STP,1,2.597772634937428,2.5949166419450194,,0.002856,0
QF_BV/20221012-MCMPC/dualexecution/dualexecution.t1.i15.7e4effaf.smt2,Yices2,1,1.064623662037775,0.6211560240481049,,0.443468,0
QF_BV/20221012-MCMPC/simplemean_buckets/simplemean_buckets.t1.i29.47af0013.smt2,STP,1,0.30778327985899523,0.3053686758503318,,0.002415,0
QF_BV/20190311-bv-term-small-rw-Noetzli/bv-term-small-rw_320.smt2,STP,1,0.24984520918224007,0.2494449531659484,,0.000400,0
QF_BV/20221012-MCMPC/wage_circuit_div/wage_circuit_div.t1.i34.b859b6a3.smt2,STP,1,0.225485886214301,0.2241493312176317,,0.001337,0
QF_BV/Sage2/bench_8674.smt2,Bitwuzla,1,3.235035664984025,2.8322568649891764,,0.402779,0
QF_BV/Sage2/bench_17299.smt2,STP,1,0.2923252778709866,0.28891912288963795,,0.003406,0
QF_BV/asp/GeneralizedSlitherlink/penrose.11.asp.smt2,Yices2,1,2.067208963970188,1.967642273986712,,0.099567,0
QF_BV/sage/app7/bench_1062.smt2,Yices2,1,0.4620540671166964,0.3198411001358181,,0.142213,0
QF_BV/20221012-MCMPC/dualexecution/dualexecution.t1.i6.aa6fd2e2.smt2,Yices2,1,0.47346281114732847,0.3660026411525905,,0.107460,0
QF_BV/pspace/ndist.b.28483.smt2,STP,1,1.171974433993455,1.171567799989134,,0.000407,0
QF_BV/sage/app7/bench_388.smt2,Yices2,1,0.5617622539284639,0.37229548092000186,,0.189467,0
QF_BV/sage/app7/bench_1142.smt2,Yices2,1,0.43773249204969034,0.3166465060785413,,0.121086,0
QF_BV/20221012-MCMPC/millionaires/millionaires.t1.i38.3a221892.smt2,Yices2,1,0.22555228095734492,0.2233783609699458,,0.002174,0
QF_BV/pspace/power2sum.6893.smt2,STP,1,84.15119019511621,84.15078685712069,,0.000403,0
QF_BV/sage/app7/bench_1554.smt2,Yices2,1,0.39468190603656694,0.30533715803176165,,0.089345,0
QF_BV/Sage2/bench_15874.smt2,STP,1,0.26208253507502377,0.25605936511419713,,0.006023,0
QF_BV/sage/app1/bench_128.smt2,Bitwuzla,1,0.37837182998191565,0.37452759500592947,,0.003844,0
QF_BV/sage/app1/bench_2520.smt2,STP,1,0.21892590203788131,0.21781953098252416,,0.001106,0
QF_BV/sage/app7/bench_2130.smt2,Yices2,1,0.2995428051217459,0.25045423209667206,,0.049089,0
QF_BV/Sage2/bench_17531.smt2,STP,1,0.2748864048626274,0.26887020585127175,,0.006016,0
QF_BV/sage/app1/bench_2270.smt2,Bitwuzla,1,0.5008871929603629,0.49633765895850956,,0.004550,0
QF_BV/sage/app12/bench_1914.smt2,Yices2,1,0.24679429200477898,0.2427921909838915,,0.004002,0
QF_BV/sage/app7/bench_63.smt2,Yices2,1,0.660148067981936,0.4710969279985875,,0.189051,0
QF_BV/Sage2/bench_15860.smt2,Bitwuzla,1,0.8250340989907272,0.8070071670226753,,0.018027,0
QF_BV/Sage2/bench_1506.smt2,STP,1,1.5225646517938003,1.5176077038049698,,0.004957,0
QF_BV/Sage2/bench_5559.smt2,STP,1,20.991754128946923,20.990091223968193,,0.001663,0
QF_BV/20221012-MCMPC/millionaires/millionaires.t1.i49.e2651624.smt2,Yices2,1,0.21810617001028731,0.2160876370035112,,0.002019,0
QF_BV/Sage2/bench_6969.smt2,STP,1,0.46059230709215626,0.44348976109176874,,0.017103,0
QF_BV/sage/app7/bench_804.smt2,Yices2,1,0.4862743489211425,0.33201805292628706,,0.154256,0
QF_BV/Sage2/bench_11002.smt2,Yices2,1,0.9570682359626517,0.8973939679563046,,0.059674,0
QF_BV/Sage2/bench_13294.smt2,Yices2,1,1.125685093109496,1.0909521530847996,,0.034733,0
QF_BV/20230321-UltimateAutomizerSvcomp2023/cohencu.c_3.smt2,STP,0,1200.0,1201.2412917951588,,0.000591,0
QF_BV/Sage2/bench_287.smt2,Yices2,1,0.6145007238956168,0.4823050629347563,,0.132196,0
QF_BV/Sage2/bench_3472.smt2,STP,1,14.327830797876231,14.325797549914569,,0.002033,0
QF_BV/Sage2/bench_9703.smt2,Yices2,1,6.5914243528968655,6.422586957924068,,0.168837,0
QF_BV/sage/app7/bench_2273.smt2,Yices2,1,0.3379297840874642,0.28934565209783614,,0.048584,0
QF_BV/sage/app11/bench_234.smt2,Yices2,1,0.3865756149752997,0.31008828594349325,,0.076487,0
QF_BV/20221012-MCMPC/dualexecution/dualexecution.t1.i6.d2262ffa.smt2,Yices2,1,0.3353443559608422,0.2686608519870788,,0.066684,0
QF_BV/20221012-MCMPC/millionaires/millionaires.t1.i35.4b78c22a.smt2,Yices2,1,0.21687938791001216,0.21480594296008348,,0.002073,0
QF_BV/20221214-p4dfa-XiaoqiChen/StringMatching/string4x16.1._bit16_na6_nr3_paired.smt2,Yices2,0,1200.0,1201.2713817630429,,0.111944,0
QF_BV/sage/app1/bench_2494.smt2,STP,1,0.223536083009094,0.22229584399610758,,0.001240,0
QF_BV/asp/BlockedNQueens/156.48.1960.36.1721315836.dat.smt2,Yices2,1,16.34686286590295,16.31756620388478,,0.029297,0
QF_BV/Sage2/bench_10724.smt2,Bitwuzla,1,10.003823911945801,9.991866820957512,,0.011957,0
QF_BV/spear/samba_v3.0.24/bin_eventlogadm_vc351319.smt2,Bitwuzla,1,0.3563105950015597,0.3513785949908197,,0.004932,0
QF_BV/Sage2/bench_8164.smt2,Yices2,1,0.3278622389771044,0.27963952301070094,,0.048223,0
QF_BV/spear/samba_v3.0.24/bin_libmsrpc_vc1225354.smt2,Yices2,1,1.1459214629139751,1.1241847719065845,,0.021737,0
QF_BV/20221012-MCMPC/mean_buckets/mean_buckets.t1.i25.cdba5b9f.smt2,STP,1,0.3145786170498468,0.31203478504903615,,0.002544,0
QF_BV/float/mult1.c.40.smt2,Yices2,1,2.2210133250337094,2.1961803580634296,,0.024833,0
QF_BV/sage/app7/bench_755.smt2,Yices2,1,0.5142046759137884,0.3470705528743565,,0.167134,0
QF_BV/Sage2/bench_2842.smt2,STP,1,13.251719249994494,13.249884037999436,,0.001835,0
QF_BV/sage/app7/bench_396.smt2,Yices2,1,0.6878741181571968,0.5048615571577102,,0.183013,0
QF_BV/20221012-MCMPC/mean_buckets/mean_buckets.t1.i23.3cc36c98.smt2,STP,1,0.3035835340269841,0.30097555299289525,,0.002608,0
QF_BV/Sage2/bench_5348.smt2,Yices2,1,0.8107207908760756,0.7154041558969766,,0.095317,0
QF_BV/sage/app7/bench_8597.smt2,Yices2,1,0.6524144630529918,0.46375293005257845,,0.188662,0
QF_BV/20221012-MCMPC/millionaires/millionaires.t1.i39.59f13add.smt2,Yices2,1,0.2508582330774516,0.24861081806011498,,0.002247,0
QF_BV/20210312-Bouvier/vlsat3_g76.smt2,Bitwuzla,1,31.409927966131363,31.234832608141005,,0.175095,0
QF_BV/spear/samba_v3.0.24/bin_libsmbsharemodes_vc6311.smt2,Yices2,1,0.9844991939608008,0.9698840279597789,,0.014615,0
QF_BV/Sage2/bench_8076.smt2,Yices2,1,0.37181609391700476,0.2963255599606782,,0.075491,0
QF_BV/20221012-MCMPC/millionaires/millionaires.t2.i43.047dfe40.smt2,Yices2,1,0.2198869698913768,0.21712345187552273,,0.002764,0
QF_BV/Sage2/bench_13401.smt2,Bitwuzla,1,2.1853839589166455,2.1732164858840406,,0.012167,0
QF_BV/Sage2/bench_1226.smt2,STP,1,18.37676456902409,18.374325315002352,,0.002439,0
QF_BV/sage/app7/bench_4892.smt2,Yices2,1,0.7095974311814643,0.5077354921959341,,0.201862,0
QF_BV/sage/app9/bench_906.smt2,STP,1,0.2443640541168861,0.24183020810596645,,0.002534,0
QF_BV/Sage2/bench_17195.smt2,STP,1,2.8507292750291526,2.8488543489947915,,0.001875,0
QF_BV/Sage2/bench_4681.smt2,STP,1,0.22990671603474766,0.228131233016029,,0.001775,0
QF_BV/sage/app1/bench_1109.smt2,STP,1,0.39535710506606847,0.3927840660326183,,0.002573,0
QF_BV/20221012-MCMPC/mean_buckets/mean_buckets.t1.i20.34c9f802.smt2,STP,1,0.3400636379956268,0.337294691009447,,0.002769,0
QF_BV/sage/app1/bench_2660.smt2,Bitwuzla,1,0.46693312301067635,0.4629490680526942,,0.003984,0
QF_BV/sage/app1/bench_433.smt2,STP,1,0.21217146894196048,0.21136468392796814,,0.000807,0
QF_BV/sage/app7/bench_143.smt2,Yices2,1,0.650570509955287,0.4642696799710393,,0.186301,0
QF_BV/20210219-Sydr/symbolic_memory/linear/cjpeg/predicate_125.smt2,Bitwuzla,1,0.31714003608794883,0.3133899651002139,,0.003750,0
QF_BV/spear/samba_v3.0.24/bin_eventlogadm_vc331060.smt2,Bitwuzla,1,0.7053439510054886,0.697363659972325,,0.007980,0
QF_BV/20221012-MCMPC/millionaires/millionaires.t1.i24.61c976da.smt2,Yices2,1,0.215320676099509,0.21317879506386817,,0.002142,0
QF_BV/sage/app11/bench_578.smt2,Yices2,1,0.3814500199514441,0.3046337489504367,,0.076816,0
QF_BV/spear/samba_v3.0.24/bin_libsmbsharemodes_vc7140.smt2,Bitwuzla,1,0.8579106061952189,0.8399145111907274,,0.017996,0
QF_BV/Sage2/bench_16369.smt2,Yices2,1,0.5305300699546933,0.4169208959210664,,0.113609,0
QF_BV/Sage2/bench_14793.smt2,Bitwuzla,1,0.403683262062259,0.38881418108940125,,0.014869,0
QF_BV/asp/EdgeMatching/edge-matching-width=9-height=9-colours=8.smt2,Bitwuzla,1,383.4959436819772,382.97059240797535,,0.525351,0
QF_BV/uclid/catchconv/convert-jpg2gif-query-1454.smt2,Yices2,1,0.3392937949975021,0.2786607809830457,,0.060633,0
QF_BV/Sage2/bench_9628.smt2,Yices2,1,0.46205837198067456,0.37474361900240183,,0.087315,0
QF_BV/20221012-MCMPC/dualexecution/dualexecution.t1.i15.5b9ec15a.smt2,Yices2,1,0.534864810819272,0.363474273821339,,0.171391,0
QF_BV/sage/app7/bench_1638.smt2,Yices2,1,0.3605515548842959,0.2774007779080421,,0.083151,0
QF_BV/Sage2/bench_4566.smt2,STP,1,0.29215242282953113,0.2850084728561342,,0.007144,0
QF_BV/spear/samba_v3.0.24/bin_libmsrpc_vc1225435.smt2,Yices2,1,1.1629364359541796,1.1425057309679687,,0.020431,0
QF_BV/sage/app11/bench_486.smt2,Yices2,1,0.37679315597051755,0.3013510589953512,,0.075442,0
QF_BV/Sage2/bench_16136.smt2,Yices2,1,0.8600378831033595,0.7912494360934943,,0.068788,0
QF_BV/Sage2/bench_5396.smt2,STP,1,22.103569071157835,22.10227051912807,,0.001299,0
QF_BV/sage/app11/bench_350.smt2,Yices2,1,0.3764295839937404,0.2992023460101336,,0.077227,0
QF_BV/20221012-MCMPC/wage_circuit_div/wage_circuit_div.t1.i22.948dd618.smt2,STP,1,0.23676096607232466,0.235203362070024,,0.001558,0
QF_BV/spear/samba_v3.0.24/bin_eventlogadm_vc331014.smt2,Bitwuzla,1,0.6553189200349152,0.6496570550370961,,0.005662,0
QF_BV/20210312-Bouvier/vlsat3_a85.smt2,STP,1,378.73166017996846,378.72881979099475,,0.002840,0
QF_BV/Sage2/bench_4197.smt2,STP,1,1.8484938239562325,1.8468314199708402,,0.001662,0
QF_BV/Sage2/bench_4506.smt2,STP,1,0.248467011959292,0.24675988499075174,,0.001707,0
QF_BV/asp/DisjunctiveScheduling/disjunctiveScheduling.in1.smt2,STP,1,206.67268956190674,204.8834516739007,,1.789238,0
QF_BV/sage/app7/bench_678.smt2,Yices2,1,0.5222098678932525,0.34847392491064966,,0.173736,0
QF_BV/sage/app2/bench_495.smt2,Yices2,1,0.2559417548472993,0.23543648584745824,,0.020505,0
QF_BV/bruttomesso/lfsr/lfsr_008_063_080.smt2,Yices2,1,7.409606827015523,7.402188698062673,,0.007418,0
QF_BV/Sage2/bench_15417.smt2,Bitwuzla,1,0.6556538829463534,0.6430029559414834,,0.012651,0
QF_BV/Sage2/bench_17767.smt2,STP,1,0.5375592922209762,0.5242292531765997,,0.013330,0
QF_BV/20221012-MCMPC/dualexecution_affine/dualexecution_affine.t1.i12.a71785a9.smt2,Yices2,1,0.23216187296202406,0.22195635898970068,,0.010206,0
QF_BV/20221012-MCMPC/dualexecution_affine/dualexecution_affine.t1.i2.e672b68c.smt2,Yices2,1,0.432937346980907,0.32079018699005246,,0.112147,0
QF_BV/sage/app1/bench_2039.smt2,Yices2,1,0.214435882109683,0.21271962113678455,,0.001716,0
QF_BV/20221012-MCMPC/millionaires/millionaires.t1.i49.219190e1.smt2,Yices2,1,0.2167371897958219,0.21458616177551448,,0.002151,0
QF_BV/spear/samba_v3.0.24/bin_libsmbsharemodes_vc6208.smt2,Yices2,1,0.6499226128216833,0.6368530378676951,,0.013070,0
QF_BV/sage/app11/bench_202.smt2,Yices2,1,0.39123797399224713,0.3119938960298896,,0.079244,0
QF_BV/20221214-p4dfa-XiaoqiChen/StringMatching/string1x16.10._bit8_na6_nr3_paired.smt2,Yices2,1,915.391988945019,915.344987998018,,0.047001,0
QF_BV/20210219-Sydr/symbolic_memory/nested/pk2bm/predicate_449.smt2,STP,1,0.39966633589938283,0.3867825719062239,,0.012884,0
QF_BV/Sage2/bench_952.smt2,Yices2,1,1.8413652941235341,1.4870611811056733,,0.354304,0
QF_BV/20221012-MCMPC/millionaires/millionaires.t1.i49.c79872a0.smt2,Yices2,1,0.21678438899107277,0.21436847303994,,0.002416,0
QF_BV/20221012-MCMPC/millionaires/millionaires.t1.i17.ce80e53a.smt2,Bitwuzla,1,0.2711089710937813,0.26883021811954677,,0.002279,0
QF_BV/Sage2/bench_16699.smt2,STP,1,0.2429991720127873,0.2401779480278492,,0.002821,0
QF_BV/sage/app1/bench_673.smt2,STP,1,0.2553617340163328,0.25247926102019846,,0.002882,0
QF_BV/sage/app7/bench_770.smt2,Yices2,1,0.5512588760466315,0.37759263603948057,,0.173666,0
QF_BV/sage/app1/bench_611.smt2,STP,1,0.45969456213060766,0.45672836410813034,,0.002966,0
QF_BV/sage/app1/bench_761.smt2,STP,1,0.44828222115756944,0.44544529216364026,,0.002837,0
QF_BV/bruttomesso/core/ext_con_040_001_0512.smt2,STP,1,1.616220839030575,1.6148189110681415,,0.001402,0
QF_BV/sage/app7/bench_2170.smt2,Yices2,1,0.3110183449462056,0.26203631795942783,,0.048982,0
QF_BV/bruttomesso/core/ext_con_064_032_0128.smt2,Yices2,1,1.3622308848425746,1.340759368846193,,0.021472,0
QF_BV/sage/app7/bench_195.smt2,Yices2,1,0.6437509550596587,0.4580630920827389,,0.185688,0
QF_BV/sage/app1/bench_97.smt2,Bitwuzla,1,0.2471658589784056,0.24339898698963225,,0.003767,0
QF_BV/Sage2/bench_1141.smt2,Yices2,1,4.9204044010839425,4.640460801078007,,0.279944,0
QF_BV/sage/app7/bench_307.smt2,Yices2,1,0.6590698257787153,0.47222987678833306,,0.186840,0
QF_BV/Sage2/bench_11781.smt2,STP,1,0.2313648309209384,0.22959697688929737,,0.001768,0
QF_BV/sage/app1/bench_1894.smt2,Yices2,1,0.28056073177140206,0.275571993784979,,0.004989,0
QF_BV/sage/app1/bench_1917.smt2,Yices2,1,1.2732694909791462,1.268282406963408,,0.004987,0
QF_BV/20221012-MCMPC/dualexecution_affine/dualexecution.t1.i15.67a3fad9.smt2,Yices2,1,0.6293747571180575,0.4215099550783634,,0.207865,0
QF_BV/Sage2/bench_13107.smt2,Yices2,1,1.0717896010028198,1.0395422170404345,,0.032247,0
QF_BV/sage/app7/bench_71.smt2,Yices2,1,0.6524374120635912,0.4682226220611483,,0.184215,0
QF_BV/sage/app7/bench_2025.smt2,Yices2,1,0.7823470471194014,0.5412316340953112,,0.241115,0
QF_BV/Sage2/bench_2982.smt2,STP,1,1.235122328158468,1.2065834801178426,,0.028539,0
QF_BV/20190311-bv-term-small-rw-Noetzli/bv-term-small-rw_462.smt2,STP,1,0.21483555191662163,0.2144555828999728,,0.000380,0
QF_BV/uclid/catchconv/convert-jpg2gif-query-1536.smt2,Yices2,1,0.35018977301660925,0.27463802602142096,,0.075552,0
QF_BV/sage/app7/bench_309.smt2,Yices2,1,0.6464526900090277,0.45991940004751086,,0.186533,0
QF_BV/20210219-Sydr/master/cjpeg/predicate_1055.smt2,Yices2,1,0.49077921209391207,0.47267682012170553,,0.018102,0
QF_BV/Sage2/bench_17415.smt2,STP,1,0.3328958769561723,0.3241491599474102,,0.008747,0
QF_BV/Sage2/bench_10602.smt2,Yices2,1,1.2901553241536021,0.9775829641148448,,0.312572,0
QF_BV/sage/app7/bench_2265.smt2,Yices2,1,0.30080382199957967,0.2526725910138339,,0.048131,0
QF_BV/Sage2/bench_2691.smt2,STP,1,35.90056538418867,35.89882292319089,,0.001742,0
QF_BV/sage/app7/bench_721.smt2,Yices2,1,0.5134369119768962,0.34301980398595333,,0.170417,0
QF_BV/log-slicing/bvmul_17.smt2,STP,0,1200.0,1201.227044961881,,0.001324,0
QF_BV/sage/app1/bench_120.smt2,STP,1,0.21190071699675173,0.21101145795546472,,0.000889,0
QF_BV/sage/app8/bench_660.smt2,STP,1,0.3540617548278533,0.35140995983965695,,0.002652,0
QF_BV/sage/app11/bench_283.smt2,Yices2,1,0.37785577890463173,0.3017802299000323,,0.076076,0
QF_BV/Sage2/bench_17885.smt2,Yices2,1,0.4870179030694999,0.3361310020554811,,0.150887,0
QF_BV/20190311-bv-term-small-rw-Noetzli/bv-term-small-rw_308.smt2,STP,1,0.21699005702976137,0.21652059303596616,,0.000469,0
QF_BV/Sage2/bench_9126.smt2,STP,1,0.22729135194094852,0.22576596890576184,,0.001525,0
QF_BV/bruttomesso/core/ext_con_032_016_0128.smt2,STP,1,0.7723707920522429,0.7666831200476736,,0.005688,0
QF_BV/sage/app7/bench_1551.smt2,Yices2,1,0.37463701487286016,0.28585100290365517,,0.088786,0
QF_BV/20221012-MCMPC/dualexecution/dualexecution.t1.i6.b9e28b2a.smt2,Yices2,1,0.2610120519530028,0.23703622398898005,,0.023976,0
QF_BV/log-slicing/bvsub_04997.smt2,STP,1,67.69913116411772,67.69862575712614,,0.000505,0
QF_BV/Sage2/bench_9540.smt2,Yices2,1,0.9239877680665813,0.6642087020445615,,0.259779,0
QF_BV/sage/app7/bench_1409.smt2,Yices2,1,0.38110763410804793,0.2872192091308534,,0.093888,0
QF_BV/spear/samba_v3.0.24/bin_libmsrpc_vc1232039.smt2,Bitwuzla,1,0.9700311621418223,0.9570639980956912,,0.012967,0
QF_BV/uclid/catchconv/convert-jpg2gif-query-1209.smt2,Yices2,1,0.29640304297208786,0.24908837000839412,,0.047315,0
QF_BV/sage/app7/bench_910.smt2,Yices2,1,0.4750387257663533,0.3249658797867596,,0.150073,0
QF_BV/Sage2/bench_11949.smt2,STP,1,0.5536272309254855,0.5505319149233401,,0.003095,0
QF_BV/Sage2/bench_2776.smt2,Yices2,1,0.4632788031012751,0.3679992090910673,,0.095280,0
QF_BV/20221012-MCMPC/millionaires/millionaires.t1.i39.d04945c4.smt2,Yices2,1,0.21589731896528974,0.21391228795982897,,0.001985,0
QF_BV/20221012-MCMPC/millionaires/millionaires.t1.i64.be19631e.smt2,Yices2,1,0.21750380500452593,0.21564314304850996,,0.001861,0
QF_BV/sage/app1/bench_1973.smt2,Yices2,1,0.2479224720154889,0.24301499500870705,,0.004907,0
QF_BV/sage/app7/bench_915.smt2,Yices2,1,0.4807455389527604,0.3282763429451734,,0.152469,0
QF_BV/Sage2/bench_1284.smt2,STP,1,1.3705390118993819,1.3694237628951669,,0.001115,0
QF_BV/Sage2/bench_6558.smt2,STP,1,1.1260688379989006,1.1216202899813652,,0.004449,0
QF_BV/20190429-UltimateAutomizerSvcomp2019/byte_add_1_true-unreach-call_true-no-overflow_true-termination.i_8.smt2,STP,1,0.22447336791083217,0.22384094493463635,,0.000632,0
QF_BV/sage/app7/bench_8542.smt2,Yices2,1,0.6499000489129685,0.4657213529571891,,0.184179,0
QF_BV/Sage2/bench_8275.smt2,STP,1,0.2266024729469791,0.22507526795379817,,0.001527,0
QF_BV/Sage2/bench_12600.smt2,Bitwuzla,1,0.6773203839547932,0.6727516979444772,,0.004569,0
QF_BV/20221012-MCMPC/dualexecution_affine/dualexecution.t1.i14.b47b750a.smt2,Yices2,1,1.279692551062908,0.7108908260706812,,0.568802,0
QF_BV/Sage2/bench_329.smt2,Yices2,1,0.4075227369903587,0.38053515600040555,,0.026988,0
QF_BV/Sage2/bench_2578.smt2,STP,1,0.2307826599571854,0.2295660909730941,,0.001217,0
QF_BV/Sage2/bench_4631.smt2,STP,1,2.5785646499716677,2.5533996659796685,,0.025165,0
QF_BV/20221012-MCMPC/dualexecution_affine/dualexecution.t1.i6.9b8eed0f.smt2,Yices2,1,0.45669021405046806,0.3208240510430187,,0.135866,0
QF_BV/Sage2/bench_2736.smt2,Yices2,1,0.5015234518796206,0.4105017988476902,,0.091022,0
QF_BV/sage/app12/bench_5401.smt2,Yices2,1,0.22403134393971413,0.2204677469562739,,0.003564,0
QF_BV/20221012-MCMPC/dualexecution_affine/dualexecution_affine.t1.i8.dcf9da36.smt2,Yices2,1,0.40556061902316287,0.30235891905613244,,0.103202,0
QF_BV/Sage2/bench_12833.smt2,Bitwuzla,1,10.03231808298733,9.99387329001911,,0.038445,0
QF_BV/Sage2/bench_15135.smt2,STP,1,0.49077223101630807,0.4811632470227778,,0.009609,0
QF_BV/bruttomesso/core/ext_con_060_004_0064.smt2,STP,1,0.4932512688683346,0.49020223692059517,,0.003049,0
QF_BV/20210219-Sydr/master/readelf/predicate_544.smt2,Bitwuzla,1,0.24191102309850976,0.23958169808611274,,0.002329,0
QF_BV/bruttomesso/core/ext_con_052_016_0128.smt2,cvc5,1,1.0350351301021874,1.025833245133981,,0.009202,0
QF_BV/sage/app7/bench_57.smt2,Yices2,1,0.6533849919796921,0.46234680293127894,,0.191038,0
QF_BV/Sage2/bench_14961.smt2,Yices2,1,0.4699646710068919,0.3261788149829954,,0.143786,0
QF_BV/Sage2/bench_5408.smt2,STP,1,1.0068091809516773,1.0021405769512057,,0.004669,0
QF_BV/bruttomesso/core/ext_con_040_002_0128.smt2,STP,1,0.5615469529875554,0.5601455050054938,,0.001401,0
QF_BV/Sage2/bench_8269.smt2,Yices2,1,1.2658655398408882,0.9645220008678734,,0.301344,0
QF_BV/Sage2/bench_9761.smt2,Yices2,1,0.3722861339338124,0.29676104290410876,,0.075525,0
QF_BV/spear/samba_v3.0.24/bin_libsmbsharemodes_vc5833.smt2,Bitwuzla,1,0.5847896420164034,0.5738437520340085,,0.010946,0
QF_BV/20221012-MCMPC/dualexecution_affine/dualexecution_affine.t1.i6.8db94900.smt2,Yices2,1,0.4701276979758404,0.3255226439796388,,0.144605,0
QF_BV/pspace/ndist.b.21497.smt2,STP,1,0.882368778984528,0.8819634669926018,,0.000405,0
QF_BV/Sage2/bench_15502.smt2,STP,1,0.7318563080625609,0.730089063057676,,0.001767,0
QF_BV/Sage2/bench_1184.smt2,STP,1,31.435724164999556,31.43381696403958,,0.001907,0
QF_BV/uclid/catchconv/convert-jpg2gif-query-1241.smt2,Yices2,1,0.3102320042089559,0.26310025015845895,,0.047132,0
QF_BV/Sage2/bench_14753.smt2,STP,1,0.3454349868115969,0.33906811382621527,,0.006367,0
QF_BV/log-slicing/bvslt_5000.smt2,STP,1,13.399542147992179,13.397564081009477,,0.001978,0
QF_BV/sage/app7/bench_1354.smt2,Yices2,1,0.40264501399360597,0.2966252670157701,,0.106020,0
QF_BV/sage/app1/bench_2624.smt2,Bitwuzla,1,0.24133284913841635,0.23722178814932704,,0.004111,0
QF_BV/20190311-bv-term-small-rw-Noetzli/bv-term-small-rw_438.smt2,STP,1,0.2168883370468393,0.21650235704146326,,0.000386,0
QF_BV/20221012-MCMPC/wage_circuit_div/wage_circuit_div.t1.i25.ea263dba.smt2,STP,1,0.23510013101622462,0.23352218000218272,,0.001578,0
QF_BV/20221012-MCMPC/millionaires/millionaires.t1.i19.b7c40a47.smt2,Bitwuzla,1,0.2527742580277845,0.2504159579984844,,0.002358,0
QF_BV/Sage2/bench_9032.smt2,STP,1,0.48682051978539675,0.47863587480969727,,0.008185,0
QF_BV/20230221-oisc-gurtner/SRLI-SAFE-64-1024.smt2,Yices2,1,136.9897056921036,136.90557349007577,,0.084132,0
QF_BV/sage/app7/bench_3002.smt2,Yices2,1,0.6732044760719873,0.4220765910577029,,0.251128,0
QF_BV/Sage2/bench_17817.smt2,Yices2,1,0.48842649383004755,0.3359223648440093,,0.152504,0
QF_BV/Sage2/bench_12698.smt2,STP,1,0.338887014077045,0.33231378602795303,,0.006573,0
QF_BV/Sage2/bench_14193.smt2,Bitwuzla,1,2.359752024989575,2.3486750109586865,,0.011077,0
QF_BV/20221012-MCMPC/mean_buckets/mean_buckets.t1.i3.d874bfd2.smt2,STP,1,0.3581325759878382,0.3544395240023732,,0.003693,0
QF_BV/sage/app1/bench_36.smt2,Bitwuzla,1,0.39860236301319674,0.39463379699736834,,0.003969,0
QF_BV/pspace/ndist.a.26487.smt2,STP,1,129.28084400005173,129.28037232602946,,0.000472,0
QF_BV/brummayerbiere3/isqrt.smt2,STP,1,62.39914266415872,62.39843033417128,,0.000712,0
QF_BV/20190311-bv-term-small-rw-Noetzli/bv-term-small-rw_1352.smt2,STP,1,0.22061682399362326,0.2202289910055697,,0.000388,0
QF_BV/Sage2/bench_16754.smt2,STP,1,0.25962115020956844,0.25551513116806746,,0.004106,0
QF_BV/20221012-MCMPC/dualexecution_affine/dualexecution_affine.t1.i7.ca4ba3fc.smt2,Yices2,1,0.2962645728257485,0.2529091788455844,,0.043355,0
QF_BV/20221012-MCMPC/millionaires/millionaires.t1.i42.c52a7b1b.smt2,Yices2,1,0.2163553552236408,0.21442576521076262,,0.001930,0
QF_BV/bruttomesso/core/ext_con_012_016_0064.smt2,STP,1,0.2858217020984739,0.2834192290902138,,0.002402,0
QF_BV/Sage2/bench_12998.smt2,Yices2,1,0.8827789909555577,0.7140123259741813,,0.168767,0
QF_BV/spear/samba_v3.0.24/bin_eventlogadm_vc351396.smt2,Yices2,1,1.9275035251048394,1.88503179512918,,0.042472,0
QF_BV/Sage2/bench_11651.smt2,STP,1,0.227259557985235,0.22546453401446342,,0.001795,0
QF_BV/spear/samba_v3.0.24/bin_libmsrpc_vc1225789.smt2,Yices2,1,0.7499264238285832,0.7354404288344085,,0.014486,0
QF_BV/Sage2/bench_1540.smt2,Yices2,1,0.4608079308527522,0.36791842989623547,,0.092890,0
QF_BV/float/add_01_100_2.smt2,Yices2,1,2.338186668988783,2.3312506040092558,,0.006936,0
QF_BV/Sage2/bench_4741.smt2,Yices2,1,2.5996172270388342,2.2414094440173358,,0.358208,0
QF_BV/spear/samba_v3.0.24/bin_libsmbclient_vc1225835.smt2,Yices2,1,0.9903171650948934,0.9723962200805545,,0.017921,0
QF_BV/sage/app7/bench_91.smt2,Yices2,1,0.6814070051186718,0.4946159580722451,,0.186791,0
QF_BV/sage/app7/bench_8524.smt2,Yices2,1,0.6488199690356851,0.46474569104611874,,0.184074,0
QF_BV/sage/app7/bench_2074.smt2,Yices2,1,0.30158643890172243,0.2509242088999599,,0.050662,0
QF_BV/20221012-MCMPC/mean_buckets/mean_buckets.t1.i15.06fbe2b6.smt2,STP,1,0.35116760997334495,0.34791007195599377,,0.003258,0
QF_BV/sage/app7/bench_8530.smt2,Yices2,1,0.6547031748923473,0.4661336909048259,,0.188569,0
QF_BV/Sage2/bench_12357.smt2,STP,1,0.34791248303372413,0.34124509198591113,,0.006667,0
QF_BV/20190311-bv-term-small-rw-Noetzli/bv-term-small-rw_1272.smt2,STP,1,0.22714316210476682,0.2267192720901221,,0.000424,0
QF_BV/20221012-MCMPC/millionaires/millionaires.t1.i53.ddd547b6.smt2,Yices2,1,0.2158252620138228,0.21367445401847363,,0.002151,0
QF_BV/20190311-bv-term-small-rw-Noetzli/bv-term-small-rw_821.smt2,STP,1,0.2275913238991052,0.2271880719345063,,0.000403,0
QF_BV/mcm/99.smt2,Bitwuzla,1,25.32460620405618,25.31797253806144,,0.006634,0
QF_BV/uclid/catchconv/convert-jpg2gif-query-1603.smt2,Yices2,1,0.3905168009805493,0.31173353898338974,,0.078783,0
QF_BV/sage/app8/bench_198.smt2,Bitwuzla,1,0.4457482909783721,0.44215764198452234,,0.003591,0
QF_BV/Sage2/bench_10714.smt2,STP,1,0.5183259639889002,0.5153647270053625,,0.002961,0
QF_BV/sage/app8/bench_494.smt2,STP,1,0.3842944790958427,0.3813410750590265,,0.002953,0
QF_BV/20221012-MCMPC/dualexecution_affine/dualexecution_affine.t1.i12.6bf4e1d8.smt2,Yices2,1,0.23894365597516298,0.22436482994817197,,0.014579,0
QF_BV/uclid/catchconv/convert-jpg2gif-query-1612.smt2,Yices2,1,0.6178052650648169,0.5354232380632311,,0.082382,0
QF_BV/spear/samba_v3.0.24/bin_eventlogadm_vc352361.smt2,Yices2,1,1.463100047025364,1.4262699240352958,,0.036830,0
QF_BV/Sage2/bench_12128.smt2,STP,1,0.2586253840709105,0.2561194871086627,,0.002506,0
QF_BV/20190311-bv-term-small-rw-Noetzli/bv-term-small-rw_1292.smt2,STP,1,0.21505475108278915,0.2146530020982027,,0.000402,0
QF_BV/Sage2/bench_1548.smt2,STP,1,6.392178090114612,6.390372574096546,,0.001806,0
QF_BV/spear/samba_v3.0.24/bin_libsmbclient_vc1225759.smt2,Yices2,1,1.3119099648902193,1.28867003088817,,0.023240,0
QF_BV/Sage2/bench_13684.smt2,STP,1,0.22755472699645907,0.2257522779982537,,0.001802,0
QF_BV/Sage2/bench_13440.smt2,Yices2,1,0.23616681585554034,0.22592306486330926,,0.010244,0
QF_BV/20221012-MCMPC/millionaires/millionaires.t1.i54.d0ab302c.smt2,Yices2,1,0.21967899706214666,0.2177476950455457,,0.001931,0
QF_BV/20221012-MCMPC/dualexecution_affine/dualexecution_affine.t1.i9.afce459c.smt2,Yices2,1,0.30671634298050776,0.25450299796648324,,0.052213,0
QF_BV/bruttomesso/core/ext_con_044_001_0256.smt2,STP,1,0.8154517749208026,0.8139903869014233,,0.001461,0
QF_BV/Sage2/bench_15252.smt2,Yices2,1,0.4567656050203368,0.3719882080331445,,0.084777,0
QF_BV/Sage2/bench_16633.smt2,Yices2,1,0.5409481588867493,0.4456345068756491,,0.095314,0
QF_BV/20221012-MCMPC/millionaires/millionaires.t1.i23.7858c725.smt2,Bitwuzla,1,0.24909095809562132,0.24688692204654217,,0.002204,0
QF_BV/Sage2/bench_2933.smt2,STP,1,43.36735260707792,43.36596355913207,,0.001389,0
QF_BV/Sage2/bench_1016.smt2,Bitwuzla,1,2.296522216987796,2.2129239039495587,,0.083598,0
QF_BV/Sage2/bench_16716.smt2,Yices2,1,1.8087967499741353,1.6108425289858133,,0.197954,0
QF_BV/Sage2/bench_7862.smt2,Bitwuzla,1,5.54762305697659,5.544654584955424,,0.002968,0
QF_BV/20221012-MCMPC/wage_circuit_div/wage_circuit_div.t1.i27.6b7fc348.smt2,STP,1,0.23032154300017282,0.22872041002847254,,0.001601,0
QF_BV/spear/inn_v2.4.3/nnrpd_nnrpd_vc21208.smt2,Bitwuzla,1,0.43758261896437034,0.4359011759515852,,0.001681,0
QF_BV/Sage2/bench_10277.smt2,Bitwuzla,1,2.1129015871556476,2.093879087129608,,0.019023,0
QF_BV/20221012-MCMPC/wage/wage.t1.i22.775c47cf.smt2,Bitwuzla,1,0.2492055431357585,0.2474137081298977,,0.001792,0
QF_BV/Sage2/bench_2136.smt2,Bitwuzla,1,0.669789255131036,0.5331820230931044,,0.136607,0
QF_BV/Sage2/bench_5738.smt2,Yices2,1,0.5143739591003396,0.40232988307252526,,0.112044,0
QF_BV/Sage2/bench_5146.smt2,STP,1,27.52610311016906,27.524460862157866,,0.001642,0
QF_BV/20221012-MCMPC/dualexecution_affine/dualexecution_affine.t1.i8.29be8db4.smt2,Yices2,1,0.39391667203744873,0.2937546439934522,,0.100162,0
QF_BV/Sage2/bench_14870.smt2,Bitwuzla,1,1.8007194508682005,1.7613963088952005,,0.039323,0
QF_BV/brummayerbiere4/unconstrained04.smt2,Bitwuzla,1,20.16039828385692,20.159974427893758,,0.000424,0
QF_BV/sage/app7/bench_2166.smt2,Yices2,1,0.2983461539261043,0.24892088491469622,,0.049425,0
QF_BV/Sage2/bench_16957.smt2,STP,1,0.5009122399496846,0.49806462693959475,,0.002848,0
QF_BV/Sage2/bench_14126.smt2,Yices2,1,5.853248987114057,5.670578041113913,,0.182671,0
QF_BV/20210219-Sydr/master/cjpeg/predicate_2601.smt2,Yices2,1,0.5390217531239614,0.4949376911390573,,0.044084,0
QF_BV/asp/HamiltonianPath/gryzzles.20.lp.smt2,Yices2,1,1.672924789134413,1.6492893050890416,,0.023635,0
QF_BV/sage/app7/bench_204.smt2,Yices2,1,0.6487284869072028,0.46534010488539934,,0.183388,0
QF_BV/mcm/52.smt2,Bitwuzla,1,838.8882417539717,838.8780622759368,,0.010179,0
QF_BV/20230321-UltimateAutomizerSvcomp2023/cohencu.c_0.smt2,STP,1,0.21129498013760895,0.21038526110351086,,0.000910,0
QF_BV/sage/app11/bench_370.smt2,Yices2,1,0.38286135788075626,0.3057653808500618,,0.077096,0
QF_BV/sage/app7/bench_2040.smt2,Yices2,1,0.3127645128406584,0.2556465568486601,,0.057118,0
QF_BV/20210219-Sydr/master/readelf/predicate_508.smt2,Bitwuzla,1,0.2544527039863169,0.2527233629953116,,0.001729,0
QF_BV/20221012-MCMPC/wage_circuit_div/wage_circuit_div.t1.i19.634d90c2.smt2,STP,1,0.23283785191597417,0.23098385194316506,,0.001854,0
QF_BV/Sage2/bench_15937.smt2,Yices2,1,2.872563123877626,2.709974452853203,,0.162589,0
QF_BV/20221012-MCMPC/millionaires/millionaires.t1.i41.cde477f6.smt2,Yices2,1,0.2238513749325648,0.2217743939254433,,0.002077,0
QF_BV/20190311-bv-term-small-rw-Noetzli/bv-term-small-rw_497.smt2,STP,1,0.21406854706583545,0.21365715004503727,,0.000411,0
QF_BV/20210219-Sydr/symbolic_memory/linear/faad/predicate_1385.smt2,STP,1,0.4992684049066156,0.450341546908021,,0.048927,0
QF_BV/20210312-Bouvier/vlsat3_a11.smt2,STP,1,67.30191774695413,67.27464806195349,,0.027270,0
QF_BV/sage/app11/bench_477.smt2,Yices2,1,0.3769680960685946,0.3000678070820868,,0.076900,0
QF_BV/spear/inn_v2.4.3/nnrpd_nnrpd_vc21633.smt2,Bitwuzla,1,0.4243167419335805,0.4226822159253061,,0.001635,0
QF_BV/sage/app1/bench_2488.smt2,STP,1,0.21417774801375344,0.2130057760514319,,0.001172,0
QF_BV/20221012-MCMPC/millionaires/millionaires.t1.i6.6d119863.smt2,Bitwuzla,1,0.25285294599598274,0.25041041104122996,,0.002443,0
QF_BV/Sage2/bench_16903.smt2,STP,1,0.22708467510528862,0.22541835508309305,,0.001666,0
QF_BV/Sage2/bench_4597.smt2,STP,1,0.23002365283900872,0.22842234186828136,,0.001601,0
QF_BV/Sage2/bench_11466.smt2,Yices2,1,0.6458564869244583,0.4515803689137101,,0.194276,0
QF_BV/Sage2/bench_10699.smt2,Yices2,1,0.33515261008869857,0.32758361008018255,,0.007569,0
QF_BV/Sage2/bench_6298.smt2,STP,1,0.48778583691455424,0.4799767639487982,,0.007809,0
QF_BV/Sage2/bench_12666.smt2,STP,1,0.28660064487485215,0.28088851692155004,,0.005712,0
QF_BV/bruttomesso/lfsr/lfsr_002_079_048.smt2,STP,1,0.9433138361782767,0.9418426791671664,,0.001471,0
QF_BV/Sage2/bench_12899.smt2,Bitwuzla,1,0.4751323930104263,0.4654698600061238,,0.009663,0
QF_BV/20221012-MCMPC/wage_circuit_div/wage_circuit_div.t1.i35.6e23c51d.smt2,STP,1,0.23442655504914,0.23309106100350618,,0.001335,0
QF_BV/20221012-MCMPC/dualexecution_affine/dualexecution.t1.i10.33c9241b.smt2,Yices2,1,0.33662577194627374,0.26846988196484745,,0.068156,0
QF_BV/Sage2/bench_17039.smt2,STP,1,0.5288727750303224,0.5199472890235484,,0.008925,0
QF_BV/float/mult2.c.3.smt2,STP,1,0.3331093559972942,0.330505850026384,,0.002604,0
QF_BV/sage/app11/bench_11.smt2,Yices2,1,0.3775886408984661,0.3017436699010432,,0.075845,0
QF_BV/Sage2/bench_224.smt2,Yices2,1,0.26180357206612825,0.24388572108000517,,0.017918,0
QF_BV/sage/app7/bench_8581.smt2,Yices2,1,0.6579116599750705,0.474017082946375,,0.183895,0
QF_BV/Sage2/bench_11221.smt2,STP,1,0.23037621920229867,0.22757777315564454,,0.002798,0
QF_BV/bruttomesso/lfsr/lfsr_008_127_032.smt2,STP,1,4.957386064052116,4.953847686061636,,0.003538,0
QF_BV/sage/app1/bench_703.smt2,Yices2,1,0.2505742261419073,0.24533850117586553,,0.005236,0
QF_BV/20221012-MCMPC/millionaires/millionaires.t1.i30.02604758.smt2,Yices2,1,0.2400061499211006,0.23789555695839226,,0.002111,0
QF_BV/sage/app7/bench_8628.smt2,Yices2,1,0.6492347189923748,0.46216669399291277,,0.187068,0
QF_BV/Sage2/bench_15580.smt2,STP,1,0.7897434900514781,0.7732458950486034,,0.016498,0
QF_BV/Sage2/bench_16741.smt2,STP,1,0.24815925618167967,0.24456579517573118,,0.003593,0
QF_BV/20221012-MCMPC/millionaires/millionaires.t1.i60.2ccb5ff5.smt2,Yices2,1,0.21887519996380433,0.21678330097347498,,0.002092,0
QF_BV/Sage2/bench_17321.smt2,STP,1,1.2619089302024804,1.2587750481907278,,0.003134,0
QF_BV/20190311-bv-term-small-rw-Noetzli/bv-term-small-rw_422.smt2,STP,1,0.21665789716644213,0.21626055613160133,,0.000397,0
QF_BV/Sage2/bench_9124.smt2,STP,1,0.22688810899853706,0.22527533397078514,,0.001613,0
QF_BV/20221012-MCMPC/dualexecution_affine/dualexecution_affine.t1.i2.561eab5c.smt2,Yices2,1,0.5088771370355971,0.3736215920653194,,0.135256,0
QF_BV/Sage2/bench_3870.smt2,Bitwuzla,1,0.4990580968442373,0.4790319518651813,,0.020026,0
QF_BV/20221012-MCMPC/dualexecution_affine/dualexecution_affine.t1.i2.a2315b83.smt2,Yices2,1,0.5620685730245896,0.37119635101407766,,0.190872,0
QF_BV/sage/app7/bench_2503.smt2,Yices2,1,0.8241314712213352,0.5760701491963118,,0.248061,0
QF_BV/sage/app7/bench_8577.smt2,Yices2,1,0.6704954591696151,0.42525562015362084,,0.245240,0
QF_BV/20221012-MCMPC/millionaires/millionaires.t1.i41.f83c5249.smt2,Yices2,1,0.21691005607135594,0.21485059708356857,,0.002059,0
QF_BV/sage/app11/bench_524.smt2,Yices2,1,0.424081020813901,0.34840089082717896,,0.075680,0
QF_BV/20210219-Sydr/symbolic_memory/bst/readelf/predicate_502.smt2,Bitwuzla,1,0.256718544929754,0.2545238758902997,,0.002195,0
QF_BV/20221012-MCMPC/millionaires/millionaires.t1.i10.97031b27.smt2,Bitwuzla,1,0.2753729799296707,0.27299052593298256,,0.002382,0
QF_BV/Sage2/bench_8442.smt2,STP,1,0.27540394285460934,0.2687656208872795,,0.006638,0
QF_BV/spear/samba_v3.0.24/bin_libmsrpc_vc1225221.smt2,Bitwuzla,1,0.708519502019044,0.6994812260381877,,0.009038,0
QF_BV/Sage2/bench_10929.smt2,Bitwuzla,1,0.9841683900449425,0.9508771160617471,,0.033291,0
QF_BV/Sage2/bench_11930.smt2,STP,1,0.5910036900895648,0.5754158990457654,,0.015588,0
QF_BV/bruttomesso/core/ext_con_012_016_1024.smt2,STP,1,2.102643087040633,2.100159825058654,,0.002483,0
QF_BV/sage/app7/bench_1556.smt2,Yices2,1,0.3712068010936491,0.28098969510756433,,0.090217,0
QF_BV/sage/app7/bench_1681.smt2,Yices2,1,0.7892713120090775,0.5444573080167174,,0.244814,0
QF_BV/Sage2/bench_11736.smt2,STP,1,0.9930555239552632,0.9918711979407817,,0.001184,0
QF_BV/bruttomesso/lfsr/lfsr_004_079_112.smt2,STP,1,6.143334463937208,6.138015314936638,,0.005319,0
QF_BV/20221012-MCMPC/millionaires/millionaires.t1.i40.22a46373.smt2,Yices2,1,0.21507441415451467,0.21286980714648962,,0.002205,0
QF_BV/Sage2/bench_14843.smt2,Yices2,1,0.5197416271548718,0.4995219411794096,,0.020220,0
QF_BV/20221012-MCMPC/mean_buckets/mean_buckets.t1.i30.6c4cac9f.smt2,STP,1,0.3435826580389403,0.3413659590296447,,0.002217,0
QF_BV/uclid/catchconv/convert-jpg2gif-query-1345.smt2,Yices2,1,0.30568832822609693,0.25550079718232155,,0.050188,0
QF_BV/20210312-Bouvier/vlsat3_a66.smt2,Bitwuzla,1,379.46335745288525,379.3331649568863,,0.130192,0
QF_BV/Sage2/bench_15558.smt2,Yices2,1,0.45434877107618377,0.3694261680357158,,0.084923,0
QF_BV/Sage2/bench_5753.smt2,STP,1,0.2243101117783226,0.22299240482971072,,0.001318,0
QF_BV/sage/app7/bench_7224.smt2,Yices2,1,0.8003019851748832,0.5485641341656446,,0.251738,0
QF_BV/bruttomesso/core/ext_con_052_008_0512.smt2,STP,1,1.9125164019060321,1.9076326799113303,,0.004884,0
QF_BV/Sage2/bench_13506.smt2,Yices2,1,0.3444268580642529,0.33830893808044493,,0.006118,0
QF_BV/20190311-bv-term-small-rw-Noetzli/bv-term-small-rw_1549.smt2,STP,1,0.2824007509625517,0.28197223297320306,,0.000429,0
QF_BV/spear/samba_v3.0.24/bin_eventlogadm_vc331054.smt2,Yices2,1,0.32285227213287726,0.3152455841191113,,0.007607,0
QF_BV/20221012-MCMPC/dualexecution_affine/dualexecution_affine.t1.i12.2afca700.smt2,Yices2,1,0.291647105186712,0.2679620331618935,,0.023685,0
QF_BV/20210219-Sydr/master/cjpeg/predicate_2287.smt2,Yices2,1,0.43087184097385034,0.3916507959365845,,0.039221,0
QF_BV/sage/app1/bench_1899.smt2,Yices2,1,0.28331887803506106,0.2783727589994669,,0.004946,0
QF_BV/spear/samba_v3.0.24/bin_libsmbsharemodes_vc4778.smt2,Bitwuzla,1,0.4072132908622734,0.40022157481871545,,0.006992,0
QF_BV/20221012-MCMPC/dualexecution_affine/dualexecution_affine.t1.i4.eeaf3fc0.smt2,Yices2,1,0.364944817032665,0.2801042690407485,,0.084841,0
QF_BV/20221012-MCMPC/millionaires/millionaires.t1.i4.37e219ef.smt2,Bitwuzla,1,0.2596314150141552,0.25708403601311147,,0.002547,0
QF_BV/Sage2/bench_7776.smt2,Yices2,1,0.3153222439577803,0.2874078629538417,,0.027914,0
QF_BV/spear/zebra_v0.95a/bgpd_bgpd_vc76751.smt2,STP,1,0.5560391799663194,0.5543511649593711,,0.001688,0
QF_BV/20221012-MCMPC/wage/wage.t1.i28.5d9d19e5.smt2,Bitwuzla,1,0.25245453597744927,0.25082361698150635,,0.001631,0
QF_BV/20221012-MCMPC/sugarbeets/sugarbeets.t1.i28.49e063b3.smt2,Yices2,1,0.32283795601688325,0.3154711970128119,,0.007367,0
QF_BV/20221214-p4dfa-XiaoqiChen/StringMatching/string4x8.6._bit16_na6_nr4_paired.smt2,Yices2,0,1200.0,1201.2812300259247,,0.111946,0
QF_BV/Sage2/bench_11475.smt2,Bitwuzla,1,5.623992151056882,5.177336232038215,,0.446656,0
QF_BV/Sage2/bench_12624.smt2,STP,1,0.7586510609835386,0.7249865760095417,,0.033664,0
QF_BV/Sage2/bench_17031.smt2,STP,1,3.199312023120001,3.19693023012951,,0.002382,0
QF_BV/Sage2/bench_11295.smt2,Yices2,1,0.34555107599589974,0.31831359304487705,,0.027237,0
QF_BV/sage/app11/bench_391.smt2,Yices2,1,0.38546085683628917,0.30820890981703997,,0.077252,0
QF_BV/Sage2/bench_11697.smt2,Yices2,1,3.6856243501533754,3.575577258132398,,0.110047,0
QF_BV/sage/app11/bench_598.smt2,Yices2,1,0.3890408538863994,0.31210694392211735,,0.076934,0
QF_BV/sage/app7/bench_4725.smt2,Yices2,1,0.5859057901543565,0.38843256514519453,,0.197473,0
QF_BV/bruttomesso/lfsr/lfsr_002_111_128.smt2,STP,1,3.2471097880625166,3.243805564008653,,0.003304,0
QF_BV/Sage2/bench_11481.smt2,STP,1,0.24033483304083347,0.23727002507075667,,0.003065,0
QF_BV/Sage2/bench_3166.smt2,STP,1,35.31391472899122,35.31223698798567,,0.001678,0
QF_BV/sage/app7/bench_1550.smt2,Yices2,1,0.3698930972022936,0.27865456719882786,,0.091239,0
QF_BV/uclid/catchconv/convert-jpg2gif-query-1533.smt2,Yices2,1,0.37524162710178643,0.30049493513070047,,0.074747,0
QF_BV/20210219-Sydr/master/readelf/predicate_1253.smt2,Bitwuzla,1,0.24207697599194944,0.23938616598024964,,0.002691,0
QF_BV/Sage2/bench_12302.smt2,STP,1,0.3667990689864382,0.35799999302253127,,0.008799,0
QF_BV/20221012-MCMPC/millionaires/millionaires.t3.i31.ce3823a1.smt2,Yices2,1,0.21718136890558526,0.21401570993475616,,0.003166,0
QF_BV/Sage2/bench_10903.smt2,Bitwuzla,1,26.45205749181332,26.417879118816927,,0.034178,0
QF_BV/log-slicing/bvadd_12887.smt2,STP,1,2.435111420985777,2.4345535170286894,,0.000558,0
QF_BV/20221012-MCMPC/millionaires/millionaires.t1.i1.c05fba30.smt2,Bitwuzla,1,0.2511942909914069,0.24892556597478688,,0.002269,0
QF_BV/20221012-MCMPC/millionaires/millionaires.t4.i8.b51f323c.smt2,Bitwuzla,1,0.3430287649971433,0.3389395719859749,,0.004089,0
QF_BV/sage/app7/bench_2801.smt2,STP,1,0.27441876189550385,0.273538458859548,,0.000880,0
QF_BV/spear/wget_v1.10.2/src_wget_vc18197.smt2,STP,1,0.3670123830088414,0.36608313699252903,,0.000929,0
QF_BV/20190311-bv-term-small-rw-Noetzli/bv-term-small-rw_1229.smt2,STP,1,0.21307039191015065,0.21265083993785083,,0.000420,0
QF_BV/Sage2/bench_1210.smt2,STP,1,37.000468305835966,36.99893270083703,,0.001536,0
QF_BV/bruttomesso/core/ext_con_028_016_0128.smt2,STP,1,0.5549097559996881,0.5497133349999785,,0.005196,0
QF_BV/sage/app7/bench_2086.smt2,Yices2,1,0.3041481910040602,0.2530090659856796,,0.051139,0
QF_BV/sage/app12/bench_917.smt2,STP,1,0.42285236093448475,0.42048069392330945,,0.002372,0
QF_BV/20190311-bv-term-small-rw-Noetzli/bv-term-small-rw_1519.smt2,STP,1,0.27083906810730696,0.2703938090708107,,0.000445,0
QF_BV/sage/app8/bench_627.smt2,STP,1,0.36962162802228704,0.36686204303987324,,0.002760,0
QF_BV/sage/app11/bench_134.smt2,Yices2,1,0.37917473807465285,0.30226512206718326,,0.076910,0
QF_BV/sage/app7/bench_4836.smt2,Yices2,1,0.6808615609188564,0.48242631391622126,,0.198435,0
QF_BV/20210312-Bouvier/vlsat3_a31.smt2,STP,1,34.19550107093528,34.190867631928995,,0.004633,0
QF_BV/sage/app1/bench_628.smt2,STP,1,0.2405826631002128,0.23766394308768213,,0.002919,0
QF_BV/20221012-MCMPC/dualexecution/dualexecution.t1.i15.bd077eae.smt2,Yices2,1,0.715918495086953,0.45100274006836116,,0.264916,0
QF_BV/20221012-MCMPC/millionaires/millionaires.t1.i19.ca749af2.smt2,Bitwuzla,1,0.25726602401118726,0.2549631670117378,,0.002303,0
QF_BV/spear/samba_v3.0.24/bin_libmsrpc_vc1225854.smt2,Yices2,1,0.8769889278337359,0.8571563428267837,,0.019833,0
QF_BV/Sage2/bench_4793.smt2,STP,1,0.24475216399878263,0.24299794994294643,,0.001754,0
QF_BV/sage/app7/bench_465.smt2,Yices2,1,0.5971865631290711,0.4150197980925441,,0.182167,0
QF_BV/sage/app7/bench_311.smt2,Yices2,1,0.6460134099470451,0.4597215859685093,,0.186292,0
QF_BV/spear/samba_v3.0.24/bin_libsmbsharemodes_vc4758.smt2,Bitwuzla,1,0.4111361089744605,0.4049311450216919,,0.006205,0
QF_BV/Sage2/bench_4894.smt2,STP,1,40.63763467897661,40.636281145969406,,0.001354,0
QF_BV/20221012-MCMPC/millionaires/millionaires.t1.i49.df5c10f7.smt2,Yices2,1,0.21420575509546325,0.2121346250642091,,0.002071,0
QF_BV/sage/app9/bench_2988.smt2,Bitwuzla,1,0.43280379800125957,0.42916781501844525,,0.003636,0
QF_BV/asp/EdgeMatching/edge-matching-width=7-height=7-colours=11.smt2,STP,1,69.10561824787874,68.88672636891715,,0.218892,0
QF_BV/bmc-bv-svcomp14/soft_float_1_true.c.cil.c.21.smt2,Yices2,1,1.387015529035125,0.6853078580461442,,0.701708,0
QF_BV/Sage2/bench_13844.smt2,Yices2,1,0.5216145149897784,0.42606605403125286,,0.095548,0
QF_BV/20221012-MCMPC/wage_circuit_div/wage_circuit_div.t1.i30.2e4f38a1.smt2,STP,1,0.22889912291429937,0.22751970891840756,,0.001379,0
QF_BV/asp/ConnectedDominatingSet/rand_50_250_1235842610_0_k=6_unsat.gph.smt2,Yices2,1,1.0192629760713317,1.0104749710299075,,0.008788,0
QF_BV/sage/app7/bench_1527.smt2,Yices2,1,0.3712344840168953,0.27873198105953634,,0.092503,0
QF_BV/sage/app11/bench_130.smt2,Yices2,1,0.3780089789070189,0.3007838889025152,,0.077225,0
QF_BV/sage/app1/bench_1890.smt2,Yices2,1,0.24578869401011616,0.24078412703238428,,0.005005,0
QF_BV/sage/app7/bench_676.smt2,Yices2,1,0.5300381698762067,0.35677643888629973,,0.173262,0
QF_BV/uclid/catchconv/convert-jpg2gif-query-1600.smt2,Yices2,1,0.44873746391385794,0.36909379390999675,,0.079644,0
QF_BV/Sage2/bench_5685.smt2,STP,1,3.5873758689849637,3.585950823035091,,0.001425,0
QF_BV/Sage2/bench_13007.smt2,STP,1,0.2819353748927824,0.275721960933879,,0.006213,0
QF_BV/mcm/34.smt2,Bitwuzla,1,22.343234587053303,22.33760745706968,,0.005627,0
QF_BV/sage/app7/bench_376.smt2,Yices2,1,0.7785355971427634,0.5942746731452644,,0.184261,0
QF_BV/Sage2/bench_6096.smt2,Yices2,1,0.4895500940037891,0.37720377603545785,,0.112346,0
QF_BV/20221012-MCMPC/millionaires/millionaires.t1.i39.39853482.smt2,Yices2,1,0.21785284206271172,0.21580474404618144,,0.002048,0
QF_BV/sage/app7/bench_8567.smt2,Yices2,1,0.6545074299210683,0.47179855895228684,,0.182709,0
QF_BV/20190311-bv-term-small-rw-Noetzli/bv-term-small-rw_195.smt2,STP,1,0.2161497029592283,0.21571260900236666,,0.000437,0
QF_BV/bruttomesso/lfsr/lfsr_008_047_064.smt2,Yices2,1,3.75613860815065,3.7503311841282994,,0.005807,0
QF_BV/Sage2/bench_6091.smt2,STP,1,0.2532836939790286,0.2517544759903103,,0.001529,0
QF_BV/spear/samba_v3.0.24/bin_libsmbclient_vc1225733.smt2,Bitwuzla,1,0.7605662981513888,0.748106436105445,,0.012460,0
QF_BV/sage/app1/bench_994.smt2,STP,1,0.41738213709322736,0.414694796083495,,0.002687,0
QF_BV/bruttomesso/core/ext_con_040_002_1024.smt2,STP,1,3.4719760318403132,3.4705945318564773,,0.001381,0
QF_BV/sage/app11/bench_316.smt2,Yices2,1,0.3800423320499249,0.30421687406487763,,0.075825,0
QF_BV/Sage2/bench_12284.smt2,Bitwuzla,1,7.104634597024415,7.0634743890259415,,0.041160,0
QF_BV/Sage2/bench_9152.smt2,STP,1,0.22396071796538308,0.22223978396505117,,0.001721,0
QF_BV/Sage2/bench_16178.smt2,STP,1,5.475204354792368,5.40739657683298,,0.067808,0
QF_BV/sage/app7/bench_166.smt2,Yices2,1,0.6554284251178615,0.47050786414183676,,0.184921,0
QF_BV/Sage2/bench_11208.smt2,Bitwuzla,1,0.6931316900881939,0.6581521350890398,,0.034980,0
QF_BV/Sage2/bench_1158.smt2,STP,1,46.604014680953696,46.601964154979214,,0.002051,0
QF_BV/uclid/catchconv/convert-jpg2gif-query-1511.smt2,Yices2,1,0.35132207412971184,0.2778863781131804,,0.073436,0
QF_BV/Sage2/bench_11751.smt2,Yices2,1,2.491534380882513,2.182181926909834,,0.309352,0
QF_BV/sage/app7/bench_18.smt2,Yices2,1,0.658645061950665,0.46892451494932175,,0.189721,0
QF_BV/bruttomesso/core/ext_con_052_004_0512.smt2,STP,1,2.093751802050974,2.091019418090582,,0.002732,0
QF_BV/Sage2/bench_150.smt2,STP,1,0.6589114660746418,0.6461725090630352,,0.012739,0
QF_BV/sage/app1/bench_1935.smt2,Yices2,1,0.2444005369907245,0.23958071297965944,,0.004820,0
QF_BV/spear/samba_v3.0.24/bin_libsmbclient_vc1225883.smt2,Yices2,1,1.6048817188711837,1.5803800008725375,,0.024502,0
QF_BV/Sage2/bench_5527.smt2,STP,1,8.096684850868769,8.095496462890878,,0.001188,0
QF_BV/2019-Wolf-fmbench/2018E/picorv32-check-unrolled-nomem.smt2,Yices2,1,2.328125824860763,2.212099450873211,,0.116026,0
QF_BV/Sage2/bench_11275.smt2,Bitwuzla,1,6.339139406802133,5.907107107806951,,0.432032,0
QF_BV/bmc-bv-svcomp14/soft_float_1_true.c.cil.c.17.smt2,Yices2,1,1.0316183510585688,0.6075175190344453,,0.424101,0
QF_BV/Sage2/bench_13449.smt2,Yices2,1,0.8367699251393788,0.8040120101068169,,0.032758,0
QF_BV/sage/app7/bench_466.smt2,Yices2,1,0.5929389887605794,0.4032262098044157,,0.189713,0
QF_BV/20221012-MCMPC/millionaires/millionaires.t1.i22.cc61f1ad.smt2,STP,1,0.22476445802021772,0.22339155501686037,,0.001373,0
QF_BV/Sage2/bench_17037.smt2,STP,1,0.290866341907531,0.2874042128678411,,0.003462,0
QF_BV/Sage2/bench_2523.smt2,STP,1,13.913768763071857,13.911942097125575,,0.001827,0
QF_BV/Sage2/bench_15110.smt2,STP,1,0.5334285240969621,0.524433083133772,,0.008995,0
QF_BV/sage/app1/bench_184.smt2,Bitwuzla,1,0.6137918540043756,0.6101749700028449,,0.003617,0
QF_BV/Sage2/bench_10579.smt2,STP,1,0.7344764080480672,0.7170521870721132,,0.017424,0
QF_BV/Sage2/bench_6734.smt2,STP,1,0.3183307218714617,0.31402099085971713,,0.004310,0
QF_BV/spear/samba_v3.0.24/bin_libsmbclient_vc1228447.smt2,Yices2,1,1.4220451460569166,1.4014752320945263,,0.020570,0
QF_BV/20221012-MCMPC/dualexecution/dualexecution.t1.i28.972bf285.smt2,Yices2,1,2.2923869859077968,1.3509237489197403,,0.941463,0
QF_BV/20210219-Sydr/master/cjpeg/predicate_2626.smt2,Yices2,1,0.4576997341355309,0.41291371011175215,,0.044786,0
QF_BV/Sage2/bench_15799.smt2,STP,1,0.24216723901918158,0.23881953302770853,,0.003348,0
QF_BV/sage/app11/bench_467.smt2,Yices2,1,0.4034489810001105,0.3270324890036136,,0.076416,0
QF_BV/sage/app7/bench_361.smt2,Yices2,1,0.6493249700288288,0.46145792305469513,,0.187867,0
QF_BV/Sage2/bench_2996.smt2,STP,1,2.510572270024568,2.506931659998372,,0.003641,0
QF_BV/Sage2/bench_8105.smt2,STP,1,0.9775397059274837,0.9711114829406142,,0.006428,0
QF_BV/spear/samba_v3.0.24/bin_libmsrpc_vc1225332.smt2,Yices2,1,0.9412928769597784,0.9216773950029165,,0.019615,0
QF_BV/spear/inn_v2.4.3/innd_innd_vc33359.smt2,Bitwuzla,1,0.5340329029713757,0.5318229589611292,,0.002210,0
QF_BV/sage/app1/bench_313.smt2,STP,1,0.4820769869838841,0.4784128849860281,,0.003664,0
QF_BV/Sage2/bench_14468.smt2,STP,1,0.7854461928945966,0.7695289459079504,,0.015917,0
QF_BV/sage/app7/bench_5869.smt2,Yices2,1,0.5963427851093002,0.3809592560864985,,0.215384,0
QF_BV/20210219-Sydr/master/readelf/predicate_487.smt2,STP,1,0.27258876810083166,0.27112428308464587,,0.001464,0
QF_BV/20210219-Sydr/symbolic_memory/linear/readelf/predicate_2210.smt2,Yices2,1,1.7144775000051595,1.5697041309904307,,0.144773,0
QF_BV/sage/app7/bench_549.smt2,Yices2,1,0.5797139840433374,0.3932853010483086,,0.186429,0
QF_BV/Sage2/bench_8063.smt2,STP,1,0.2567088999203406,0.2552135039586574,,0.001495,0
QF_BV/sage/app7/bench_8610.smt2,Yices2,1,0.6743223279481754,0.42337191896513104,,0.250950,0
QF_BV/spear/samba_v3.0.24/bin_libsmbsharemodes_vc6249.smt2,Yices2,1,0.6867383870412596,0.6751906180288643,,0.011548,0
QF_BV/20221012-MCMPC/dualexecution_affine/dualexecution_affine.t1.i12.5f08e1fc.smt2,Yices2,1,0.23031685501337051,0.2204816839657724,,0.009835,0
QF_BV/Sage2/bench_12641.smt2,Yices2,1,0.2502387170679867,0.2416635020636022,,0.008575,0
QF_BV/Sage2/bench_6395.smt2,STP,1,0.2946359018678777,0.28805230488069355,,0.006584,0
QF_BV/Sage2/bench_5952.smt2,Bitwuzla,1,0.34466928406618536,0.33145004604011774,,0.013219,0
QF_BV/float/div.c.30.smt2,Yices2,1,5.104574607859831,5.079636565875262,,0.024938,0
QF_BV/Sage2/bench_9867.smt2,Bitwuzla,1,1.4979248979361728,1.485454116947949,,0.012471,0
QF_BV/20221012-MCMPC/millionaires/millionaires.t1.i30.89b73eb2.smt2,STP,1,0.22319770214380696,0.2218991571571678,,0.001299,0
QF_BV/float/add_01_1_2.smt2,Yices2,1,5.287220602040179,5.280115403002128,,0.007105,0
QF_BV/Sage2/bench_7062.smt2,Bitwuzla,1,0.5724708020570688,0.49039404606446624,,0.082077,0
QF_BV/20221012-MCMPC/sugarbeets/sugarbeets.t1.i16.5c8fc338.smt2,Yices2,1,0.5694762748316862,0.5416570098605007,,0.027819,0
QF_BV/Sage2/bench_7271.smt2,Yices2,1,1.730923522845842,1.6615472468547523,,0.069376,0
QF_BV/20221012-MCMPC/millionaires/millionaires.t1.i49.6a0e390b.smt2,Yices2,1,0.21824673301307485,0.21609270898625255,,0.002154,0
QF_BV/20221012-MCMPC/millionaires/millionaires.t1.i14.8cd96c14.smt2,Bitwuzla,1,0.26475382212083787,0.26213609310798347,,0.002618,0
QF_BV/bruttomesso/lfsr/lfsr_008_095_016.smt2,STP,1,1.6162142899702303,1.6143599529750645,,0.001854,0
QF_BV/20221012-MCMPC/mean_buckets/mean_buckets.t1.i16.b1ce0b32.smt2,STP,1,0.31547174393199384,0.31262464192695916,,0.002847,0
QF_BV/20230224-grsbits-truby/grs-128-16.smt2,Yices2,1,20.052618734014686,20.050558652030304,,0.002060,0
QF_BV/spear/samba_v3.0.24/bin_libsmbsharemodes_vc5796.smt2,Bitwuzla,1,0.6663149220403284,0.6548607680015266,,0.011454,0
QF_BV/Sage2/bench_8183.smt2,STP,1,0.27259213296929374,0.268006247933954,,0.004586,0
QF_BV/20221012-MCMPC/millionaires/millionaires.t1.i62.f151bbfe.smt2,Yices2,1,0.2156429851311259,0.21377414814196527,,0.001869,0
QF_BV/20221012-MCMPC/millionaires/millionaires.t1.i35.6388c8ba.smt2,Yices2,1,0.22014897695044056,0.21806010394357145,,0.002089,0
QF_BV/spear/samba_v3.0.24/bin_libsmbsharemodes_vc5277.smt2,Bitwuzla,1,0.6780519370222464,0.6701193230692297,,0.007933,0
QF_BV/sage/app12/bench_1513.smt2,STP,1,0.396414932096377,0.39443924906663597,,0.001976,0
QF_BV/20210219-Sydr/symbolic_memory/linear/minigzip/predicate_565.smt2,Yices2,1,1.1827942278468981,1.0362760338466614,,0.146518,0
QF_BV/spear/wget_v1.10.2/src_wget_vc18755.smt2,STP,1,0.23670382105046883,0.23578845104202628,,0.000915,0
QF_BV/sage/app7/bench_1858.smt2,Yices2,1,0.8689012850518338,0.6222519930452108,,0.246649,0
QF_BV/uclid/catchconv/convert-jpg2gif-query-1232.smt2,Yices2,1,0.33922241284744814,0.2927104898262769,,0.046512,0
QF_BV/Sage2/bench_13627.smt2,STP,1,0.9231689440202899,0.9201124680694193,,0.003056,0
QF_BV/sage/app1/bench_2048.smt2,Yices2,1,0.2386723209056072,0.23697299091145396,,0.001699,0
QF_BV/sage/app11/bench_460.smt2,Yices2,1,0.3771590110263787,0.29965259903110564,,0.077506,0
QF_BV/20210312-Bouvier/vlsat3_a98.smt2,Bitwuzla,1,143.37633022712544,143.30709834513254,,0.069232,0
QF_BV/bruttomesso/lfsr/lfsr_004_127_096.smt2,STP,1,7.678765295131598,7.674262500135228,,0.004503,0
QF_BV/sage/app7/bench_8535.smt2,Yices2,1,0.628831478243228,0.4405917942058295,,0.188240,0
QF_BV/mcm/62.smt2,Bitwuzla,0,1200.0,1201.2287169550546,,0.009670,0
QF_BV/sage/app1/bench_715.smt2,STP,1,0.4642474058200605,0.46132431784644723,,0.002923,0
QF_BV/20210219-Sydr/master/yices/predicate_4597.smt2,STP,1,0.8480240849894471,0.7482620889786631,,0.099762,0
QF_BV/pspace/ndist.a.25489.smt2,STP,1,110.4759109140141,110.47545239399187,,0.000459,0
QF_BV/sage/app9/bench_1247.smt2,STP,1,0.2393415421829559,0.23720304016023874,,0.002139,0
QF_BV/20221012-MCMPC/millionaires/millionaires.t1.i11.7e57ca2a.smt2,Bitwuzla,1,0.2556730171199888,0.2533758101053536,,0.002297,0
QF_BV/Sage2/bench_2378.smt2,STP,1,13.34376210917253,13.342052559135482,,0.001710,0
QF_BV/bruttomesso/core/ext_con_020_001_0064.smt2,STP,1,0.3155337468488142,0.31481773988343775,,0.000716,0
QF_BV/spear/samba_v3.0.24/bin_libsmbsharemodes_vc6234.smt2,Yices2,1,0.918807960988488,0.9023814899846911,,0.016426,0
QF_BV/Sage2/bench_11521.smt2,STP,1,0.24648494110442698,0.24380228808149695,,0.002683,0
QF_BV/bruttomesso/core/ext_con_048_001_1024.smt2,STP,1,5.208361925848294,5.207313903840259,,0.001048,0
QF_BV/20221012-MCMPC/mean_buckets/mean_buckets.t1.i5.42c74f17.smt2,STP,1,0.3461551810032688,0.34238737099803984,,0.003768,0
QF_BV/20221012-MCMPC/millionaires/millionaires.t1.i32.96d33d9e.smt2,Yices2,1,0.21868945111054927,0.21660262206569314,,0.002087,0
QF_BV/20221012-MCMPC/dualexecution_affine/dualexecution_affine.t1.i10.65834263.smt2,Yices2,1,0.5252374670817517,0.3522104590665549,,0.173027,0
QF_BV/uclid/catchconv/convert-jpg2gif-query-1139.smt2,Yices2,1,0.3088850248605013,0.27442528889514506,,0.034460,0
QF_BV/sage/app1/bench_1592.smt2,Yices2,1,0.24807612888980657,0.24304678686894476,,0.005029,0
QF_BV/sage/app7/bench_8555.smt2,Yices2,1,0.7933664448210038,0.5433477158658206,,0.250019,0
QF_BV/Sage2/bench_9162.smt2,Yices2,1,0.26934563915710896,0.243615317158401,,0.025730,0
QF_BV/asp/GeneralizedSlitherlink/trisquares.41.asp.smt2,STP,1,9.174550834926777,8.925551069900393,,0.249000,0
QF_BV/sage/app7/bench_967.smt2,Yices2,1,0.48097736813360825,0.33866407512687147,,0.142313,0
QF_BV/sage/app7/bench_299.smt2,Yices2,1,0.6535618191119283,0.4616127801127732,,0.191949,0
QF_BV/Sage2/bench_11357.smt2,Bitwuzla,1,0.48328065010719,0.46462061209604144,,0.018660,0
QF_BV/float/test_v5_r5_vr1_c1_s15604.smt2,Yices2,1,8.650948969996534,8.622524884995073,,0.028424,0
QF_BV/Sage2/bench_8803.smt2,STP,1,1.8227744619362056,1.8211528619285673,,0.001622,0
QF_BV/log-slicing/bvslt_16145.smt2,STP,1,66.15039010794135,66.14814870292321,,0.002241,0
QF_BV/Sage2/bench_15994.smt2,STP,1,0.23069432593183592,0.22892338293604553,,0.001771,0
QF_BV/Sage2/bench_4861.smt2,Yices2,1,0.4947382229147479,0.4036776788998395,,0.091061,0
QF_BV/sage/app7/bench_2216.smt2,Yices2,1,0.30036675522569567,0.2506970101967454,,0.049670,0
QF_BV/Sage2/bench_10841.smt2,STP,1,0.9757782471715473,0.955618484178558,,0.020160,0
QF_BV/sage/app1/bench_635.smt2,Yices2,1,0.22358826000709087,0.22268791100941598,,0.000900,0
QF_BV/20221012-MCMPC/dualexecution_affine/dualexecution_affine.t1.i11.ba6e10e4.smt2,Yices2,1,0.3180152360582724,0.25844032200984657,,0.059575,0
QF_BV/Sage2/bench_11968.smt2,Yices2,1,1.9901959968847223,1.9268111758865416,,0.063385,0
QF_BV/20221012-MCMPC/dualexecution_affine/dualexecution_affine.t1.i8.82eae281.smt2,Yices2,1,0.47846447507617995,0.349783152109012,,0.128681,0
QF_BV/sage/app1/bench_2031.smt2,Yices2,1,0.7334471520152874,0.7287891870364547,,0.004658,0
QF_BV/sage/app7/bench_1911.smt2,Yices2,1,0.40774735005106777,0.3457537470385432,,0.061994,0
QF_BV/bruttomesso/lfsr/lfsr_008_143_016.smt2,STP,1,5.227586594992317,5.225138237001374,,0.002448,0
QF_BV/Sage2/bench_1781.smt2,STP,1,9.857649976853281,9.855314178857952,,0.002336,0
QF_BV/Sage2/bench_9678.smt2,Yices2,1,0.4968102812417783,0.38336948421783745,,0.113441,0
QF_BV/mcm/02.smt2,Bitwuzla,1,36.54696635302389,36.53994952701032,,0.007017,0
QF_BV/sage/app7/bench_1014.smt2,Yices2,1,0.7938284971169196,0.5532276351004839,,0.240601,0
QF_BV/20210219-Sydr/symbolic_memory/linear/minigzip/predicate_660.smt2,Yices2,1,1.234566350118257,1.074999675154686,,0.159567,0
QF_BV/Sage2/bench_3244.smt2,STP,1,7.97890072298469,7.977166397031397,,0.001734,0
QF_BV/sage/app7/bench_1909.smt2,Yices2,1,0.32791983196511865,0.26230902899987996,,0.065611,0
QF_BV/spear/samba_v3.0.24/bin_libsmbsharemodes_vc6260.smt2,Yices2,1,0.7669096930185333,0.7511309760157019,,0.015779,0
QF_BV/20221012-MCMPC/millionaires/millionaires.t3.i46.80f6a7cc.smt2,Yices2,1,0.22101992298848927,0.217614731984213,,0.003405,0
QF_BV/20210219-Sydr/master/cjpeg/predicate_2735.smt2,Yices2,1,0.3049425417557359,0.25741778779774904,,0.047525,0
QF_BV/Sage2/bench_17201.smt2,STP,1,0.6377418091869913,0.6349542371463031,,0.002788,0
QF_BV/sage/app12/bench_909.smt2,STP,1,0.26759916893206537,0.2652232039254159,,0.002376,0
QF_BV/Sage2/bench_12801.smt2,Yices2,1,2.648276553081814,2.6045792910736054,,0.043697,0
QF_BV/Sage2/bench_1311.smt2,Yices2,1,0.49441486003343016,0.4079053250607103,,0.086510,0
QF_BV/Sage2/bench_11694.smt2,STP,1,18.397190630959813,18.393145822919905,,0.004045,0
QF_BV/sage/app7/bench_1135.smt2,Yices2,1,0.43946815095841885,0.31286964495666325,,0.126599,0
QF_BV/Sage2/bench_9302.smt2,Bitwuzla,1,7.707130194990896,7.6381142230238765,,0.069016,0
QF_BV/sage/app8/bench_2243.smt2,STP,1,0.21345260803354904,0.21280006598681211,,0.000653,0
QF_BV/spear/samba_v3.0.24/bin_eventlogadm_vc330981.smt2,Bitwuzla,1,0.4748531811637804,0.4709123221691698,,0.003941,0
QF_BV/20221012-MCMPC/millionaires/millionaires.t1.i3.7fed5db4.smt2,Bitwuzla,1,0.2624912510509603,0.2599865810479969,,0.002505,0
QF_BV/sage/app7/bench_518.smt2,Yices2,1,0.540224771189969,0.35144323017448187,,0.188782,0
QF_BV/spear/wget_v1.10.2/src_wget_vc17898.smt2,Yices2,1,2.305215638014488,2.303786603966728,,0.001429,0
QF_BV/20221012-MCMPC/dualexecution_affine/dualexecution_affine.t1.i8.f7bbc48b.smt2,Yices2,1,0.4934158229152672,0.3502061949111521,,0.143210,0
QF_BV/spear/samba_v3.0.24/bin_libsmbsharemodes_vc6268.smt2,Yices2,1,0.552323313022498,0.5408357770647854,,0.011488,0
QF_BV/bruttomesso/lfsr/lfsr_004_095_112.smt2,STP,1,5.526610191853251,5.521516671869904,,0.005094,0
QF_BV/bruttomesso/core/ext_con_024_008_0512.smt2,STP,1,1.1915666569839232,1.1890622649807483,,0.002504,0
QF_BV/Sage2/bench_3169.smt2,Yices2,1,0.2739041578024626,0.2677348228171468,,0.006169,0
QF_BV/bruttomesso/core/ext_con_048_128_0512.smt2,Yices2,1,3.068610482790973,3.0023521988186985,,0.066258,0
QF_BV/Sage2/bench_1794.smt2,STP,1,20.998984849022236,20.99728095997125,,0.001704,0
QF_BV/Sage2/bench_10339.smt2,STP,1,10.909589909075294,10.907411087071523,,0.002179,0
QF_BV/Sage2/bench_1171.smt2,STP,1,33.03525663720211,33.03378700418398,,0.001470,0
QF_BV/20221012-MCMPC/millionaires/millionaires.t1.i44.2ef8e50d.smt2,Yices2,1,0.21861919201910496,0.21666375501081347,,0.001955,0
QF_BV/spear/samba_v3.0.24/bin_libsmbclient_vc1225808.smt2,Yices2,1,0.7199821990798227,0.6954548431094736,,0.024527,0
QF_BV/Sage2/bench_151.smt2,Bitwuzla,1,0.2759219619911164,0.2734136669896543,,0.002508,0
QF_BV/spear/samba_v3.0.24/bin_eventlogadm_vc352889.smt2,Yices2,1,1.4695664839236997,1.4327801619656384,,0.036786,0
QF_BV/spear/samba_v3.0.24/bin_eventlogadm_vc331227.smt2,Yices2,1,0.8104801820009016,0.7836000199895352,,0.026880,0
QF_BV/spear/samba_v3.0.24/bin_libsmbsharemodes_vc4332.smt2,Yices2,1,1.7839173240354285,1.7364682550542057,,0.047449,0
QF_BV/Sage2/bench_9505.smt2,Yices2,1,0.36029139306629077,0.29789159004576504,,0.062400,0
QF_BV/20221012-MCMPC/mean/mean.t1.i3.345b59e2.smt2,Yices2,1,0.3533691221382469,0.3486394281499088,,0.004730,0
QF_BV/Sage2/bench_17234.smt2,STP,1,45.615208385919686,45.61418098793365,,0.001027,0
QF_BV/sage/app1/bench_372.smt2,STP,1,0.45233493100386113,0.4488764100242406,,0.003459,0
QF_BV/sage/app7/bench_1256.smt2,Yices2,1,0.4027096599456854,0.29329832294024527,,0.109411,0
QF_BV/Sage2/bench_11754.smt2,STP,1,0.6623876030789688,0.6319275060668588,,0.030460,0
QF_BV/log-slicing/bvslt_10201.smt2,STP,1,49.05942440603394,49.057141334051266,,0.002283,0
QF_BV/Sage2/bench_7958.smt2,Yices2,1,0.45792417001212016,0.3663936529774219,,0.091531,0
QF_BV/20210219-Sydr/master/cjpeg/predicate_2046_0.smt2,Yices2,1,0.273895519960206,0.2392532699741423,,0.034642,0
QF_BV/float/add_01_100_1.smt2,Yices2,1,1.271087123954203,1.2641855119727552,,0.006902,0
QF_BV/spear/samba_v3.0.24/bin_libsmbsharemodes_vc4318.smt2,Yices2,1,1.5847562889684923,1.5373896239325404,,0.047367,0
QF_BV/20210219-Sydr/master/cjpeg/predicate_2713.smt2,Yices2,1,0.29093619296327233,0.24488403997384012,,0.046052,0
QF_BV/bruttomesso/core/ext_con_008_002_0512.smt2,STP,1,0.6598866229178384,0.6592860089149326,,0.000601,0
QF_BV/Sage2/bench_11696.smt2,Bitwuzla,1,1.8317817650386132,1.810956988018006,,0.020825,0
QF_BV/sage/app1/bench_253.smt2,Bitwuzla,1,0.4540084868785925,0.4504024318885058,,0.003606,0
QF_BV/spear/samba_v3.0.24/bin_libsmbsharemodes_vc4833.smt2,Yices2,1,1.2304031690000556,1.186898936983198,,0.043504,0
QF_BV/bruttomesso/core/ext_con_040_004_1024.smt2,STP,1,3.80266065109754,3.8004287041258067,,0.002232,0
QF_BV/20221012-MCMPC/dualexecution_affine/dualexecution_affine.t1.i10.f2774f19.smt2,Yices2,1,0.3801164668984711,0.28351621190086007,,0.096600,0
QF_BV/sage/app11/bench_365.smt2,Yices2,1,0.3862411189475097,0.3105998099781573,,0.075641,0
QF_BV/Sage2/bench_1004.smt2,STP,1,0.5942320369067602,0.5808940709102899,,0.013338,0
QF_BV/20221012-MCMPC/millionaires/millionaires.t2.i13.3586cabb.smt2,Bitwuzla,1,0.26157612702809274,0.2587744500488043,,0.002802,0
QF_BV/sage/app1/bench_55.smt2,Bitwuzla,1,0.4589248930569738,0.4549881450366229,,0.003937,0
QF_BV/20210219-Sydr/master/readelf/predicate_559.smt2,Bitwuzla,1,0.27769561880268157,0.27537771384231746,,0.002318,0
QF_BV/brummayerbiere3/maxandminor064.smt2,Bitwuzla,1,0.2979138450464234,0.2913624830543995,,0.006551,0
QF_BV/asp/Fastfood/a7.3.8.tweaked.1.asp.smt2,Yices2,1,4.068904615880456,3.876007153885439,,0.192897,0
QF_BV/Sage2/bench_5583.smt2,STP,1,48.6704370061052,48.66917393007316,,0.001263,0
QF_BV/spear/samba_v3.0.24/bin_libmsrpc_vc1225853.smt2,Yices2,1,1.585823018103838,1.5632441421039402,,0.022579,0
QF_BV/20210219-Sydr/master/yices/predicate_2746.smt2,STP,1,0.6403964359196834,0.5757235649507493,,0.064673,0
QF_BV/20221012-MCMPC/millionaires/millionaires.t1.i14.77f02d40.smt2,Bitwuzla,1,0.2619295860058628,0.2593919360078871,,0.002538,0
QF_BV/sage/app7/bench_435.smt2,Yices2,1,0.5535189239890315,0.37106715398840606,,0.182452,0
QF_BV/20221012-MCMPC/mean_buckets/mean_buckets.t1.i22.095d4b5b.smt2,STP,1,0.33302843797719106,0.33034719293937087,,0.002681,0
QF_BV/spear/samba_v3.0.24/bin_eventlogadm_vc331064.smt2,Yices2,1,0.4109775550314225,0.4027922130189836,,0.008185,0
QF_BV/Sage2/bench_1997.smt2,STP,1,16.490092737833038,16.487970234826207,,0.002123,0
QF_BV/sage/app11/bench_39.smt2,Yices2,1,0.4141478859237395,0.336045061936602,,0.078103,0
QF_BV/Sage2/bench_14156.smt2,Bitwuzla,1,1.0072738488670439,0.9789703208953142,,0.028304,0
QF_BV/asp/TravellingSalesperson/rand_80_340_1159656267_13.lp.smt2,STP,1,10.732223664992489,10.689173982013017,,0.043050,0
QF_BV/sage/app1/bench_2102.smt2,Yices2,1,0.25878224812913686,0.254003981128335,,0.004778,0
QF_BV/Sage2/bench_15555.smt2,STP,1,0.27469677897170186,0.2705292289610952,,0.004168,0
QF_BV/asp/GeneralizedSlitherlink/penrosesmall.5.asp.smt2,STP,1,0.4730317109497264,0.46142721991054714,,0.011604,0
QF_BV/sage/app11/bench_243.smt2,Yices2,1,0.37803995300782844,0.3026590649969876,,0.075381,0
QF_BV/sage/app7/bench_2248.smt2,Yices2,1,0.833285255881492,0.5895335979294032,,0.243752,0
QF_BV/sage/app1/bench_168.smt2,Bitwuzla,1,0.3719387019518763,0.3681645959150046,,0.003774,0
QF_BV/Sage2/bench_14531.smt2,STP,1,1.5837153950706124,1.5812904750928283,,0.002425,0
QF_BV/sage/app11/bench_354.smt2,Yices2,1,0.37698823085520416,0.30039036087691784,,0.076598,0
QF_BV/Sage2/bench_9343.smt2,STP,1,4.625937700911891,4.624128832947463,,0.001809,0
QF_BV/Sage2/bench_4660.smt2,Yices2,1,0.5527342269197106,0.3896453839261085,,0.163089,0
QF_BV/uclid/catchconv/convert-jpg2gif-query-1602.smt2,Yices2,1,0.39171583915594965,0.30935172620229423,,0.082364,0
QF_BV/sage/app7/bench_498.smt2,Yices2,1,0.5290539241395891,0.3474864661693573,,0.181567,0
QF_BV/Sage2/bench_6550.smt2,STP,1,0.5105737361009233,0.5029192881193012,,0.007654,0
QF_BV/spear/samba_v3.0.24/bin_eventlogadm_vc331112.smt2,Yices2,1,0.3329701010370627,0.3240660950541496,,0.008904,0
QF_BV/sage/app7/bench_6113.smt2,Yices2,1,0.7034186710952781,0.4530568921472877,,0.250362,0
QF_BV/sage/app1/bench_2188.smt2,Yices2,1,0.21499106317060068,0.21351657016202807,,0.001474,0
QF_BV/20221012-MCMPC/sugarbeets/sugarbeets.t1.i24.3c99a2a3.smt2,Yices2,1,0.6017432819935493,0.5815752199850976,,0.020168,0
QF_BV/sage/app7/bench_313.smt2,Yices2,1,0.6524920561350882,0.4639326340984553,,0.188559,0
QF_BV/spear/samba_v3.0.24/bin_eventlogadm_vc331003.smt2,Bitwuzla,1,0.5040857910062186,0.49874782701954246,,0.005338,0
QF_BV/20210312-Bouvier/vlsat3_a42.smt2,STP,1,86.32023691595532,86.281626655953,,0.038610,0
QF_BV/sage/app7/bench_7936.smt2,Yices2,1,0.7853052139398642,0.6009530499577522,,0.184352,0
QF_BV/spear/inn_v2.4.3/nnrpd_nnrpd_vc21230.smt2,Bitwuzla,1,0.5002497579553165,0.4983349919784814,,0.001915,0
QF_BV/Sage2/bench_1338.smt2,Yices2,1,0.5656448079971597,0.45296952896751463,,0.112675,0
QF_BV/sage/app11/bench_310.smt2,Yices2,1,0.37536169489612803,0.3000412748660892,,0.075320,0
QF_BV/bruttomesso/core/ext_con_032_002_1024.smt2,STP,1,3.698966722935438,3.697799128945917,,0.001168,0
QF_BV/Sage2/bench_4394.smt2,STP,1,1.948176080128178,1.901557759149,,0.046618,0
QF_BV/20190311-bv-term-small-rw-Noetzli/bv-term-small-rw_1518.smt2,STP,1,0.2178414078662172,0.21743955882266164,,0.000402,0
QF_BV/Sage2/bench_1243.smt2,STP,1,3.3006863350747153,3.2986870440654457,,0.001999,0
QF_BV/RWS/Example_3.txt.smt2,Yices2,1,0.5319491929840297,0.5295106819830835,,0.002439,0
QF_BV/Sage2/bench_11118.smt2,STP,1,2.124151291907765,2.0957476769108325,,0.028404,0
QF_BV/sage/app7/bench_1651.smt2,Yices2,1,0.41517987090628594,0.3205204058904201,,0.094659,0
QF_BV/mcm/119.smt2,STP,0,1200.0,1201.2531059850007,,0.038911,0
QF_BV/Sage2/bench_3168.smt2,STP,1,0.6523277582018636,0.6447666902095079,,0.007561,0
QF_BV/sage/app7/bench_1677.smt2,Yices2,1,0.3627928880159743,0.2769221810158342,,0.085871,0
QF_BV/spear/inn_v2.4.3/innfeed_innfeed_vc37035.smt2,Bitwuzla,1,0.44859619106864557,0.4469668350648135,,0.001629,0
QF_BV/uclid/catchconv/convert-jpg2gif-query-1502.smt2,Yices2,1,0.5645730539108627,0.49544593086466193,,0.069127,0
QF_BV/20190311-bv-term-small-rw-Noetzli/bv-term-small-rw_983.smt2,STP,1,0.215330560982693,0.21492957300506532,,0.000401,0
QF_BV/20190311-bv-term-small-rw-Noetzli/bv-term-small-rw_1393.smt2,STP,1,0.2186089909519069,0.2182196939829737,,0.000389,0
QF_BV/Sage2/bench_13475.smt2,STP,1,0.7274477010359988,0.7047817760612816,,0.022666,0
QF_BV/sage/app7/bench_1161.smt2,Yices2,1,0.43020230787806213,0.3065245938487351,,0.123678,0
QF_BV/Sage2/bench_13387.smt2,STP,1,0.569872240012046,0.5650802489835769,,0.004792,0
QF_BV/sage/app12/bench_598.smt2,STP,1,0.48018768610199913,0.47750249807722867,,0.002685,0
QF_BV/log-slicing/bvlshr_1293.smt2,STP,1,20.50983661005739,20.5071042960044,,0.002732,0
QF_BV/Sage2/bench_13351.smt2,STP,1,0.2229640251607634,0.22125108214095235,,0.001713,0
QF_BV/20221012-MCMPC/wage_circuit_div/wage_circuit_div.t1.i36.d81e8620.smt2,STP,1,0.2531060880282894,0.2517649650108069,,0.001341,0
QF_BV/Sage2/bench_13066.smt2,Bitwuzla,1,6.230776264856104,5.80449914583005,,0.426277,0
QF_BV/Sage2/bench_6892.smt2,STP,1,0.3674915921292268,0.36156086111441255,,0.005931,0
QF_BV/Sage2/bench_6949.smt2,Yices2,1,0.4712552558048628,0.3724193738307804,,0.098836,0
QF_BV/20221012-MCMPC/dualexecution/dualexecution.t1.i14.2ad5b925.smt2,Yices2,1,1.404653110075742,0.7651662840507925,,0.639487,0
QF_BV/spear/samba_v3.0.24/bin_libsmbsharemodes_vc6297.smt2,Yices2,1,0.5126115569728427,0.5012521389871836,,0.011359,0
QF_BV/sage/app11/bench_53.smt2,Yices2,1,0.39301912602968514,0.3178098490461707,,0.075209,0
QF_BV/Sage2/bench_15268.smt2,STP,1,0.2548540041898377,0.2524955761618912,,0.002358,0
QF_BV/20221214-p4dfa-XiaoqiChen/StringMatching/string1x16.3._bit8_na6_nr3_paired.smt2,Yices2,1,406.3780780218658,406.3411746688653,,0.036903,0
QF_BV/sage/app7/bench_4536.smt2,Yices2,1,0.680055283010006,0.48401269200257957,,0.196043,0
QF_BV/sage/app1/bench_2642.smt2,STP,1,0.2298847440397367,0.22886663605459034,,0.001018,0
QF_BV/sage/app8/bench_623.smt2,STP,1,0.3704102730262093,0.367746836040169,,0.002663,0
QF_BV/sage/app7/bench_1689.smt2,Yices2,1,0.35522886988474056,0.27489899890497327,,0.080330,0
QF_BV/sage/app11/bench_545.smt2,Yices2,1,0.3812786001362838,0.30583959608338773,,0.075439,0
QF_BV/Sage2/bench_8287.smt2,STP,1,0.24649757193401456,0.24320168397389352,,0.003296,0
QF_BV/Sage2/bench_1124.smt2,Yices2,1,0.6316182060400024,0.41697724303230643,,0.214641,0
QF_BV/Sage2/bench_6444.smt2,STP,1,0.47543363692238927,0.46768387290649116,,0.007750,0
QF_BV/sage/app7/bench_1406.smt2,Yices2,1,0.39536928210873157,0.2979350620880723,,0.097434,0
QF_BV/Sage2/bench_7774.smt2,Yices2,1,2.2707792269065976,2.2315988428890705,,0.039180,0
QF_BV/spear/samba_v3.0.24/bin_libsmbsharemodes_vc7135.smt2,Bitwuzla,1,0.8753286731662229,0.8587010891642421,,0.016628,0
QF_BV/20221012-MCMPC/dualexecution_affine/dualexecution_affine.t1.i2.7f9a2f61.smt2,Yices2,1,0.6108443567645736,0.3995695367921144,,0.211275,0
QF_BV/20221012-MCMPC/dualexecution_affine/dualexecution_affine.t1.i7.392c3443.smt2,Yices2,1,0.38909726415295154,0.2900758711621165,,0.099021,0
QF_BV/20221012-MCMPC/mean/mean.t1.i3.d482157a.smt2,Yices2,1,0.33784515294246376,0.33343159197829664,,0.004414,0
QF_BV/sage/app7/bench_8573.smt2,Yices2,1,0.7008081859676167,0.5148656079545617,,0.185943,0
QF_BV/Sage2/bench_9924.smt2,Yices2,1,0.4987786782439798,0.3842917832080275,,0.114487,0
QF_BV/Sage2/bench_6201.smt2,STP,1,0.6336452711257152,0.604208717122674,,0.029437,0
QF_BV/Sage2/bench_14885.smt2,STP,1,1.1604519239044748,1.1590291359461844,,0.001423,0
QF_BV/sage/app7/bench_276.smt2,Yices2,1,0.6653554798103869,0.4824438828509301,,0.182912,0
QF_BV/Sage2/bench_11801.smt2,STP,1,0.3812241822015494,0.3664075571577996,,0.014817,0
QF_BV/20221012-MCMPC/dualexecution_affine/dualexecution_affine.t1.i4.9b734f09.smt2,Yices2,1,0.3601599709363654,0.2784765949472785,,0.081683,0
QF_BV/Sage2/bench_13864.smt2,STP,1,0.9110841831425205,0.9030771821271628,,0.008007,0
QF_BV/sage/app7/bench_1820.smt2,Yices2,1,0.33572903281310573,0.26631125481799245,,0.069418,0
QF_BV/20190311-bv-term-small-rw-Noetzli/bv-term-small-rw_256.smt2,STP,1,0.2189772121491842,0.21849820017814636,,0.000479,0
QF_BV/Sage2/bench_1383.smt2,STP,1,0.30955101078143343,0.30890994681976736,,0.000641,0
QF_BV/Sage2/bench_12090.smt2,STP,1,45.92523761407938,45.919792199041694,,0.005445,0
QF_BV/Sage2/bench_17441.smt2,STP,1,0.3088100451277569,0.30048848409205675,,0.008322,0
QF_BV/sage/app7/bench_5358.smt2,Yices2,1,0.7065256169298664,0.5049517329316586,,0.201574,0
QF_BV/sage/app7/bench_2151.smt2,Yices2,1,0.30761333607370034,0.2572120970580727,,0.050401,0
QF_BV/Sage2/bench_14912.smt2,Yices2,1,4.942343774018809,4.580549377016723,,0.361794,0
QF_BV/spear/samba_v3.0.24/bin_eventlogadm_vc351402.smt2,Yices2,1,1.3945181700983085,1.3493161990772933,,0.045202,0
QF_BV/spear/samba_v3.0.24/bin_libsmbsharemodes_vc7116.smt2,Bitwuzla,1,0.8164315819158219,0.8008211979176849,,0.015610,0
QF_BV/20221012-MCMPC/millionaires/millionaires.t1.i22.ed705522.smt2,Bitwuzla,1,0.2520241279853508,0.2497479789890349,,0.002276,0
QF_BV/20230221-oisc-gurtner/SRLI-SAFE-16-1024.smt2,Yices2,1,14.41847110184608,14.330848100828007,,0.087623,0
QF_BV/Sage2/bench_1839.smt2,STP,1,22.97912291600369,22.977701789001003,,0.001421,0
QF_BV/Sage2/bench_7171.smt2,Yices2,1,1.9694235919741914,1.9640797369647771,,0.005344,0
QF_BV/mcm/01.smt2,Bitwuzla,1,14.51570391113637,14.506787775084376,,0.008916,0
QF_BV/20221012-MCMPC/millionaires/millionaires.t1.i36.7e99581b.smt2,Yices2,1,0.21493639197433367,0.212726074969396,,0.002210,0
QF_BV/sage/app7/bench_6947.smt2,Yices2,1,0.570503844995983,0.37681067595258355,,0.193693,0
QF_BV/20210219-Sydr/master/pk2bm/predicate_384.smt2,STP,1,0.34869316418189555,0.3390467471908778,,0.009646,0
QF_BV/sage/app7/bench_4847.smt2,Yices2,1,0.6892308028764091,0.4892847998999059,,0.199946,0
QF_BV/bmc-bv-svcomp14/s3_clnt_3_false.BV.c.cil.c.17.smt2,Yices2,1,4.564804016961716,1.7694517399650067,,2.795352,0
QF_BV/sage/app8/bench_821.smt2,STP,1,0.3211242621182464,0.318509265081957,,0.002615,0
QF_BV/Sage2/bench_17629.smt2,STP,1,5.129557503852993,5.061361387837678,,0.068196,0
QF_BV/Sage2/bench_7328.smt2,Yices2,1,0.5045261348714121,0.392775259912014,,0.111751,0
QF_BV/bruttomesso/lfsr/lfsr_008_079_032.smt2,STP,1,2.78883222094737,2.7857002259697765,,0.003132,0
QF_BV/spear/samba_v3.0.24/bin_libmsrpc_vc1228564.smt2,Yices2,1,0.9718326950678602,0.9529255090747029,,0.018907,0
QF_BV/log-slicing/bvashr_0733.smt2,Bitwuzla,1,139.79132585396292,139.78682459099218,,0.004501,0
QF_BV/Sage2/bench_3850.smt2,STP,1,0.5086959738982841,0.5035657088737935,,0.005130,0
QF_BV/20210219-Sydr/symbolic_memory/linear/readelf/predicate_2012.smt2,Yices2,1,1.4519038299331442,1.3199814879335463,,0.131922,0
QF_BV/20221012-MCMPC/dualexecution/dualexecution.t1.i15.cbbd31d8.smt2,Yices2,1,1.0221564189414494,0.6504389019683003,,0.371718,0
QF_BV/sage/app7/bench_64.smt2,Yices2,1,0.651516548008658,0.464925138046965,,0.186591,0
QF_BV/float/test_v7_r12_vr5_c1_s8938.smt2,Bitwuzla,1,123.79327895003371,123.7004985390231,,0.092780,0
QF_BV/20221012-MCMPC/dualexecution_affine/dualexecution.t1.i2.4a42c922.smt2,Yices2,1,0.3798957199905999,0.2852765819989145,,0.094619,0
QF_BV/20221012-MCMPC/dualexecution/dualexecution.t1.i12.d97961d5.smt2,Yices2,1,0.29239895287901163,0.26217612088657916,,0.030223,0
QF_BV/Sage2/bench_13749.smt2,STP,1,0.3298936801147647,0.32280882308259606,,0.007085,0
QF_BV/sage/app1/bench_234.smt2,STP,1,0.2151377229602076,0.21436738595366478,,0.000770,0
QF_BV/sage/app7/bench_985.smt2,Yices2,1,0.4611013758694753,0.3218733419198543,,0.139228,0
QF_BV/Sage2/bench_10138.smt2,STP,1,3.144515154999681,3.1425922859925777,,0.001923,0
QF_BV/Sage2/bench_15844.smt2,STP,1,0.2603003539261408,0.2568164658732712,,0.003484,0
QF_BV/spear/samba_v3.0.24/bin_eventlogadm_vc331231.smt2,Yices2,1,1.114707475877367,1.0858354838564992,,0.028872,0
QF_BV/20221012-MCMPC/millionaires/millionaires.t1.i23.ef77aab8.smt2,STP,1,0.22628546989290044,0.22497294889762998,,0.001313,0
QF_BV/Sage2/bench_10879.smt2,Yices2,1,0.5319875719724223,0.4153706720098853,,0.116617,0
QF_BV/Sage2/bench_15358.smt2,Bitwuzla,1,7.479355322138872,7.451840981142595,,0.027514,0
QF_BV/Sage2/bench_2273.smt2,STP,1,0.22907585004577413,0.2277543570380658,,0.001321,0
QF_BV/20221012-MCMPC/millionaires/millionaires.t1.i54.5f9aed80.smt2,Yices2,1,0.21638888801680878,0.21447374601848423,,0.001915,0
QF_BV/Sage2/bench_2128.smt2,Yices2,1,0.36020494892727584,0.3012749799527228,,0.058930,0
QF_BV/sage/app7/bench_1790.smt2,Yices2,1,0.33580013108439744,0.2653604680672288,,0.070440,0
QF_BV/20221012-MCMPC/mean_buckets/mean_buckets.t1.i2.b70b1c8d.smt2,STP,1,0.35396393993869424,0.35025201295502484,,0.003712,0
QF_BV/sage/app7/bench_2205.smt2,Yices2,1,0.3214167520054616,0.272909183986485,,0.048508,0
QF_BV/20221012-MCMPC/mean_buckets/mean_buckets.t1.i4.9d4f385d.smt2,STP,1,0.3464737989124842,0.3429071009159088,,0.003567,0
QF_BV/Sage2/bench_11506.smt2,STP,1,0.23263371892971918,0.23065659892745316,,0.001977,0
QF_BV/Sage2/bench_11946.smt2,Bitwuzla,1,0.5140524000162259,0.4927745040040463,,0.021278,0
QF_BV/spear/samba_v3.0.24/bin_eventlogadm_vc352390.smt2,Yices2,1,0.9720032489858568,0.9359704069793224,,0.036033,0
QF_BV/sage/app1/bench_83.smt2,STP,1,0.251999119122047,0.25104665313847363,,0.000952,0
QF_BV/20221012-MCMPC/sugarbeets/sugarbeets.t1.i22.b3861357.smt2,Yices2,1,0.603115655889269,0.5806253599002957,,0.022490,0
QF_BV/spear/samba_v3.0.24/bin_libsmbsharemodes_vc7072.smt2,Bitwuzla,1,0.7455394280841574,0.7366138701327145,,0.008926,0
QF_BV/20221012-MCMPC/millionaires/millionaires.t2.i6.596f2aae.smt2,Bitwuzla,1,0.26596443803282455,0.2631504980381578,,0.002814,0
QF_BV/bruttomesso/lfsr/lfsr_004_015_128.smt2,Yices2,1,55.49377472215565,55.487919269129634,,0.005855,0
QF_BV/sage/app7/bench_114.smt2,Yices2,1,0.7934327170951292,0.5493628541007638,,0.244070,0
QF_BV/20210312-Bouvier/vlsat3_a16.smt2,STP,1,60.953408664034214,60.94987056101672,,0.003538,0
QF_BV/Sage2/bench_1733.smt2,Yices2,1,0.7634921590797603,0.5928909950889647,,0.170601,0
QF_BV/Sage2/bench_10709.smt2,Yices2,1,0.5391639599693008,0.5048500529956073,,0.034314,0
QF_BV/brummayerbiere3/icbrteqcheck.smt2,STP,1,0.22233815310755745,0.2214229970704764,,0.000915,0
QF_BV/sage/app7/bench_7458.smt2,Yices2,1,0.6566820990410633,0.4654021570459008,,0.191280,0
QF_BV/sage/app7/bench_1290.smt2,Yices2,1,0.4085172831546515,0.2963336941320449,,0.112184,0
QF_BV/sage/app12/bench_1191.smt2,STP,1,0.4146509528509341,0.4124826528131962,,0.002168,0
QF_BV/20221012-MCMPC/wage/wage.t1.i32.f4501912.smt2,Bitwuzla,1,0.27312889200402424,0.2716850279830396,,0.001444,0
QF_BV/Sage2/bench_14347.smt2,STP,1,0.345255172054749,0.3384764180518687,,0.006779,0
QF_BV/20221012-MCMPC/millionaires/millionaires.t1.i42.3bfb66a7.smt2,Yices2,1,0.22018329304410145,0.21813921304419637,,0.002044,0
QF_BV/20210312-Bouvier/vlsat3_g52.smt2,Bitwuzla,1,18.60370131005766,18.493430003058165,,0.110271,0
QF_BV/Sage2/bench_11461.smt2,STP,1,21.35956897609867,21.354821982095018,,0.004747,0
QF_BV/sage/app7/bench_1080.smt2,Yices2,1,0.8120189741603099,0.5712078751530498,,0.240811,0
QF_BV/Sage2/bench_10275.smt2,STP,1,0.7409435329027474,0.7380755099002272,,0.002868,0
QF_BV/20210219-Sydr/master/cjpeg/predicate_2174.smt2,Yices2,1,0.27690197085030377,0.23962044389918447,,0.037282,0
QF_BV/20190311-bv-term-small-rw-Noetzli/bv-term-small-rw_307.smt2,STP,1,0.22388953511836007,0.2234840791206807,,0.000405,0
QF_BV/Sage2/bench_5714.smt2,STP,1,0.2409925588290207,0.2384629708249122,,0.002530,0
QF_BV/sage/app1/bench_2236.smt2,Bitwuzla,1,0.28757869714172557,0.28296160814352334,,0.004617,0
QF_BV/Sage2/bench_12677.smt2,Bitwuzla,1,1.6482164528570138,1.624059344874695,,0.024157,0
QF_BV/Sage2/bench_14363.smt2,Yices2,1,0.6906561249052174,0.49120531394146383,,0.199451,0
QF_BV/asp/EdgeMatching/edge-matching-width=8-height=8-colours=14.smt2,Bitwuzla,1,168.16680338192964,167.78280756692402,,0.383996,0
QF_BV/20221012-MCMPC/dualexecution_affine/dualexecution_affine.t1.i8.c34030a2.smt2,Yices2,1,0.4771209489554167,0.3305787709541619,,0.146542,0
QF_BV/Sage2/bench_13913.smt2,STP,1,0.37042658193968236,0.36362726194784045,,0.006799,0
QF_BV/bruttomesso/lfsr/lfsr_004_063_048.smt2,STP,1,2.018048131139949,2.0156000941060483,,0.002448,0
QF_BV/sage/app7/bench_1252.smt2,Yices2,1,0.40907342097489163,0.29679920501075685,,0.112274,0
QF_BV/20221012-MCMPC/mean_buckets/mean_buckets.t1.i27.520f85c4.smt2,STP,1,0.3406660001492128,0.3383816871792078,,0.002284,0
QF_BV/20210219-Sydr/symbolic_memory/linear/faad/predicate_1215.smt2,STP,1,0.3987512650201097,0.3587593990378082,,0.039992,0
QF_BV/bmc-bv-svcomp14/s3_srvr_2_true.BV.c.cil.c.21.smt2,Yices2,1,13.702593925001565,5.502589520998299,,8.200004,0
QF_BV/20221012-MCMPC/dualexecution_affine/dualexecution_affine.t1.i9.46eb10db.smt2,Yices2,1,0.3073934218264185,0.25814785179682076,,0.049246,0
QF_BV/20221012-MCMPC/dualexecution_affine/dualexecution_affine.t1.i10.a54f15ff.smt2,Yices2,1,0.555714667076245,0.39093722007237375,,0.164777,0
QF_BV/Sage2/bench_526.smt2,Bitwuzla,1,0.7045881369849667,0.5706172289792448,,0.133971,0
QF_BV/20221012-MCMPC/dualexecution/dualexecution.t1.i10.64a535ef.smt2,Yices2,1,0.2856011089752428,0.24618173693306744,,0.039419,0
QF_BV/20190311-bv-term-small-rw-Noetzli/bv-term-small-rw_1315.smt2,STP,1,0.2166388050536625,0.21619011904112995,,0.000449,0
QF_BV/Sage2/bench_9847.smt2,Yices2,1,0.48011398303788155,0.3765098110307008,,0.103604,0
QF_BV/Sage2/bench_2915.smt2,STP,1,31.67879510007333,31.677114302059636,,0.001681,0
QF_BV/20210219-Sydr/symbolic_memory/linear/readelf/predicate_1924.smt2,Yices2,1,1.228564595861826,1.1012816638685763,,0.127283,0
QF_BV/sage/app7/bench_4492.smt2,Yices2,1,0.6813180138124153,0.48450959380716085,,0.196808,0
QF_BV/Sage2/bench_5043.smt2,STP,1,10.339535145147238,10.338096544146538,,0.001439,0
QF_BV/asp/ConnectedDominatingSet/rand_45_250_1235855661_0_k=4_unsat.gph.smt2,Yices2,1,0.530141563154757,0.5216545951552689,,0.008487,0
QF_BV/sage/app7/bench_1520.smt2,Yices2,1,0.41517602902604267,0.32527895807288587,,0.089897,0
QF_BV/Sage2/bench_2395.smt2,STP,1,1.9009226929629222,1.8996631549671292,,0.001260,0
QF_BV/Sage2/bench_284.smt2,STP,1,1.0768370751175098,1.0698479150887579,,0.006989,0
QF_BV/20221012-MCMPC/millionaires/millionaires.t1.i43.3e4cb333.smt2,Yices2,1,0.21992964384844527,0.21785993687808514,,0.002070,0
QF_BV/20221012-MCMPC/dualexecution/dualexecution.t1.i15.0367e6a0.smt2,Yices2,1,0.7002988288877532,0.43829744891263545,,0.262001,0
QF_BV/spear/samba_v3.0.24/bin_eventlogadm_vc354398.smt2,Yices2,1,0.45227536791935563,0.4065030359197408,,0.045772,0
QF_BV/20221012-MCMPC/dualexecution/dualexecution.t1.i12.9139fb97.smt2,Yices2,1,0.24071244400693104,0.22637188201770186,,0.014341,0
QF_BV/sage/app1/bench_2466.smt2,Bitwuzla,1,0.5240002839709632,0.519613231997937,,0.004387,0
QF_BV/20221012-MCMPC/millionaires/millionaires.t1.i59.dac89530.smt2,Yices2,1,0.2206175308674574,0.21861260291188955,,0.002005,0
QF_BV/20221012-MCMPC/dualexecution/dualexecution.t1.i11.d7c8a784.smt2,Yices2,1,0.2847589849261567,0.24616203596815467,,0.038597,0
QF_BV/sage/app7/bench_904.smt2,Yices2,1,0.48380946699762717,0.33235384500585496,,0.151456,0
QF_BV/20221012-MCMPC/millionaires/millionaires.t1.i26.bef76b0d.smt2,STP,1,0.2226442198152654,0.22144913580268621,,0.001195,0
QF_BV/Sage2/bench_13421.smt2,Bitwuzla,1,0.5395734850899316,0.5265116600785404,,0.013062,0
QF_BV/sage/app1/bench_2166.smt2,Yices2,1,0.2534180789371021,0.24889174895361066,,0.004526,0
QF_BV/Sage2/bench_2694.smt2,STP,1,0.22746816603466868,0.2259782520122826,,0.001490,0
QF_BV/20221012-MCMPC/dualexecution_affine/dualexecution_affine.t1.i2.76ed57fd.smt2,Yices2,1,0.6088441130705178,0.3893658190499991,,0.219478,0
QF_BV/sage/app7/bench_1108.smt2,Yices2,1,0.47395389288431033,0.3474207818508148,,0.126533,0
QF_BV/sage/app7/bench_7602.smt2,Yices2,1,0.6849844679236412,0.4927384939510375,,0.192246,0
QF_BV/VS3/VS3-benchmark-A7.smt2,Yices2,1,22.822352123097517,22.81896086712368,,0.003391,0
QF_BV/sage/app7/bench_1572.smt2,Yices2,1,0.3719648119295016,0.2855264509562403,,0.086438,0
QF_BV/Sage2/bench_16302.smt2,STP,1,0.24257469206349924,0.2392927270848304,,0.003282,0
QF_BV/20221012-MCMPC/millionaires/millionaires.t1.i50.13fb73f8.smt2,Yices2,1,0.22223243297776207,0.22028406895697117,,0.001948,0
QF_BV/20221012-MCMPC/dualexecution_affine/dualexecution_affine.t1.i8.94ccb22d.smt2,Yices2,1,0.3411405651131645,0.292917458107695,,0.048223,0
QF_BV/20221012-MCMPC/millionaires/millionaires.t1.i29.2ae4090d.smt2,Yices2,1,0.21897130797151476,0.21673695696517825,,0.002234,0
QF_BV/spear/samba_v3.0.24/bin_eventlogadm_vc331222.smt2,Yices2,1,1.4006344599183649,1.3695496879518032,,0.031085,0
QF_BV/asp/HamiltonianPath/gryzzles.23.lp.smt2,Yices2,1,1.8235681159421802,1.8004162369761616,,0.023152,0
QF_BV/20221012-MCMPC/mean_buckets/mean_buckets.t1.i20.37da6661.smt2,STP,1,0.31947926292195916,0.3166545429266989,,0.002825,0
QF_BV/Sage2/bench_6698.smt2,STP,1,2.163362507126294,2.121248901123181,,0.042114,0
QF_BV/Sage2/bench_3759.smt2,STP,1,34.86265690694563,34.837800923967734,,0.024856,0
QF_BV/20190311-bv-term-small-rw-Noetzli/bv-term-small-rw_706.smt2,STP,1,0.22287791810231283,0.22247491707094014,,0.000403,0
QF_BV/sage/app1/bench_2110.smt2,Yices2,1,0.24528553523123264,0.24053352721966803,,0.004752,0
QF_BV/sage/app7/bench_978.smt2,Yices2,1,0.4689958328381181,0.3303902158513665,,0.138606,0
QF_BV/Sage2/bench_12317.smt2,STP,1,1.1754738119780086,1.145646699005738,,0.029827,0
QF_BV/Sage2/bench_6612.smt2,STP,1,0.4734704607981257,0.46570764179341495,,0.007763,0
QF_BV/bruttomesso/core/ext_con_056_008_0064.smt2,STP,1,0.7085178439738229,0.7034999839961529,,0.005018,0
QF_BV/Sage2/bench_13390.smt2,STP,1,13.268036575056612,13.265008934075013,,0.003028,0
QF_BV/sage/app1/bench_183.smt2,Bitwuzla,1,0.4329178331536241,0.4291936601512134,,0.003724,0
QF_BV/sage/app7/bench_8587.smt2,Yices2,1,0.7075156419887207,0.5227842410095036,,0.184731,0
QF_BV/spear/samba_v3.0.24/bin_libsmbsharemodes_vc6313.smt2,Yices2,1,0.6880445280112326,0.6752798689994961,,0.012765,0
QF_BV/Sage2/bench_1747.smt2,STP,1,19.71289109205827,19.71136259706691,,0.001528,0
QF_BV/bruttomesso/core/ext_con_040_064_0512.smt2,Yices2,1,2.574412780988496,2.546679218998179,,0.027734,0
QF_BV/sage/app7/bench_8625.smt2,Yices2,1,0.6503746990929358,0.46545696910470724,,0.184918,0
QF_BV/20221012-MCMPC/dualexecution_affine/dualexecution_affine.t1.i9.4538b984.smt2,Yices2,1,0.4121206349809654,0.3308373549953103,,0.081283,0
QF_BV/20221012-MCMPC/dualexecution_affine/dualexecution_affine.t1.i6.d29a87dc.smt2,Yices2,1,0.79818361409707,0.4967995590995997,,0.301384,0
QF_BV/20221012-MCMPC/millionaires/millionaires.t1.i16.c8287de2.smt2,Bitwuzla,1,0.28952708991710097,0.28722259891219437,,0.002304,0
QF_BV/20210219-Sydr/master/cjpeg/predicate_970.smt2,Yices2,1,0.4258538570138626,0.4087486770004034,,0.017105,0
QF_BV/20221012-MCMPC/dualexecution_affine/dualexecution_affine.t1.i12.186371f3.smt2,Yices2,1,0.2973795970901847,0.24980817106552422,,0.047571,0
QF_BV/Sage2/bench_16162.smt2,STP,1,0.5800487469532527,0.5562851319555193,,0.023764,0
QF_BV/uclid/catchconv/convert-jpg2gif-query-1320.smt2,Yices2,1,0.29864618001738563,0.2503273410256952,,0.048319,0
QF_BV/20221012-MCMPC/dualexecution_affine/dualexecution.t1.i6.88fd098e.smt2,Yices2,1,0.3552068420685828,0.29399213707074523,,0.061215,0
QF_BV/20221012-MCMPC/mean_buckets/simplemean_buckets.t1.i27.713b40e3.smt2,STP,1,0.31763938401127234,0.3153685450088233,,0.002271,0
QF_BV/20210312-Bouvier/vlsat3_a97.smt2,Bitwuzla,0,1200.0,1201.5981739279814,,0.310212,0
QF_BV/20221012-MCMPC/wage_circuit_div/wage_circuit_div.t1.i22.931a949d.smt2,STP,1,0.23278200888307765,0.23120329692028463,,0.001579,0
QF_BV/20190311-bv-term-small-rw-Noetzli/bv-term-small-rw_1156.smt2,STP,1,0.21161002287408337,0.21119687287136912,,0.000413,0
QF_BV/Sage2/bench_5215.smt2,STP,1,7.457283156050835,7.455359979066998,,0.001923,0
QF_BV/Sage2/bench_3113.smt2,STP,1,8.18858177488437,8.18689306289889,,0.001689,0
QF_BV/sage/app7/bench_6569.smt2,Yices2,1,0.668908848951105,0.4702105859760195,,0.198698,0
QF_BV/float/mul_03_3000_1.smt2,Yices2,0,1200.0,1201.2142918370664,,0.006315,0
QF_BV/Sage2/bench_4569.smt2,Yices2,1,0.4549925778992474,0.32722169789485633,,0.127771,0
QF_BV/spear/samba_v3.0.24/bin_eventlogadm_vc331250.smt2,Yices2,1,1.1369613960268907,1.1104062460362911,,0.026555,0
QF_BV/20221012-MCMPC/dualexecution/dualexecution.t1.i16.6f4cdea3.smt2,Yices2,1,0.2831008068751544,0.24738911585882306,,0.035712,0
QF_BV/spear/samba_v3.0.24/bin_libsmbclient_vc1225773.smt2,Yices2,1,1.7134993050131015,1.6917077610269189,,0.021792,0
QF_BV/20221012-MCMPC/dualexecution_affine/dualexecution_affine.t1.i8.7a565690.smt2,Yices2,1,0.43224344006739557,0.3113859670702368,,0.120857,0
QF_BV/20221012-MCMPC/dualexecution_affine/dualexecution_affine.t1.i2.60520d20.smt2,Yices2,1,0.5342711129924282,0.3539398720022291,,0.180331,0
QF_BV/20221012-MCMPC/dualexecution_affine/dualexecution.t1.i10.9a104991.smt2,Yices2,1,0.294121059065219,0.2515239140484482,,0.042597,0
QF_BV/Sage2/bench_10255.smt2,Yices2,1,0.5855578459450044,0.38539387797936797,,0.200164,0
QF_BV/sage/app7/bench_43.smt2,Yices2,1,0.6539382440969348,0.4649668880738318,,0.188971,0
QF_BV/Sage2/bench_578.smt2,Yices2,1,0.5298203488346189,0.43010016484186053,,0.099720,0
QF_BV/20221012-MCMPC/dualexecution_affine/dualexecution_affine.t1.i2.f67cbe2e.smt2,Yices2,1,0.5824254649924114,0.3827061150223017,,0.199719,0
QF_BV/20221012-MCMPC/millionaires/millionaires.t3.i11.fb25597e.smt2,Bitwuzla,1,0.26573462021769956,0.26274667819961905,,0.002988,0
QF_BV/Sage2/bench_9647.smt2,Yices2,1,0.4587332150549628,0.37295480305328965,,0.085778,0
QF_BV/Sage2/bench_9456.smt2,STP,1,0.5845905681489967,0.5599449211731553,,0.024646,0
QF_BV/20221012-MCMPC/wage_circuit_div/wage_circuit_div.t1.i36.7a8127fc.smt2,STP,1,0.24362023611320183,0.2423101190943271,,0.001310,0
QF_BV/20221012-MCMPC/dualexecution_affine/dualexecution_affine.t1.i9.b72d40bb.smt2,Yices2,1,0.42706147709395736,0.30939631909132004,,0.117665,0
QF_BV/Sage2/bench_15991.smt2,STP,1,0.28926008695270866,0.28476405795663595,,0.004496,0
QF_BV/20221012-MCMPC/wage_circuit_div/wage_circuit_div.t1.i27.56449d02.smt2,STP,1,0.23499487614026293,0.23343740310519934,,0.001557,0
QF_BV/spear/samba_v3.0.24/bin_eventlogadm_vc352369.smt2,Yices2,1,1.3648555888794363,1.3237122248392552,,0.041143,0
QF_BV/spear/samba_v3.0.24/bin_libsmbsharemodes_vc6254.smt2,Yices2,1,0.947939447069075,0.9265448800288141,,0.021395,0
QF_BV/sage/app1/bench_2424.smt2,Bitwuzla,1,0.3940449540386908,0.38959800102747977,,0.004447,0
QF_BV/bmc-bv-svcomp14/parity_true.c.17.smt2,STP,1,0.636427728983108,0.6350300100166351,,0.001398,0
QF_BV/Sage2/bench_2178.smt2,STP,1,15.484225816093385,15.482637871056795,,0.001588,0
QF_BV/float/e3_1.c.smt2,Yices2,1,0.5032127029262483,0.4987792959436774,,0.004433,0
QF_BV/Sage2/bench_915.smt2,Yices2,1,4.8682444029836915,4.700495189987123,,0.167749,0
QF_BV/20190311-bv-term-small-rw-Noetzli/bv-term-small-rw_226.smt2,STP,1,0.21570336807053536,0.21531143807806075,,0.000392,0
QF_BV/sage/app12/bench_106.smt2,Yices2,1,0.25150146312080324,0.24801827408373356,,0.003483,0
QF_BV/20221012-MCMPC/millionaires/millionaires.t3.i28.047d4697.smt2,Yices2,1,0.26311721483943984,0.25973944482393563,,0.003378,0
QF_BV/Sage2/bench_10741.smt2,STP,1,0.5354255090351216,0.5315139680169523,,0.003912,0
QF_BV/20221012-MCMPC/millionaires/millionaires.t1.i56.dbffe9cb.smt2,Yices2,1,0.2145723860594444,0.2126457430422306,,0.001927,0
QF_BV/uclid_contrib_smtcomp09/btfnt_bv_formula.smt2,STP,1,17.46979680279037,17.46340120281093,,0.006396,0
QF_BV/20221012-MCMPC/millionaires/millionaires.t1.i26.a47a71d7.smt2,STP,1,0.22456965793389827,0.22332623391412199,,0.001243,0
QF_BV/Sage2/bench_6305.smt2,STP,1,33.71595524792792,33.71370019693859,,0.002255,0
QF_BV/calypto/problem_19.smt2,STP,1,0.43657823506509885,0.43590779206715524,,0.000670,0
QF_BV/sage/app11/bench_495.smt2,Yices2,1,0.401645244914107,0.3251972219441086,,0.076448,0
QF_BV/Sage2/bench_15114.smt2,STP,1,0.29036196204833686,0.28445002902299166,,0.005912,0
QF_BV/20221012-MCMPC/millionaires/millionaires.t1.i14.53244a1d.smt2,Bitwuzla,1,0.31247725401772186,0.3101585670374334,,0.002319,0
QF_BV/spear/inn_v2.4.3/innfeed_innfeed_vc37219.smt2,Bitwuzla,1,0.4833697449648753,0.4816934219561517,,0.001676,0
QF_BV/sage/app9/bench_3098.smt2,STP,1,0.42820415418827906,0.4249071101658046,,0.003297,0
QF_BV/Sage2/bench_4153.smt2,Yices2,1,1.5704684361699037,1.461113541154191,,0.109355,0
QF_BV/uclid/catchconv/convert-jpg2gif-query-1167.smt2,Yices2,1,0.28826197900343686,0.2502105520106852,,0.038051,0
QF_BV/sage/app7/bench_1581.smt2,Yices2,1,0.736322485958226,0.48470092192292213,,0.251622,0
QF_BV/spear/samba_v3.0.24/bin_libmsrpc_vc1232069.smt2,Bitwuzla,1,0.9395819510100409,0.9246612880378962,,0.014921,0
QF_BV/20221012-MCMPC/dualexecution_affine/dualexecution_affine.t1.i8.e506da26.smt2,Yices2,1,0.42899969907011837,0.31159059703350067,,0.117409,0
QF_BV/spear/inn_v2.4.3/innfeed_innfeed_vc37242.smt2,Bitwuzla,1,0.48968987609259784,0.48792578908614814,,0.001764,0
QF_BV/sage/app7/bench_1389.smt2,Yices2,1,0.41656697186408564,0.3127468728926033,,0.103820,0
QF_BV/Sage2/bench_5244.smt2,STP,1,1.682376696029678,1.680003467015922,,0.002373,0
QF_BV/20221012-MCMPC/sugarbeets/sugarbeets.t1.i28.ad957543.smt2,Yices2,1,0.5607959819608368,0.5447467679623514,,0.016049,0
QF_BV/Sage2/bench_3769.smt2,Yices2,1,0.45065207581501454,0.38224463583901525,,0.068407,0
QF_BV/sage/app7/bench_1575.smt2,Yices2,1,0.3677671240293421,0.278624237049371,,0.089143,0
QF_BV/20221012-MCMPC/dualexecution_affine/dualexecution_affine.t1.i9.124a6c94.smt2,Yices2,1,0.3644870249554515,0.2793689649552107,,0.085118,0
QF_BV/sage/app2/bench_535.smt2,Yices2,1,0.26490706391632557,0.24569590389728546,,0.019211,0
QF_BV/asp/Sokoban/dimitri_yorick.57.steps.7.asp.smt2,STP,1,6.04083645704668,5.969262931030244,,0.071574,0
QF_BV/Sage2/bench_6461.smt2,STP,1,6.948123127920553,6.946325612952933,,0.001798,0
QF_BV/20221012-MCMPC/wage_circuit_div/wage_circuit_div.t1.i32.3d8b2c64.smt2,STP,1,0.23021278885426,0.22877519787289202,,0.001438,0
QF_BV/Sage2/bench_11557.smt2,Yices2,1,1.0786932790651917,1.0182482390664518,,0.060445,0
QF_BV/sage/app11/bench_333.smt2,Yices2,1,0.38256584311602637,0.30608307709917426,,0.076483,0
QF_BV/20221012-MCMPC/millionaires/millionaires.t3.i31.d007bd15.smt2,Yices2,1,0.2221776720834896,0.21899175504222512,,0.003186,0
QF_BV/Sage2/bench_9767.smt2,STP,1,0.531507007079199,0.5285182960797101,,0.002989,0
QF_BV/20221012-MCMPC/millionaires/millionaires.t1.i11.6f5ceaac.smt2,Bitwuzla,1,0.2713978930260055,0.2689162460155785,,0.002482,0
QF_BV/spear/samba_v3.0.24/bin_eventlogadm_vc331251.smt2,Yices2,1,1.279908568074461,1.2513262340798974,,0.028582,0
QF_BV/float/test_v7_r17_vr10_c1_s3680.smt2,Yices2,0,1200.0,1201.2452646230813,,0.132471,0
QF_BV/sage/app11/bench_488.smt2,Yices2,1,0.3765265010879375,0.30031653004698455,,0.076210,0
QF_BV/Sage2/bench_6521.smt2,STP,1,0.4908964281203225,0.48267288715578616,,0.008224,0
QF_BV/sage/app7/bench_23.smt2,Yices2,1,0.6630669699516147,0.4696201279293746,,0.193447,0
QF_BV/spear/samba_v3.0.24/bin_libsmbsharemodes_vc7108.smt2,Bitwuzla,1,0.5689074021065608,0.5529014631174505,,0.016006,0
QF_BV/asp/HamiltonianPath/gryzzles.37.lp.smt2,Yices2,1,1.8570316868135706,1.8334814908448607,,0.023550,0
QF_BV/20221012-MCMPC/dualexecution_affine/dualexecution_affine.t1.i6.20708767.smt2,Yices2,1,0.5114618649240583,0.36191818793304265,,0.149544,0
QF_BV/20230221-oisc-gurtner/SRL-SAFE-80-80.smt2,STP,1,73.06282633391675,73.05144032090902,,0.011386,0
QF_BV/asp/Sokoban/duthen-990602.74.steps.13.asp.smt2,STP,1,3.792494327935856,3.738277877913788,,0.054216,0
QF_BV/Sage2/bench_11738.smt2,STP,1,0.38362308591604233,0.37835140293464065,,0.005272,0
QF_BV/Sage2/bench_3797.smt2,Yices2,1,0.9370208770851605,0.882041891105473,,0.054979,0
QF_BV/Sage2/bench_7302.smt2,STP,1,1.827894768153783,1.8239614921621978,,0.003933,0
QF_BV/20221012-MCMPC/dualexecution_affine/dualexecution_affine.t1.i9.1c90fa1e.smt2,Yices2,1,0.3074863249785267,0.25478691700845957,,0.052699,0
QF_BV/Sage2/bench_11779.smt2,STP,1,0.22991283593000844,0.2281541689299047,,0.001759,0
QF_BV/mcm/160.smt2,STP,1,137.84592659183545,137.74859336786903,,0.097333,0
QF_BV/20221012-MCMPC/mean_buckets/mean_buckets.t1.i27.a02f1ba1.smt2,STP,1,0.31986899505136535,0.3174639600329101,,0.002405,0
QF_BV/Sage2/bench_13249.smt2,Bitwuzla,1,5.341824016941246,5.335641037905589,,0.006183,0
QF_BV/sage/app12/bench_2533.smt2,STP,1,0.38562473916681483,0.3838718691840768,,0.001753,0
QF_BV/Sage2/bench_6339.smt2,STP,1,32.413584323832765,32.41111659887247,,0.002468,0
QF_BV/20221012-MCMPC/millionaires/millionaires.t1.i30.32ef1f97.smt2,STP,1,0.21930450794752687,0.21812275797128677,,0.001182,0
QF_BV/sage/app7/bench_2046.smt2,Yices2,1,0.3550665659713559,0.29975743498653173,,0.055309,0
QF_BV/Sage2/bench_11200.smt2,Bitwuzla,1,0.8078590409131721,0.7722277538850904,,0.035631,0
QF_BV/sage/app11/bench_345.smt2,Yices2,1,0.38435832591494545,0.306949270889163,,0.077409,0
QF_BV/sage/app7/bench_4875.smt2,STP,1,0.2168986449833028,0.21601699898019433,,0.000882,0
QF_BV/Sage2/bench_14053.smt2,Bitwuzla,1,3.488690718135331,3.3841379021760076,,0.104553,0
QF_BV/20221012-MCMPC/millionaires/millionaires.t1.i62.5bdb6c20.smt2,Yices2,1,0.22469616908347234,0.22271210909821093,,0.001984,0
QF_BV/spear/samba_v3.0.24/bin_libsmbsharemodes_vc6264.smt2,Yices2,1,0.5431297520408407,0.5300153740681708,,0.013114,0
QF_BV/sage/app7/bench_2028.smt2,Yices2,1,0.3305216000881046,0.2749865821097046,,0.055535,0
QF_BV/sage/app7/bench_8180.smt2,Yices2,1,0.5632640911499038,0.37570410314947367,,0.187560,0
QF_BV/Sage2/bench_10788.smt2,STP,1,0.2791404978488572,0.2672644658014178,,0.011876,0
QF_BV/float/div2.c.50.smt2,Yices2,1,1.7534416489652358,1.7111676959320903,,0.042274,0
QF_BV/Sage2/bench_4367.smt2,Yices2,1,0.5047460200730711,0.40210819407366216,,0.102638,0
QF_BV/20221012-MCMPC/millionaires/millionaires.t2.i51.83d6e050.smt2,Yices2,1,0.2175675667822361,0.21470643882639706,,0.002861,0
QF_BV/Sage2/bench_15684.smt2,Bitwuzla,1,0.49854784714989364,0.486248450120911,,0.012299,0
QF_BV/20221214-p4dfa-XiaoqiChen/StringMatching/string2x16.6._bit8_na6_nr3_paired.smt2,Yices2,0,1200.0,1201.2426698741037,,0.091425,0
QF_BV/Sage2/bench_869.smt2,STP,1,0.3260623730602674,0.32082379003986716,,0.005239,0
QF_BV/asp/WireRouting/wire.14.x.14.b.8.a.30_unsat.data.smt2,Yices2,1,36.32061751501169,36.023885525995865,,0.296732,0
QF_BV/Sage2/bench_16054.smt2,STP,1,0.23419921001186594,0.23165735299699008,,0.002542,0
QF_BV/Sage2/bench_11966.smt2,Yices2,1,0.46012608194723725,0.3754989809822291,,0.084627,0
QF_BV/sage/app1/bench_2005.smt2,Yices2,1,0.8228911499609239,0.8180190089624375,,0.004872,0
QF_BV/20221012-MCMPC/mean_buckets/mean_buckets.t1.i19.372c3805.smt2,STP,1,0.33672809589188546,0.333813268924132,,0.002915,0
QF_BV/Sage2/bench_2284.smt2,STP,1,7.709823421027977,7.70830634701997,,0.001517,0
QF_BV/Sage2/bench_14786.smt2,STP,1,0.4839647469925694,0.4749686860013753,,0.008996,0
QF_BV/Sage2/bench_1323.smt2,STP,1,1.1657414640067145,1.1647839359939098,,0.000958,0
QF_BV/Sage2/bench_4739.smt2,STP,1,0.23384484113194048,0.22972777811810374,,0.004117,0
QF_BV/Sage2/bench_13670.smt2,Yices2,1,0.33337993605528027,0.30362826003693044,,0.029752,0
QF_BV/20221012-MCMPC/dualexecution_affine/dualexecution_affine.t1.i12.4c625f4d.smt2,Yices2,1,0.2407791039440781,0.22617081296630204,,0.014608,0
QF_BV/20221012-MCMPC/millionaires/millionaires.t1.i29.b44b2b14.smt2,STP,1,0.22275767487008125,0.22154394583776593,,0.001214,0
QF_BV/bruttomesso/core/ext_con_024_016_0064.smt2,STP,1,0.3871325989603065,0.38271589297801256,,0.004417,0
QF_BV/sage/app8/bench_397.smt2,STP,1,0.4754059851402417,0.472270131111145,,0.003136,0
QF_BV/20221012-MCMPC/millionaires/millionaires.t1.i36.1ffd32f2.smt2,Yices2,1,0.21808957686880603,0.21583885583095253,,0.002251,0
QF_BV/20221012-MCMPC/millionaires/millionaires.t1.i54.22eb4884.smt2,Yices2,1,0.21671796590089798,0.21465381886810064,,0.002064,0
QF_BV/sage/app11/bench_101.smt2,Yices2,1,0.3972615718957968,0.3189887818880379,,0.078273,0
QF_BV/sage/app1/bench_1470.smt2,Yices2,1,1.3599178331787698,1.3547949981875718,,0.005123,0
QF_BV/bruttomesso/core/ext_con_024_008_0256.smt2,STP,1,0.839675453142263,0.8370595551095903,,0.002616,0
QF_BV/sage/app7/bench_8620.smt2,Yices2,1,0.6502670960617252,0.46334882406517863,,0.186918,0
QF_BV/bruttomesso/lfsr/lfsr_004_063_064.smt2,STP,1,2.987160066026263,2.9840911580249667,,0.003069,0
QF_BV/sage/app7/bench_224.smt2,Yices2,1,0.644810716912616,0.4597440508659929,,0.185067,0
QF_BV/sage/app1/bench_2641.smt2,STP,1,0.2518935509142466,0.2508488039020449,,0.001045,0
QF_BV/sage/app7/bench_691.smt2,Yices2,1,0.5170009759021923,0.34157889895141125,,0.175422,0
QF_BV/sage/app7/bench_8550.smt2,Yices2,1,0.649072002095636,0.4640761180780828,,0.184996,0
QF_BV/Sage2/bench_5929.smt2,STP,1,0.620980445004534,0.6177109580021352,,0.003269,0
QF_BV/20221012-MCMPC/millionaires/millionaires.t1.i38.e7bdd3d4.smt2,Yices2,1,0.22968099999707192,0.22742315498180687,,0.002258,0
QF_BV/Sage2/bench_15460.smt2,Bitwuzla,1,21.790507224970497,21.754689940949902,,0.035817,0
QF_BV/Sage2/bench_8821.smt2,Yices2,1,0.46749239118071273,0.3254429241642356,,0.142049,0
QF_BV/Sage2/bench_13739.smt2,STP,1,1.5195910000475124,1.506304067093879,,0.013287,0
QF_BV/20221012-MCMPC/dualexecution/dualexecution.t1.i4.f659fcc3.smt2,Yices2,1,0.4932452520588413,0.3385308680590242,,0.154714,0
QF_BV/Sage2/bench_8833.smt2,Yices2,1,0.27231497218599543,0.25849880720488727,,0.013816,0
QF_BV/Sage2/bench_15800.smt2,Yices2,1,1.6035103669273667,1.4567417749203742,,0.146769,0
QF_BV/20221012-MCMPC/sugarbeets/sugarbeets.t1.i16.063538be.smt2,Yices2,1,0.5823114098748192,0.5525589399039745,,0.029752,0
QF_BV/20221012-MCMPC/millionaires/millionaires.t2.i17.1b966e25.smt2,Bitwuzla,1,0.26128300302661955,0.25836534099653363,,0.002918,0
QF_BV/asp/EdgeMatching/edge-matching-width=7-height=7-colours=13.smt2,STP,1,53.169633569021244,52.94446601904929,,0.225168,0
QF_BV/spear/samba_v3.0.24/bin_libsmbclient_vc1225676.smt2,Bitwuzla,1,0.9368774759350345,0.9247037759050727,,0.012174,0
QF_BV/20210219-Sydr/master/cjpeg/predicate_2145.smt2,Yices2,1,0.512258354050573,0.47597805806435645,,0.036280,0
QF_BV/20210219-Sydr/master/cjpeg/predicate_961.smt2,Yices2,1,0.5602419950300828,0.5440384040120989,,0.016204,0
QF_BV/spear/samba_v3.0.24/bin_libmsrpc_vc1228443.smt2,Bitwuzla,1,1.0171355280908756,1.001626803074032,,0.015509,0
QF_BV/Sage2/bench_12651.smt2,Yices2,1,0.2679292199900374,0.242902094963938,,0.025027,0
QF_BV/spear/inn_v2.4.3/nnrpd_nnrpd_vc20413.smt2,Bitwuzla,1,0.39381231885636225,0.391291526844725,,0.002521,0
QF_BV/spear/samba_v3.0.24/bin_libsmbsharemodes_vc4815.smt2,Yices2,1,0.8622210779576562,0.8223732069600374,,0.039848,0
QF_BV/20221012-MCMPC/millionaires/millionaires.t1.i64.418b56b0.smt2,Yices2,1,0.21389417391037568,0.21202111896127462,,0.001873,0
QF_BV/Sage2/bench_7883.smt2,STP,1,0.23538920911960304,0.23400341509841383,,0.001386,0
QF_BV/Sage2/bench_10016.smt2,Yices2,1,53.20096870895941,53.1692550489679,,0.031714,0
QF_BV/Sage2/bench_13114.smt2,Yices2,1,0.49582818103954196,0.3334716430399567,,0.162357,0
QF_BV/Sage2/bench_4246.smt2,Yices2,1,0.5329789170064032,0.4571654349565506,,0.075813,0
QF_BV/Sage2/bench_5572.smt2,STP,1,1.0972060319036245,1.092432854929939,,0.004773,0
QF_BV/sage/app7/bench_780.smt2,Yices2,1,0.6724655540310778,0.42140780203044415,,0.251058,0
QF_BV/20221012-MCMPC/millionaires/millionaires.t1.i50.d124205b.smt2,Yices2,1,0.21592311700806022,0.2137654370162636,,0.002158,0
QF_BV/20190311-bv-term-small-rw-Noetzli/bv-term-small-rw_1556.smt2,STP,1,0.2180336288874969,0.21763553586788476,,0.000398,0
QF_BV/Sage2/bench_9558.smt2,Yices2,1,0.47405115596484393,0.38006279501132667,,0.093988,0
QF_BV/20210312-Bouvier/vlsat3_a02.smt2,STP,1,6.2289342529838905,6.222053637960926,,0.006881,0
QF_BV/Sage2/bench_13500.smt2,Yices2,1,0.77782167395344,0.7295172039885074,,0.048304,0
QF_BV/spear/samba_v3.0.24/bin_libsmbsharemodes_vc7643.smt2,Bitwuzla,1,1.0588948389631696,1.0394526179879904,,0.019442,0
QF_BV/bruttomesso/lfsr/lfsr_004_143_032.smt2,STP,1,2.1471646661520936,2.1448222941253334,,0.002342,0
QF_BV/spear/samba_v3.0.24/bin_libsmbclient_vc1225778.smt2,Yices2,1,1.5900221969932318,1.5669633289799094,,0.023059,0
QF_BV/20230221-oisc-gurtner/SRLI-SAFE-32-1024.smt2,Yices2,1,63.94803359883372,63.86201266385615,,0.086021,0
QF_BV/uclid/catchconv/convert-jpg2gif-query-1172.smt2,Yices2,1,0.30379388900473714,0.2645755549892783,,0.039218,0
QF_BV/Sage2/bench_5355.smt2,STP,1,55.37199649983086,55.37014514580369,,0.001851,0
QF_BV/uclid/catchconv/convert-jpg2gif-query-1419.smt2,Yices2,1,0.34045491699362174,0.2817350779660046,,0.058720,0
QF_BV/20221012-MCMPC/dualexecution_affine/dualexecution_affine.t1.i6.b94a1452.smt2,Yices2,1,0.6645995351136662,0.4125959191005677,,0.252004,0
QF_BV/sage/app11/bench_309.smt2,Yices2,1,0.42909356707241386,0.3485219720751047,,0.080572,0
QF_BV/bruttomesso/lfsr/lfsr_004_127_128.smt2,Yices2,1,1.8223167699761689,1.8164536929689348,,0.005863,0
QF_BV/20221012-MCMPC/wage/wage.t1.i28.b62657ea.smt2,Bitwuzla,1,0.25748354103416204,0.2558853530790657,,0.001598,0
QF_BV/Sage2/bench_11658.smt2,Bitwuzla,1,7.735270862001926,7.722829703008756,,0.012441,0
QF_BV/Sage2/bench_5697.smt2,Yices2,1,977.7060599779361,977.622963659931,,0.083096,0
QF_BV/sage/app9/bench_93.smt2,STP,1,0.44503949309000745,0.44228877406567335,,0.002751,0
QF_BV/mcm/118.smt2,Bitwuzla,1,1.0053385810460895,0.9902223320677876,,0.015116,0
QF_BV/Sage2/bench_2854.smt2,Yices2,1,0.5969630919280462,0.4025128949433565,,0.194450,0
QF_BV/Sage2/bench_9980.smt2,Yices2,1,0.49507146881660447,0.3816599817946553,,0.113411,0
QF_BV/20190311-bv-term-small-rw-Noetzli/bv-term-small-rw_1428.smt2,STP,1,0.25198230193927884,0.2515605059452355,,0.000422,0
QF_BV/brummayerbiere/nlzbs256.smt2,Bitwuzla,1,11.811813032138161,11.806527116103098,,0.005286,0
QF_BV/Sage2/bench_7508.smt2,Bitwuzla,1,0.6051066538784653,0.5495072088669986,,0.055599,0
QF_BV/sage/app7/bench_1579.smt2,Yices2,1,0.37010000203736126,0.2829591480549425,,0.087141,0
QF_BV/uclid/catchconv/convert-jpg2gif-query-1571.smt2,Yices2,1,0.44084950495744124,0.3610656959936023,,0.079784,0
QF_BV/20221012-MCMPC/millionaires/millionaires.t1.i27.5e7e77ef.smt2,STP,1,0.23671580903464928,0.23550449404865503,,0.001211,0
QF_BV/Sage2/bench_14036.smt2,Bitwuzla,1,221.14410184609005,220.71380019607022,,0.430302,0
QF_BV/Sage2/bench_4347.smt2,STP,1,1.0898719509132206,1.0625865189358592,,0.027285,0
QF_BV/Sage2/bench_10401.smt2,Yices2,1,1.1760198640986346,0.8546557771041989,,0.321364,0
QF_BV/Sage2/bench_7141.smt2,Yices2,1,0.4911858949926682,0.3788283939938992,,0.112358,0
QF_BV/spear/samba_v3.0.24/bin_libsmbsharemodes_vc6200.smt2,Yices2,1,0.8756788858445361,0.8620863198302686,,0.013593,0
QF_BV/20190311-bv-term-small-rw-Noetzli/bv-term-small-rw_461.smt2,STP,1,0.27706722216680646,0.27667418913915753,,0.000393,0
QF_BV/bruttomesso/lfsr/lfsr_008_015_128.smt2,Yices2,1,294.2365252308664,294.2255412018858,,0.010984,0
QF_BV/bmc-bv-svcomp14/parity_true.c.21.smt2,STP,1,0.7665656229946762,0.7650148109532893,,0.001551,0
QF_BV/mcm/57.smt2,Bitwuzla,0,1200.0,1201.2567008880433,,0.010001,0
QF_BV/Sage2/bench_17546.smt2,STP,1,0.30158582294825464,0.29515813291072845,,0.006428,0
QF_BV/uclid_contrib_smtcomp09/std_bv_formula.smt2,STP,1,20.432350551942363,20.426532143959776,,0.005818,0
QF_BV/brummayerbiere/bitrev4096.smt2,STP,1,3.6888718840200454,3.687234940007329,,0.001637,0
QF_BV/sage/app1/bench_1019.smt2,STP,1,0.38073260395321995,0.37810020498000085,,0.002632,0
QF_BV/20221012-MCMPC/wage_circuit_div/wage_circuit_div.t1.i23.c1297137.smt2,STP,1,0.23471814399817958,0.23302153497934341,,0.001697,0
QF_BV/spear/wget_v1.10.2/src_wget_vc17910.smt2,Yices2,1,0.6471415840787813,0.6453979650977999,,0.001744,0
QF_BV/spear/samba_v3.0.24/bin_eventlogadm_vc331166.smt2,Yices2,1,0.3499866019701585,0.33966349996626377,,0.010323,0
QF_BV/sage/app1/bench_29.smt2,Bitwuzla,1,0.5204885691637173,0.5164687081705779,,0.004020,0
QF_BV/log-slicing/bvshl_0665.smt2,STP,1,7.837862721004058,7.835352628026158,,0.002510,0
QF_BV/Sage2/bench_6793.smt2,STP,1,0.2766978890285827,0.270580864045769,,0.006117,0
QF_BV/sage/app1/bench_448.smt2,Yices2,1,0.24848217709222808,0.2430336670950055,,0.005449,0
QF_BV/sage/app11/bench_58.smt2,Yices2,1,0.37951745104510337,0.3035788780543953,,0.075939,0
QF_BV/Sage2/bench_9300.smt2,Yices2,1,0.4709168850677088,0.3696738800499588,,0.101243,0
QF_BV/sage/app9/bench_1027.smt2,STP,1,0.2282664590748027,0.2259351690299809,,0.002331,0
QF_BV/spear/samba_v3.0.24/bin_libmsrpc_vc1225318.smt2,Bitwuzla,1,1.1071118109975941,1.0913043220061809,,0.015807,0
QF_BV/Sage2/bench_15007.smt2,STP,1,0.28727046109270304,0.2813332211226225,,0.005937,0
QF_BV/uclid/catchconv/convert-jpg2gif-query-1522.smt2,Yices2,1,0.36012028413824737,0.28704975615255535,,0.073071,0
QF_BV/asp/BlockedNQueens/156.48.1960.36.1721327521.dat.smt2,Yices2,1,5.602206805837341,5.572376174852252,,0.029831,0
QF_BV/Sage2/bench_9030.smt2,Bitwuzla,1,671.3456981392228,671.3285369651858,,0.017161,0
QF_BV/uclid/catchconv/convert-jpg2gif-query-1572.smt2,Yices2,1,0.3819693559780717,0.3031877879984677,,0.078782,0
QF_BV/20221012-MCMPC/millionaires/millionaires.t1.i24.0a992a9d.smt2,Bitwuzla,1,0.25578748498810455,0.25347501900978386,,0.002312,0
QF_BV/spear/inn_v2.4.3/innd_innd_vc33153.smt2,Bitwuzla,1,0.43175764207262546,0.43006368610076606,,0.001694,0
QF_BV/uclid/catchconv/convert-jpg2gif-query-1616.smt2,Yices2,1,0.8484005228965543,0.7646756109315902,,0.083725,0
QF_BV/20221012-MCMPC/dualexecution/dualexecution.t1.i15.3db2df79.smt2,Yices2,1,1.0159292310127057,0.5868227710016072,,0.429106,0
QF_BV/asp/HierarchicalClustering/xy.14.x.14.r.3.886831626.391915.data_k=2_l=6_sat.gph.smt2,STP,1,19.977616386138834,19.791112166130915,,0.186504,0
QF_BV/20210219-Sydr/symbolic_memory/nested/readelf/predicate_2885.smt2,Yices2,1,1.2609060770482756,1.0739185300190002,,0.186988,0
QF_BV/sage/app1/bench_1983.smt2,Yices2,1,0.273551854013931,0.2686623609624803,,0.004889,0
QF_BV/asp/Solitaire/solitaire-center-time=26.smt2,STP,1,10.840194163203705,10.761989394202828,,0.078205,0
QF_BV/Sage2/bench_1598.smt2,Yices2,1,0.31656347203534096,0.28669935604557395,,0.029864,0
QF_BV/Sage2/bench_12780.smt2,STP,1,36.91039290011395,36.908400481101125,,0.001992,0
QF_BV/sage/app7/bench_943.smt2,Yices2,1,0.47794370097108185,0.3372461129911244,,0.140698,0
QF_BV/sage/app7/bench_557.smt2,Yices2,1,0.5271694888360798,0.34958576085045934,,0.177584,0
QF_BV/sage/app7/bench_1156.smt2,Yices2,1,0.42575706797651947,0.3057118100114167,,0.120045,0
QF_BV/20221012-MCMPC/millionaires/millionaires.t4.i1.a82c482b.smt2,Bitwuzla,1,0.31123284285422415,0.307287294883281,,0.003946,0
QF_BV/sage/app7/bench_2017.smt2,Yices2,1,0.31666047300677747,0.25851627602241933,,0.058144,0
QF_BV/20221012-MCMPC/millionaires/millionaires.t3.i19.16d60e3a.smt2,Yices2,1,0.22346678597386926,0.220346410991624,,0.003120,0
QF_BV/20210219-Sydr/master/readelf/predicate_492.smt2,STP,1,0.2713361919741146,0.2698939689435065,,0.001442,0
QF_BV/sage/app7/bench_1688.smt2,Yices2,1,0.35462711204309016,0.2763212360441685,,0.078306,0
QF_BV/sage/app7/bench_6291.smt2,Yices2,1,0.5714751540799625,0.3805102710612118,,0.190965,0
QF_BV/Sage2/bench_4799.smt2,STP,1,0.22658292890992016,0.22521075187250972,,0.001372,0
QF_BV/20221012-MCMPC/dualexecution_affine/dualexecution_affine.t1.i9.5ac1cd86.smt2,Yices2,1,0.5129689431050792,0.36728017311543226,,0.145689,0
QF_BV/Sage2/bench_5159.smt2,Yices2,1,0.23407246900023893,0.22429674002341926,,0.009776,0
QF_BV/sage/app1/bench_2401.smt2,Yices2,1,0.22016032587271184,0.21888608392328024,,0.001274,0
QF_BV/20210219-Sydr/master/pk2bm/predicate_223.smt2,STP,1,0.2853680270491168,0.2811648540664464,,0.004203,0
QF_BV/20210219-Sydr/master/cjpeg/predicate_1412.smt2,Yices2,1,0.541087110992521,0.5164935670327395,,0.024594,0
QF_BV/Sage2/bench_3216.smt2,STP,1,11.960208986944053,11.958682755939662,,0.001526,0
QF_BV/spear/inn_v2.4.3/innd_innd_vc33532.smt2,Bitwuzla,1,0.42982262111036107,0.4281367401126772,,0.001686,0
QF_BV/sage/app7/bench_106.smt2,Yices2,1,0.7224949809606187,0.537869764957577,,0.184625,0
QF_BV/20221012-MCMPC/dualexecution_affine/dualexecution.t1.i15.8e78387b.smt2,Yices2,1,0.7530280610080808,0.47358834301121533,,0.279440,0
QF_BV/Sage2/bench_16423.smt2,STP,1,0.23815443908097222,0.23599274409934878,,0.002162,0
QF_BV/Sage2/bench_12913.smt2,STP,1,0.2957014090497978,0.28939804807305336,,0.006303,0
QF_BV/sage/app7/bench_1619.smt2,Yices2,1,0.39446107094408944,0.30606833193451166,,0.088393,0
QF_BV/Sage2/bench_4622.smt2,STP,1,0.6049665950122289,0.6011234479956329,,0.003843,0
QF_BV/sage/app1/bench_149.smt2,Bitwuzla,1,0.23909409187035635,0.2352754028979689,,0.003819,0
QF_BV/Sage2/bench_8081.smt2,STP,1,0.28083650692133233,0.27642790088430047,,0.004409,0
QF_BV/Sage2/bench_9799.smt2,STP,1,0.29089647490764037,0.2831768789328635,,0.007720,0
QF_BV/Sage2/bench_4866.smt2,STP,1,3.35273046605289,3.2494630680885166,,0.103267,0
QF_BV/sage/app7/bench_357.smt2,Yices2,1,0.5672260631690733,0.3790802981238812,,0.188146,0
QF_BV/2019-Wolf-fmbench/2018E/zipcpu-zipmmu-unrolled-nomem.smt2,Yices2,1,2.186080761021003,2.0964049720205367,,0.089676,0
QF_BV/sage/app7/bench_2087.smt2,Yices2,1,0.30861115199513733,0.2573237409815192,,0.051287,0
QF_BV/sage/app7/bench_2198.smt2,Yices2,1,0.3032669390668161,0.2531043600756675,,0.050163,0
QF_BV/20190311-bv-term-small-rw-Noetzli/bv-term-small-rw_1124.smt2,STP,1,0.21354764589341357,0.2131520789116621,,0.000396,0
QF_BV/bruttomesso/core/ext_con_020_256_1024.smt2,Yices2,1,4.34244281204883,4.2870770080480725,,0.055366,0
QF_BV/bmc-bv/ex7_prime.smt2,Yices2,1,3.0508831949555315,3.026600698940456,,0.024282,0
QF_BV/20210219-Sydr/master/cjpeg/predicate_982.smt2,Yices2,1,0.4038432340603322,0.3868629550561309,,0.016980,0
QF_BV/sage/app11/bench_132.smt2,Yices2,1,0.38458695501321927,0.3092281629797071,,0.075359,0
QF_BV/20190311-bv-term-small-rw-Noetzli/bv-term-small-rw_361.smt2,STP,1,0.21525255992310122,0.21486541791819036,,0.000387,0
QF_BV/20210312-Bouvier/vlsat3_g94.smt2,STP,1,9.054238269047346,8.976641776040196,,0.077596,0
QF_BV/spear/samba_v3.0.24/bin_eventlogadm_vc331062.smt2,Yices2,1,0.4784169549238868,0.47030963795259595,,0.008107,0
QF_BV/Sage2/bench_6045.smt2,Yices2,1,2.013666911108885,1.952966425102204,,0.060700,0
QF_BV/Sage2/bench_1706.smt2,Yices2,1,0.3493262170231901,0.300767017994076,,0.048559,0
QF_BV/Sage2/bench_5332.smt2,STP,1,0.2680542152374983,0.2659239151980728,,0.002130,0
QF_BV/Sage2/bench_9838.smt2,Yices2,1,0.5579799381666817,0.366422793129459,,0.191557,0
QF_BV/Sage2/bench_13971.smt2,Yices2,1,1.741999679012224,1.6805188050493598,,0.061481,0
QF_BV/float/newton.6.2.i.smt2,Yices2,1,20.906037436099723,20.883214234141633,,0.022823,0
QF_BV/Sage2/bench_16922.smt2,STP,1,0.4760331909637898,0.4667027259711176,,0.009330,0
QF_BV/Sage2/bench_2992.smt2,STP,1,6.8915656610624865,6.889957979088649,,0.001608,0
QF_BV/20221012-MCMPC/dualexecution_affine/dualexecution_affine.t1.i7.834e8871.smt2,Yices2,1,0.5579927349463105,0.3661864809691906,,0.191806,0
QF_BV/20221012-MCMPC/millionaires/millionaires.t1.i5.c05b3196.smt2,Bitwuzla,1,0.2629410140798427,0.2604101561009884,,0.002531,0
QF_BV/sage/app7/bench_576.smt2,Yices2,1,0.5445014130091295,0.35368316899985075,,0.190818,0
QF_BV/sage/app7/bench_7557.smt2,Yices2,1,0.6970521409530193,0.4498327439650893,,0.247219,0
QF_BV/Sage2/bench_8524.smt2,Yices2,1,0.2670520870015025,0.241712142014876,,0.025340,0
QF_BV/Sage2/bench_10855.smt2,Bitwuzla,1,12.20085255696904,11.76441993797198,,0.436433,0
QF_BV/20221012-MCMPC/millionaires/millionaires.t1.i32.473fd820.smt2,STP,1,0.22180334717268124,0.22057177615351975,,0.001232,0
QF_BV/20221012-MCMPC/dualexecution_affine/dualexecution_affine.t1.i8.fd8ab9f3.smt2,Yices2,1,0.2955834330059588,0.252138284035027,,0.043445,0
QF_BV/20221012-MCMPC/dualexecution_affine/dualexecution.t1.i15.371da25d.smt2,Yices2,1,0.7739305181894451,0.4780049151740968,,0.295926,0
QF_BV/Sage2/bench_10799.smt2,Yices2,1,0.7769665419473313,0.6926527789328247,,0.084314,0
QF_BV/float/sin2.c.25.smt2,Bitwuzla,1,954.0437507480383,953.9754050900228,,0.068346,0
QF_BV/Sage2/bench_9563.smt2,Yices2,1,0.49990409484598786,0.38565531885251403,,0.114249,0
QF_BV/sage/app12/bench_411.smt2,STP,1,0.4120139682199806,0.4090645501855761,,0.002949,0
QF_BV/Sage2/bench_15154.smt2,STP,1,0.4870141840656288,0.4781351580750197,,0.008879,0
QF_BV/Sage2/bench_16263.smt2,STP,1,0.24509895406663418,0.24168384307995439,,0.003415,0
QF_BV/spear/samba_v3.0.24/bin_eventlogadm_vc352876.smt2,Yices2,1,1.7281898859655485,1.6810197089798748,,0.047170,0
QF_BV/Sage2/bench_14423.smt2,STP,1,0.8426023289794102,0.822832013014704,,0.019770,0
QF_BV/20221012-MCMPC/wage/wage.t1.i30.cadd381d.smt2,Bitwuzla,1,0.29975917807314545,0.298295428045094,,0.001464,0
QF_BV/sage/app7/bench_8595.smt2,Yices2,1,0.6471584699465893,0.4596134719904512,,0.187545,0
QF_BV/sage/app7/bench_6768.smt2,STP,1,0.406687936920207,0.40609556692652404,,0.000592,0
QF_BV/20221012-MCMPC/millionaires/millionaires.t1.i24.25646aa5.smt2,Bitwuzla,1,0.2677348750876263,0.2654389201197773,,0.002296,0
QF_BV/spear/samba_v3.0.24/bin_eventlogadm_vc331105.smt2,Yices2,1,0.6671764999628067,0.6558010829612613,,0.011375,0
QF_BV/20221012-MCMPC/millionaires/millionaires.t1.i59.4bf938e0.smt2,Yices2,1,0.2139131940784864,0.21199146006256342,,0.001922,0
QF_BV/sage/app7/bench_1394.smt2,Yices2,1,0.3749364889226854,0.2853159608785063,,0.089621,0
QF_BV/20210219-Sydr/master/jasper/predicate_93.smt2,STP,1,0.3113522938801907,0.3098455318249762,,0.001507,0
QF_BV/20210219-Sydr/symbolic_memory/bst/cjpeg/predicate_254.smt2,Bitwuzla,1,0.6753997320774943,0.6259950920939445,,0.049405,0
QF_BV/Sage2/bench_14453.smt2,STP,1,0.23263732297345996,0.2312046659644693,,0.001433,0
QF_BV/20221012-MCMPC/millionaires/millionaires.t1.i14.4ed42317.smt2,Bitwuzla,1,0.25824986188672483,0.2558705438859761,,0.002379,0
QF_BV/bruttomesso/core/ext_con_032_008_1024.smt2,STP,1,3.2015648880624212,3.1984289360698313,,0.003136,0
QF_BV/20221012-MCMPC/millionaires/millionaires.t1.i31.97e9157e.smt2,STP,1,0.2207663540611975,0.2195797860622406,,0.001187,0
QF_BV/sage/app2/bench_571.smt2,Yices2,1,0.2485569968703203,0.2313898268621415,,0.017167,0
QF_BV/brummayerbiere3/maxandminor256.smt2,Bitwuzla,1,1.0683960549067706,1.0453915179241449,,0.023005,0
QF_BV/sage/app7/bench_1567.smt2,Yices2,1,0.3673943101312034,0.27792610111646354,,0.089468,0
QF_BV/Sage2/bench_5605.smt2,STP,1,0.8394241140340455,0.8347534160129726,,0.004671,0
QF_BV/sage/app1/bench_2489.smt2,Yices2,1,0.25063392595620826,0.24508829694241285,,0.005546,0
QF_BV/sage/app7/bench_1545.smt2,Yices2,1,0.3741793758235872,0.2868349268101156,,0.087344,0
QF_BV/Sage2/bench_1085.smt2,STP,1,42.28693589696195,42.28512123692781,,0.001815,0
QF_BV/20221012-MCMPC/millionaires/millionaires.t1.i61.7b1fb429.smt2,Yices2,1,0.21426028304267675,0.2122377830091864,,0.002023,0
QF_BV/Sage2/bench_6183.smt2,STP,1,20.030891188886017,20.02016545087099,,0.010726,0
QF_BV/Sage2/bench_10950.smt2,STP,1,0.23465168190887198,0.23222311888821423,,0.002429,0
QF_BV/20221012-MCMPC/wage_circuit_div/wage_circuit_div.t1.i22.1b035a4d.smt2,STP,1,0.23594890109961852,0.234123133122921,,0.001826,0
QF_BV/spear/samba_v3.0.24/bin_eventlogadm_vc352873.smt2,Yices2,1,3.6846522391424514,3.634496346116066,,0.050156,0
QF_BV/uclid/catchconv/convert-jpg2gif-query-1439.smt2,Yices2,1,0.34884525899542496,0.2896724969614297,,0.059173,0
QF_BV/spear/samba_v3.0.24/bin_eventlogadm_vc330950.smt2,Bitwuzla,1,0.3885793739464134,0.38610816397704184,,0.002471,0
QF_BV/float/add_01_1000_3.smt2,Yices2,1,2.3773327020462602,2.3704642220400274,,0.006868,0
QF_BV/bruttomesso/core/ext_con_048_008_0512.smt2,STP,1,1.8167400342063047,1.8120545002166182,,0.004686,0
QF_BV/sage/app1/bench_94.smt2,Bitwuzla,1,0.24049318407196552,0.23674420407041907,,0.003749,0
QF_BV/brummayerbiere2/smulov2bw112.smt2,Bitwuzla,1,3.1271470049396157,3.1252435869537294,,0.001903,0
QF_BV/Sage2/bench_7601.smt2,Yices2,1,0.4903114390326664,0.37864966900087893,,0.111662,0
QF_BV/spear/samba_v3.0.24/bin_eventlogadm_vc352365.smt2,Yices2,1,0.5841916799545288,0.5469994749873877,,0.037192,0
QF_BV/sage/app2/bench_549.smt2,Yices2,1,0.25647656607907265,0.23742525302805007,,0.019051,0
QF_BV/Sage2/bench_9454.smt2,Yices2,1,0.7185099849593826,0.7029061899520457,,0.015604,0
QF_BV/bruttomesso/lfsr/lfsr_002_063_016.smt2,STP,1,0.28325656888773665,0.28241410688497126,,0.000842,0
QF_BV/bruttomesso/simple_processor/simple_processors_008_002_0004.smt2,STP,1,0.3562223291955888,0.35544763319194317,,0.000775,0
QF_BV/Sage2/bench_16962.smt2,Yices2,1,4.1416637749644,3.3869556579738855,,0.754708,0
QF_BV/20221012-MCMPC/millionaires/millionaires.t1.i13.1f2872d4.smt2,STP,1,0.2275296781444922,0.22610061313025653,,0.001429,0
QF_BV/asp/ConnectedDominatingSet/rand_60_400_1235843083_0_k=5_unsat.gph.smt2,Yices2,1,1.28223432705272,1.2687937710434198,,0.013441,0
QF_BV/Sage2/bench_13515.smt2,Bitwuzla,1,4.062150801939424,4.013663362944499,,0.048487,0
QF_BV/sage/app7/bench_7858.smt2,Yices2,1,0.6645436398684978,0.47807958885096014,,0.186464,0
QF_BV/sage/app7/bench_1648.smt2,Yices2,1,0.3829591099638492,0.30053510796278715,,0.082424,0
QF_BV/sage/app7/bench_159.smt2,Yices2,1,0.8269579849438742,0.5758867869153619,,0.251071,0
QF_BV/brummayerbiere3/minor032.smt2,Bitwuzla,1,0.5239077039877884,0.5218637359794229,,0.002044,0
QF_BV/Sage2/bench_9715.smt2,STP,1,10.66415034304373,10.662529804045334,,0.001621,0
QF_BV/20230224-grsbits-truby/grs-32-64.smt2,Yices2,1,66.56854584807297,66.56454404210672,,0.004002,0
QF_BV/Sage2/bench_12769.smt2,Bitwuzla,1,0.3198095880798064,0.31854797806590796,,0.001262,0
QF_BV/bruttomesso/core/ext_con_052_064_1024.smt2,Yices2,1,2.31972651387332,2.2843960418831557,,0.035330,0
QF_BV/Sage2/bench_4285.smt2,STP,1,2.96924186690012,2.964824077906087,,0.004418,0
QF_BV/bruttomesso/core/ext_con_020_064_0512.smt2,cvc5,1,2.006113816110883,1.9920822700951248,,0.014032,0
QF_BV/20221012-MCMPC/dualexecution_affine/dualexecution_affine.t1.i2.de3ff833.smt2,Yices2,1,0.6697680340148509,0.41445032600313425,,0.255318,0
QF_BV/sage/app7/bench_1660.smt2,Yices2,1,0.35874461894854903,0.27719093090854585,,0.081554,0
QF_BV/Sage2/bench_10918.smt2,Yices2,1,0.3541225990629755,0.3061431690584868,,0.047979,0
QF_BV/Sage2/bench_7841.smt2,STP,1,9.144789319834672,9.029248725855723,,0.115541,0
QF_BV/Sage2/bench_8500.smt2,Yices2,1,0.5027467859326862,0.3501579819712788,,0.152589,0
QF_BV/mcm/16.smt2,Bitwuzla,1,127.03910431690747,127.02923087589443,,0.009873,0
QF_BV/mcm/09.smt2,Bitwuzla,1,15.211094367026817,15.205451868008822,,0.005642,0
QF_BV/sage/app7/bench_6613.smt2,Yices2,1,0.5836566391517408,0.3855156081262976,,0.198141,0
QF_BV/Sage2/bench_1980.smt2,Yices2,1,1.7942980889347382,1.4445666559040546,,0.349731,0
QF_BV/bruttomesso/core/ext_con_056_004_0064.smt2,STP,1,0.8394812060287222,0.8366953430231661,,0.002786,0
QF_BV/Sage2/bench_2455.smt2,STP,1,9.704573169816285,9.702979904832318,,0.001593,0
QF_BV/Sage2/bench_4715.smt2,STP,1,0.2276266129920259,0.22622717497870326,,0.001399,0
QF_BV/20190311-bv-term-small-rw-Noetzli/bv-term-small-rw_1231.smt2,STP,1,0.2156553310342133,0.21523758303374052,,0.000418,0
QF_BV/20221012-MCMPC/millionaires/millionaires.t1.i23.695ec20f.smt2,Bitwuzla,1,0.24890722113195807,0.24660745915025473,,0.002300,0
QF_BV/Sage2/bench_16371.smt2,Bitwuzla,1,6.484102398913819,6.054590863874182,,0.429512,0
QF_BV/20221012-MCMPC/millionaires/millionaires.t1.i18.72a09c3a.smt2,STP,1,0.2558497872087173,0.2546512861736119,,0.001199,0
QF_BV/ecc/com.galois.ecc.P384ECC64.ec_twin_mul_aux24.short.smt2,Yices2,1,0.2598194089368917,0.23531374894082546,,0.024506,0
QF_BV/Sage2/bench_4495.smt2,STP,1,0.9034563871100545,0.8847893991041929,,0.018667,0
QF_BV/20221012-MCMPC/mean_buckets/mean_buckets.t1.i13.9681ed40.smt2,STP,1,0.34571786591550335,0.34265401493757963,,0.003064,0
QF_BV/asp/SchurNumbers/15.8.schur.lp.smt2,Yices2,1,5.679146104143001,5.595959623111412,,0.083186,0
QF_BV/bruttomesso/core/ext_con_024_004_0064.smt2,STP,1,0.40085595910204574,0.39932680409401655,,0.001529,0
QF_BV/spear/samba_v3.0.24/bin_eventlogadm_vc331131.smt2,Yices2,1,0.37011899007484317,0.35837893607094884,,0.011740,0
QF_BV/Sage2/bench_264.smt2,Yices2,1,1.3565585209871642,0.997485568979755,,0.359073,0
QF_BV/sage/app7/bench_428.smt2,Yices2,1,0.5361233510193415,0.3522635130211711,,0.183860,0
QF_BV/sage/app7/bench_405.smt2,Yices2,1,0.6508079378982075,0.46779880789108574,,0.183009,0
QF_BV/20221012-MCMPC/millionaires/millionaires.t1.i36.81bac1fb.smt2,Yices2,1,0.2169063240289688,0.21469867206178606,,0.002208,0
QF_BV/20221012-MCMPC/mean_buckets/mean_buckets.t1.i32.014eacf7.smt2,STP,1,0.30140948115149513,0.29913016711361706,,0.002279,0
QF_BV/spear/cvs_v1.11.22/cvs_vc81761.smt2,STP,1,1.761388661863748,1.7605436318553984,,0.000845,0
QF_BV/sage/app7/bench_8584.smt2,Yices2,1,0.6737523871124722,0.4853940401226282,,0.188358,0
QF_BV/Sage2/bench_11807.smt2,Yices2,1,5.467645437980536,5.391930385958403,,0.075715,0
QF_BV/20221012-MCMPC/millionaires/millionaires.t1.i45.0bbc56c2.smt2,Yices2,1,0.21592455508653075,0.2138222970534116,,0.002102,0
QF_BV/20190311-bv-term-small-rw-Noetzli/bv-term-small-rw_453.smt2,STP,1,0.21978193399263546,0.21935935597866774,,0.000423,0
QF_BV/20210312-Bouvier/vlsat3_g18.smt2,Bitwuzla,1,16.468459268158767,16.357379268156365,,0.111080,0
QF_BV/sage/app1/bench_2375.smt2,Bitwuzla,1,0.5645720019820146,0.5600310149602592,,0.004541,0
QF_BV/sage/app1/bench_222.smt2,Bitwuzla,1,0.24044301791582257,0.236807077890262,,0.003636,0
QF_BV/sage/app7/bench_544.smt2,Yices2,1,0.529877829074394,0.34961193008348346,,0.180266,0
QF_BV/sage/app7/bench_254.smt2,Yices2,1,0.6607616838882677,0.4682420468889177,,0.192520,0
QF_BV/sage/app9/bench_1144.smt2,STP,1,0.23107182799139991,0.2286808369681239,,0.002391,0
QF_BV/sage/app7/bench_5025.smt2,Yices2,1,0.6938406561384909,0.4906996351201087,,0.203141,0
QF_BV/Sage2/bench_4870.smt2,STP,1,70.21166675898712,70.21028201794252,,0.001385,0
QF_BV/20190311-bv-term-small-rw-Noetzli/bv-term-small-rw_1337.smt2,STP,1,0.21679767512250692,0.21635946910828352,,0.000438,0
QF_BV/Sage2/bench_10936.smt2,Bitwuzla,1,2.177481789898593,2.1430743949022144,,0.034407,0
QF_BV/Sage2/bench_4760.smt2,STP,1,0.3530236009391956,0.3457635559607297,,0.007260,0
QF_BV/Sage2/bench_12771.smt2,STP,1,0.8601906908443198,0.8415436968207359,,0.018647,0
QF_BV/sage/app7/bench_5669.smt2,Yices2,1,0.6746434548986144,0.41828272491693497,,0.256361,0
QF_BV/sage/app7/bench_759.smt2,Yices2,1,0.5099323731265031,0.3382037461269647,,0.171729,0
QF_BV/sage/app7/bench_1305.smt2,Yices2,1,0.4002104291575961,0.295465991133824,,0.104744,0
QF_BV/Sage2/bench_9821.smt2,Yices2,1,0.4690123269101605,0.36930535291321576,,0.099707,0
QF_BV/20221012-MCMPC/millionaires/millionaires.t1.i32.70303940.smt2,STP,1,0.2213811941910535,0.2202374842017889,,0.001144,0
QF_BV/Sage2/bench_12995.smt2,STP,1,0.6021400150493719,0.5760621260851622,,0.026078,0
QF_BV/20221012-MCMPC/millionaires/millionaires.t1.i26.4cd461e3.smt2,STP,1,0.22364343609660864,0.22239391109906137,,0.001250,0
QF_BV/Sage2/bench_3272.smt2,STP,1,11.155629753891844,11.153966978890821,,0.001663,0
QF_BV/20221012-MCMPC/millionaires/millionaires.t1.i11.38d7c4be.smt2,STP,1,0.22910444100853056,0.22773757996037602,,0.001367,0
QF_BV/Sage2/bench_8980.smt2,STP,1,11.300921697926242,11.299198959954083,,0.001723,0
QF_BV/sage/app7/bench_66.smt2,Yices2,1,0.6560310249915347,0.46953581599518657,,0.186495,0
QF_BV/Sage2/bench_3318.smt2,STP,1,22.07896885095397,22.077209908980876,,0.001759,0
QF_BV/Sage2/bench_8845.smt2,Bitwuzla,1,0.2569610721548088,0.2505329072009772,,0.006428,0
QF_BV/spear/samba_v3.0.24/bin_libsmbsharemodes_vc7660.smt2,Bitwuzla,1,1.1287553028087132,1.1045554338488728,,0.024200,0
QF_BV/20221012-MCMPC/millionaires/millionaires.t1.i29.524da823.smt2,STP,1,0.22080562595510855,0.21958676795475185,,0.001219,0
QF_BV/sage/app1/bench_2602.smt2,Bitwuzla,1,0.44467628409620374,0.4406400420702994,,0.004036,0
QF_BV/sage/app7/bench_1112.smt2,Yices2,1,0.438696805969812,0.3119014489930123,,0.126795,0
QF_BV/Sage2/bench_6880.smt2,STP,1,0.22594145906623453,0.22450153506360948,,0.001440,0
QF_BV/sage/app11/bench_172.smt2,Yices2,1,0.4020112910075113,0.32621012697927654,,0.075801,0
QF_BV/uclid/catchconv/convert-jpg2gif-query-1513.smt2,Yices2,1,0.3465717440121807,0.2740928949788213,,0.072479,0
QF_BV/bruttomesso/core/ext_con_064_016_1024.smt2,cvc5,1,6.182403135870118,6.171116266865283,,0.011287,0
QF_BV/asp/ChannelRouting/channelRoute.in4.smt2,Yices2,1,8.074760931776837,7.759244281798601,,0.315517,0
QF_BV/sage/app9/bench_2761.smt2,STP,1,0.24378896615235135,0.24100893316790462,,0.002780,0
QF_BV/20221012-MCMPC/wage/wage.t1.i33.e785274c.smt2,Bitwuzla,1,0.2589734290377237,0.25767173804342747,,0.001302,0
QF_BV/bruttomesso/core/ext_con_016_008_0128.smt2,STP,1,0.43586964218411595,0.43371210317127407,,0.002158,0
QF_BV/sage/app11/bench_251.smt2,Yices2,1,0.4090917680878192,0.33218960906378925,,0.076902,0
QF_BV/Sage2/bench_9381.smt2,STP,1,3.398195529007353,3.393647643039003,,0.004548,0
QF_BV/Sage2/bench_1557.smt2,Yices2,1,0.24491454404778779,0.23638433101586998,,0.008530,0
QF_BV/sage/app7/bench_1158.smt2,Yices2,1,0.5150519590242766,0.39053175202570856,,0.124520,0
QF_BV/sage/app1/bench_2237.smt2,Bitwuzla,1,0.26166236004792154,0.25716836005449295,,0.004494,0
QF_BV/20190311-bv-term-small-rw-Noetzli/bv-term-small-rw_1084.smt2,STP,1,0.21341487689642236,0.21292410395108163,,0.000491,0
QF_BV/20221012-MCMPC/dualexecution_affine/dualexecution_affine.t1.i12.a44161c0.smt2,Yices2,1,0.24821204092586413,0.22889544093050063,,0.019317,0
QF_BV/20221012-MCMPC/dualexecution_affine/dualexecution.t1.i12.8a76cee6.smt2,Yices2,1,0.26945966912899166,0.2540199151262641,,0.015440,0
QF_BV/20210219-Sydr/master/cjpeg/predicate_1313.smt2,Yices2,1,0.25107760407263413,0.22868549008853734,,0.022392,0
QF_BV/20221012-MCMPC/millionaires/millionaires.t1.i60.af2f8472.smt2,Yices2,1,0.21687871805625036,0.21489185304380953,,0.001987,0
QF_BV/sage/app7/bench_711.smt2,Yices2,1,0.5282510359538719,0.35407513193786144,,0.174176,0
QF_BV/20221012-MCMPC/millionaires/millionaires.t3.i14.b2a47251.smt2,Yices2,1,0.22553284489549696,0.22246569790877402,,0.003067,0
QF_BV/sage/app1/bench_534.smt2,STP,1,0.39381349907489493,0.39064303203485906,,0.003170,0
QF_BV/uclid/catchconv/convert-jpg2gif-query-1568.smt2,Yices2,1,0.4680741170886904,0.38971149805001915,,0.078363,0
QF_BV/tacas07/BBB-32.smt2,Bitwuzla,1,0.6643431620323099,0.6491017630323768,,0.015241,0
QF_BV/spear/inn_v2.4.3/innd_innd_vc32499.smt2,Bitwuzla,1,0.45154582196846604,0.44918699096888304,,0.002359,0
QF_BV/spear/inn_v2.4.3/innd_innd_vc32642.smt2,Bitwuzla,1,0.48423901479691267,0.48156672180630267,,0.002672,0
QF_BV/Sage2/bench_6475.smt2,Yices2,1,0.30883057485334575,0.2587835658341646,,0.050047,0
QF_BV/20221012-MCMPC/millionaires/millionaires.t1.i53.6eb32a4a.smt2,Yices2,1,0.21773390180896968,0.21559709985740483,,0.002137,0
QF_BV/20210219-Sydr/master/yices/predicate_12466.smt2,STP,1,2.6095885189715773,2.3244573979172856,,0.285131,0
QF_BV/20221012-MCMPC/millionaires/millionaires.t1.i32.3df011b7.smt2,Yices2,1,0.23107519414043054,0.2288580951280892,,0.002217,0
QF_BV/Sage2/bench_12168.smt2,Bitwuzla,1,2.794699658988975,2.7785918680019677,,0.016108,0
QF_BV/Sage2/bench_1079.smt2,STP,1,50.52046410815092,50.51896338816732,,0.001501,0
QF_BV/sage/app1/bench_297.smt2,Bitwuzla,1,0.23778274102369323,0.234189871000126,,0.003593,0
QF_BV/bruttomesso/lfsr/lfsr_002_079_064.smt2,STP,1,1.7383929020143114,1.7366238629911095,,0.001769,0
QF_BV/20221012-MCMPC/millionaires/millionaires.t1.i3.60b1fbc5.smt2,Bitwuzla,1,0.25432247918797657,0.25195357017219067,,0.002369,0
QF_BV/20221012-MCMPC/dualexecution_affine/dualexecution_affine.t1.i10.db5c27d6.smt2,Yices2,1,0.5349784551071934,0.3615097950678319,,0.173469,0
QF_BV/sage/app7/bench_623.smt2,Yices2,1,0.5225523319095373,0.3490082588978112,,0.173544,0
QF_BV/Sage2/bench_10696.smt2,Bitwuzla,1,2.018124527996406,1.9926734899636358,,0.025451,0
QF_BV/Sage2/bench_13776.smt2,STP,1,0.2825731868506409,0.27716835285536945,,0.005405,0
QF_BV/Sage2/bench_16460.smt2,STP,1,0.2576381468679756,0.2545868079178035,,0.003051,0
QF_BV/20221012-MCMPC/millionaires/millionaires.t2.i51.0fc5625f.smt2,Yices2,1,0.23512891092104837,0.23230989091098309,,0.002819,0
QF_BV/asp/Solitaire/solitaire-asymmetric-time=29.smt2,STP,1,38.85988614807138,38.77508687507361,,0.084799,0
QF_BV/spear/samba_v3.0.24/bin_eventlogadm_vc351382.smt2,Yices2,1,3.5113850699854083,3.463116402970627,,0.048269,0
QF_BV/20190311-bv-term-small-rw-Noetzli/bv-term-small-rw_1419.smt2,STP,1,0.22777199395932257,0.22731132595799863,,0.000461,0
QF_BV/Sage2/bench_8456.smt2,Yices2,1,0.48916743305744603,0.39143158006481826,,0.097736,0
QF_BV/spear/cvs_v1.11.22/cvs_vc105353.smt2,STP,1,0.5825325541663915,0.5771235681604594,,0.005409,0
QF_BV/sage/app1/bench_2671.smt2,Bitwuzla,1,0.2559069010312669,0.2519974240567535,,0.003909,0
QF_BV/calypto/problem_15.smt2,STP,1,0.2399394999956712,0.2394886650145054,,0.000451,0
QF_BV/bruttomesso/core/ext_con_056_001_0512.smt2,STP,1,2.3241781688993797,2.322692184941843,,0.001486,0
QF_BV/Sage2/bench_1623.smt2,Yices2,1,0.4782487021875568,0.379123458173126,,0.099125,0
QF_BV/20221012-MCMPC/mean_buckets/mean_buckets.t1.i7.105669a1.smt2,STP,1,0.34097713587107137,0.3375329729169607,,0.003444,0
QF_BV/20221012-MCMPC/millionaires/millionaires.t2.i64.908d5969.smt2,Yices2,1,0.22024401318049058,0.21741134813055396,,0.002833,0
QF_BV/Sage2/bench_11163.smt2,Yices2,1,0.8891603070078418,0.8410528269596398,,0.048107,0
QF_BV/Sage2/bench_13279.smt2,Yices2,1,0.6718627488007769,0.6467078498098999,,0.025155,0
QF_BV/sage/app7/bench_1917.smt2,Yices2,1,0.3267831720295362,0.26373196602799,,0.063051,0
QF_BV/Sage2/bench_4082.smt2,Bitwuzla,1,0.38815927400719374,0.3701854329556227,,0.017974,0
QF_BV/spear/samba_v3.0.24/bin_libsmbsharemodes_vc5697.smt2,Bitwuzla,1,0.7525679550599307,0.7409404190257192,,0.011628,0
QF_BV/Sage2/bench_10088.smt2,STP,1,0.3458390308660455,0.33920953585766256,,0.006629,0
QF_BV/mcm/45.smt2,Bitwuzla,1,0.5778361799311824,0.5723005789332092,,0.005536,0
QF_BV/20221012-MCMPC/wage_circuit_div/wage_circuit_div.t1.i34.e9547a7a.smt2,STP,1,0.2279140269383788,0.2266118659172207,,0.001302,0
QF_BV/Sage2/bench_15554.smt2,STP,1,0.276270204980392,0.2719323500059545,,0.004338,0
QF_BV/Sage2/bench_2158.smt2,STP,1,7.8761417909991,7.874322979012504,,0.001819,0
QF_BV/sage/app1/bench_151.smt2,Bitwuzla,1,0.23586235305992886,0.23215467110276222,,0.003708,0
QF_BV/Sage2/bench_2778.smt2,STP,1,35.01393748499686,35.01218765997328,,0.001750,0
QF_BV/20221012-MCMPC/wage/wage.t1.i33.e8cd10b3.smt2,Bitwuzla,1,0.25837380083976313,0.2569170028436929,,0.001457,0
QF_BV/Sage2/bench_370.smt2,Yices2,1,0.3905070057953708,0.31087020481936634,,0.079637,0
QF_BV/Sage2/bench_17228.smt2,STP,1,0.49270659213652834,0.4830716841388494,,0.009635,0
QF_BV/20230221-oisc-gurtner/SRL-SAFE-24-1024.smt2,Yices2,1,39.78224392887205,39.69556535384618,,0.086679,0
QF_BV/20221012-MCMPC/mean_buckets/mean_buckets.t1.i20.8d5d4e4f.smt2,STP,1,0.3295811240095645,0.3268655550200492,,0.002716,0
QF_BV/20210219-Sydr/master/cjpeg/predicate_2029.smt2,Yices2,1,0.4426515828818083,0.40839172690175474,,0.034260,0
QF_BV/Sage2/bench_11065.smt2,Yices2,1,0.4469581790617667,0.36232859804295003,,0.084630,0
QF_BV/20221012-MCMPC/dualexecution_affine/dualexecution.t1.i14.7871bd1f.smt2,Yices2,1,1.4148232490406372,0.770919576054439,,0.643904,0
QF_BV/20221012-MCMPC/wage_circuit_div/wage_circuit_div.t1.i25.2e965e1d.smt2,STP,1,0.23377699602860957,0.23215745808556676,,0.001620,0
QF_BV/20221214-p4dfa-XiaoqiChen/StringMatching/string1x8.3._bit8_na6_nr3_paired.smt2,Bitwuzla,1,15.641721815918572,15.625780690927058,,0.015941,0
QF_BV/spear/inn_v2.4.3/innd_innd_vc32638.smt2,Bitwuzla,1,0.46162800694582984,0.45888892095535994,,0.002739,0
QF_BV/bruttomesso/core/ext_con_048_004_0032.smt2,STP,1,0.3541466389433481,0.3516182529274374,,0.002528,0
QF_BV/Sage2/bench_15297.smt2,STP,1,0.2501527760177851,0.24741518800146878,,0.002738,0
QF_BV/asp/GraphPartitioning/rand_25_300_1235843609_0_k=3_v=8_e=15_unsat.gph.smt2,Yices2,1,9.609141922031995,9.575856826035306,,0.033285,0
QF_BV/Sage2/bench_5489.smt2,Yices2,1,0.5895103449583985,0.41527348197996616,,0.174237,0
QF_BV/log-slicing/bvurem_21.smt2,Bitwuzla,0,1200.0,1201.2356895902194,,0.001636,0
QF_BV/sage/app1/bench_2311.smt2,Yices2,1,0.22058497503167018,0.21953501901589334,,0.001050,0
QF_BV/sage/app7/bench_8554.smt2,Yices2,1,0.788695746101439,0.539119620108977,,0.249576,0
QF_BV/Sage2/bench_6161.smt2,STP,1,0.46970641281222925,0.46113412780687213,,0.008572,0
QF_BV/sage/app7/bench_1531.smt2,Yices2,1,0.37070495408261195,0.28185528609901667,,0.088850,0
QF_BV/20221012-MCMPC/mean_buckets/mean_buckets.t1.i12.523b2f84.smt2,STP,1,0.3175864800577983,0.31450906302779913,,0.003077,0
QF_BV/sage/app1/bench_2394.smt2,Bitwuzla,1,0.27542078512487933,0.2709813960827887,,0.004439,0
QF_BV/Sage2/bench_9199.smt2,STP,1,0.7152066879207268,0.6796131539158523,,0.035594,0
QF_BV/Sage2/bench_5346.smt2,STP,1,4.701389058900531,4.6964688799344,,0.004920,0
QF_BV/Sage2/bench_14876.smt2,Bitwuzla,1,8.113990623969585,8.06940963701345,,0.044581,0
QF_BV/sage/app12/bench_5546.smt2,Yices2,1,0.2544372400152497,0.25097575201652944,,0.003461,0
QF_BV/Sage2/bench_1137.smt2,STP,1,34.77070289303083,34.76859039301053,,0.002113,0
QF_BV/Sage2/bench_12928.smt2,STP,1,0.2848431839956902,0.2788668579887599,,0.005976,0
QF_BV/sage/app7/bench_3069.smt2,Yices2,1,0.8657023139530793,0.6205501689109951,,0.245152,0
QF_BV/Sage2/bench_10469.smt2,STP,1,0.5961318220943213,0.5923445310909301,,0.003787,0
QF_BV/Sage2/bench_4398.smt2,STP,1,0.2230735839693807,0.22162218997254968,,0.001451,0
QF_BV/Sage2/bench_5912.smt2,Yices2,1,1.0536728120059706,0.7475827420130372,,0.306090,0
QF_BV/sage/app7/bench_603.smt2,Yices2,1,0.8138229509349912,0.5591905999463052,,0.254632,0
QF_BV/sage/app7/bench_1244.smt2,Yices2,1,0.40725492005003616,0.2966548700351268,,0.110600,0
QF_BV/asp/GraphPartitioning/rand_20_100_1235402004_0_k=6_v=4_e=4_sat.gph.smt2,STP,1,243.88668408803642,243.84692459600046,,0.039759,0
QF_BV/Sage2/bench_14995.smt2,STP,1,27.522965912823565,27.52163987280801,,0.001326,0
QF_BV/spear/inn_v2.4.3/innd_innd_vc32653.smt2,Bitwuzla,1,0.4742843158892356,0.4716293748933822,,0.002655,0
QF_BV/float/sin2.c.5.smt2,Yices2,1,19.12967846309766,19.114864736096933,,0.014814,0
QF_BV/Sage2/bench_1022.smt2,STP,1,931.9688360709697,931.9558890659828,,0.012947,0
QF_BV/sage/app7/bench_6558.smt2,Yices2,1,0.582456921110861,0.3897017810959369,,0.192755,0
QF_BV/Sage2/bench_2421.smt2,STP,1,6.4442387641756795,6.442677568178624,,0.001561,0
QF_BV/20221012-MCMPC/millionaires/millionaires.t1.i25.632d29c8.smt2,STP,1,0.23043694207444787,0.22918474208563566,,0.001252,0
QF_BV/Sage2/bench_7477.smt2,STP,1,0.2309722219943069,0.22882761503569782,,0.002145,0
QF_BV/Sage2/bench_3178.smt2,STP,1,10.379839675850235,10.378412867896259,,0.001427,0
QF_BV/asp/GeneralizedSlitherlink/trisquares.54.asp.smt2,STP,1,8.94336845696671,8.70217517297715,,0.241193,0
QF_BV/sage/app7/bench_1603.smt2,Yices2,1,0.7971794991171919,0.5409248031210154,,0.256255,0
QF_BV/spear/samba_v3.0.24/bin_eventlogadm_vc331224.smt2,Yices2,1,0.7237080360064283,0.6919633590150625,,0.031745,0
QF_BV/20210219-Sydr/symbolic_memory/nested/bzip2recover/predicate_2251.smt2,STP,1,1.3946224750834517,1.3361726910807192,,0.058450,0
QF_BV/sage/app7/bench_1630.smt2,Yices2,1,0.36090922210132703,0.27620099508203566,,0.084708,0
QF_BV/Sage2/bench_14094.smt2,Yices2,1,0.33600371691863984,0.26922670588828623,,0.066777,0
QF_BV/Sage2/bench_2399.smt2,STP,1,0.28413295885547996,0.2798693678341806,,0.004264,0
QF_BV/20210219-Sydr/master/yices/predicate_10375.smt2,STP,1,2.208439906942658,1.9702411389444023,,0.238199,0
QF_BV/20230221-oisc-gurtner/SRLI-SAFE-32-32.smt2,STP,1,8.008060735126492,8.000558379106224,,0.007502,0
QF_BV/Sage2/bench_4056.smt2,STP,1,0.5687374050612561,0.5548862360883504,,0.013851,0
QF_BV/Sage2/bench_8137.smt2,Yices2,1,0.9062626890954562,0.741833059117198,,0.164430,0
QF_BV/sage/app8/bench_546.smt2,STP,1,0.3856671570101753,0.3827772890217602,,0.002890,0
QF_BV/sage/app7/bench_1943.smt2,Yices2,1,0.3204743869137019,0.25958551093935966,,0.060889,0
QF_BV/sage/app7/bench_3348.smt2,Yices2,1,0.6576936228666455,0.4161131698638201,,0.241580,0
QF_BV/20190311-bv-term-small-rw-Noetzli/bv-term-small-rw_1153.smt2,STP,1,0.21287492709234357,0.21246761712245643,,0.000407,0
QF_BV/spear/samba_v3.0.24/bin_libsmbsharemodes_vc5793.smt2,Bitwuzla,1,0.6464815210201778,0.6344719850458205,,0.012010,0
QF_BV/spear/samba_v3.0.24/bin_libsmbsharemodes_vc5738.smt2,Bitwuzla,1,0.4431615900248289,0.43359753605909646,,0.009564,0
QF_BV/bruttomesso/core/ext_con_012_002_0128.smt2,STP,1,0.35678326193010435,0.35608692094683647,,0.000696,0
QF_BV/Sage2/bench_13616.smt2,STP,1,193.93695270910393,193.92339222109877,,0.013560,0
QF_BV/20221012-MCMPC/millionaires/millionaires.t2.i19.6fe6df28.smt2,Bitwuzla,1,0.30455579014960676,0.30166396615095437,,0.002892,0
QF_BV/bruttomesso/core/ext_con_044_001_1024.smt2,STP,1,3.8188012198661454,3.8177849368657917,,0.001016,0
QF_BV/20221012-MCMPC/dualexecution_affine/dualexecution_affine.t1.i10.e5ba642b.smt2,Yices2,1,0.3077963870600797,0.2534660540986806,,0.054330,0
QF_BV/sage/app7/bench_989.smt2,Yices2,1,0.4675564071512781,0.3284972261171788,,0.139059,0
QF_BV/Sage2/bench_11411.smt2,STP,1,0.794057008868549,0.7928674828726798,,0.001190,0
QF_BV/Sage2/bench_16185.smt2,STP,1,0.23918248002883047,0.2358766810502857,,0.003306,0
QF_BV/Sage2/bench_2889.smt2,Yices2,1,1.6324219750240445,1.431666563032195,,0.200755,0
QF_BV/Sage2/bench_9705.smt2,Yices2,1,0.5154553939937614,0.4232030489947647,,0.092252,0
QF_BV/20221012-MCMPC/millionaires/millionaires.t1.i13.f0b2e86b.smt2,Bitwuzla,1,0.2598759618704207,0.25752145890146494,,0.002355,0
QF_BV/sage/app1/bench_2605.smt2,Bitwuzla,1,0.24183466425165534,0.23780701821669936,,0.004028,0
QF_BV/20190311-bv-term-small-rw-Noetzli/bv-term-small-rw_1339.smt2,STP,1,0.21927228814456612,0.21887472714297473,,0.000398,0
QF_BV/bruttomesso/core/ext_con_048_001_0064.smt2,STP,1,0.3758664359920658,0.37466917699202895,,0.001197,0
QF_BV/Sage2/bench_15022.smt2,Bitwuzla,1,1.7174579128040932,1.6954270268324763,,0.022031,0
QF_BV/fft/Sz512_15368.smt2,STP,1,13.83149516483536,13.824678900884464,,0.006816,0
QF_BV/20190311-bv-term-small-rw-Noetzli/bv-term-small-rw_1412.smt2,STP,1,0.2505776348989457,0.2500089278910309,,0.000569,0
QF_BV/Sage2/bench_1949.smt2,STP,1,6.90770632494241,6.906234934926033,,0.001471,0
QF_BV/sage/app7/bench_115.smt2,Yices2,1,0.7902556759654544,0.5462204569485039,,0.244035,0
QF_BV/Sage2/bench_13028.smt2,Yices2,1,3.504976387892384,3.39289585291408,,0.112081,0
QF_BV/spear/samba_v3.0.24/bin_libmsrpc_vc1228472.smt2,Yices2,1,1.0931481638690457,1.0780042768456042,,0.015144,0
QF_BV/Sage2/bench_13977.smt2,Yices2,1,0.27236277906922624,0.25843709404580295,,0.013926,0
QF_BV/sage/app7/bench_644.smt2,Yices2,1,0.5277207100298256,0.3497362460475415,,0.177984,0
QF_BV/bruttomesso/simple_processor/simple_processors_004_004_0016.smt2,STP,1,0.9114708140259609,0.9105450180359185,,0.000926,0
QF_BV/Sage2/bench_13469.smt2,Bitwuzla,1,1.8079461849993095,1.7698082530405372,,0.038138,0
QF_BV/20210219-Sydr/master/cjpeg/predicate_2622.smt2,Yices2,1,0.2927087309071794,0.24726823391392827,,0.045440,0
QF_BV/mcm/24.smt2,Bitwuzla,1,25.39658202091232,25.38880083686672,,0.007781,0
QF_BV/sage/app1/bench_106.smt2,STP,1,0.22171769285341725,0.22079418087378144,,0.000924,0
QF_BV/spear/samba_v3.0.24/bin_libmsrpc_vc1228578.smt2,Yices2,1,0.9893137158942409,0.9703291258774698,,0.018985,0
QF_BV/spear/samba_v3.0.24/bin_libmsrpc_vc1232134.smt2,Yices2,1,0.6970793879590929,0.6791643649339676,,0.017915,0
QF_BV/Sage2/bench_6998.smt2,Yices2,1,0.47334955516271293,0.37587382714264095,,0.097476,0
QF_BV/Sage2/bench_5338.smt2,Bitwuzla,1,13.761262201936916,13.67914259294048,,0.082120,0
QF_BV/Sage2/bench_13775.smt2,Bitwuzla,1,18.15190059004817,18.11936199502088,,0.032539,0
QF_BV/uclid/catchconv/convert-jpg2gif-query-1471.smt2,Yices2,1,0.6520590140135027,0.5874937060289085,,0.064565,0
QF_BV/Sage2/bench_9278.smt2,STP,1,0.22487338905921206,0.22343659005127847,,0.001437,0
QF_BV/bruttomesso/core/ext_con_036_002_0032.smt2,STP,1,0.31672104611061513,0.31547097908332944,,0.001250,0
QF_BV/sage/app11/bench_502.smt2,Yices2,1,0.3787086890079081,0.3004606990143657,,0.078248,0
QF_BV/Sage2/bench_10703.smt2,STP,1,0.5331437619170174,0.5287913079373538,,0.004352,0
QF_BV/Sage2/bench_7289.smt2,STP,1,20.18267284508329,20.178757603047416,,0.003915,0
QF_BV/Sage2/bench_11395.smt2,Yices2,1,1.7089981430908665,1.6477778430562466,,0.061220,0
QF_BV/spear/samba_v3.0.24/bin_libsmbsharemodes_vc6344.smt2,Yices2,1,0.46785157796693966,0.4572488039266318,,0.010603,0
QF_BV/20221012-MCMPC/millionaires/millionaires.t1.i36.e234a1b6.smt2,Yices2,1,0.22606268106028438,0.224032195052132,,0.002030,0
QF_BV/sage/app11/bench_92.smt2,Yices2,1,0.38404438295401633,0.3061784119345248,,0.077866,0
QF_BV/Sage2/bench_16086.smt2,Bitwuzla,1,6.5931761021493,6.580966950161383,,0.012209,0
QF_BV/bmc-bv-svcomp14/soft_float_5_true.c.cil.c.21.smt2,Yices2,1,0.7913424369762652,0.42132702097296715,,0.370015,0
QF_BV/sage/app7/bench_1819.smt2,Yices2,1,0.338092785095796,0.26952520408667624,,0.068568,0
QF_BV/Sage2/bench_4988.smt2,Yices2,1,1.1340914340107702,0.9469044930301607,,0.187187,0
QF_BV/bruttomesso/lfsr/lfsr_002_143_080.smt2,STP,1,2.859661936876364,2.8566434518434107,,0.003018,0
QF_BV/spear/openldap_v2.3.35/servers_slapd_a_vc149921.smt2,STP,1,26.00961035717046,26.00583579717204,,0.003775,0
QF_BV/spear/samba_v3.0.24/bin_libsmbsharemodes_vc5795.smt2,Bitwuzla,1,0.5825768210343085,0.5738476580008864,,0.008729,0
QF_BV/spear/samba_v3.0.24/bin_libsmbsharemodes_vc4284.smt2,Bitwuzla,1,0.46429420297499746,0.45724391797557473,,0.007050,0
QF_BV/Sage2/bench_2849.smt2,STP,1,2.3308473807992414,2.3290190307889134,,0.001828,0
QF_BV/Sage2/bench_16098.smt2,STP,1,1.3984895290923305,1.3730883090756834,,0.025401,0
QF_BV/Sage2/bench_6811.smt2,Yices2,1,0.46460107306484133,0.36806941009126604,,0.096532,0
QF_BV/spear/samba_v3.0.24/bin_libmsrpc_vc1232075.smt2,Bitwuzla,1,0.9287231600028463,0.9134471979923546,,0.015276,0
QF_BV/Sage2/bench_3280.smt2,Yices2,1,0.5543957930058241,0.4506597169674933,,0.103736,0
QF_BV/20221012-MCMPC/millionaires/millionaires.t1.i52.0e936f07.smt2,Yices2,1,0.2175888058845885,0.21561267087236047,,0.001976,0
QF_BV/sage/app11/bench_343.smt2,Yices2,1,0.38510315597523004,0.3075164819601923,,0.077587,0
QF_BV/sage/app11/bench_393.smt2,Yices2,1,0.37501803087070584,0.2995306449010968,,0.075487,0
QF_BV/Sage2/bench_11951.smt2,STP,1,0.23243978002574295,0.22992454702034593,,0.002515,0
QF_BV/Sage2/bench_14355.smt2,Bitwuzla,1,0.7977192308753729,0.7576720858924091,,0.040047,0
QF_BV/uclid/catchconv/convert-jpg2gif-query-1381.smt2,Yices2,1,0.3417226751334965,0.2868848571088165,,0.054838,0
QF_BV/20221012-MCMPC/dualexecution/dualexecution.t1.i15.09d49320.smt2,Yices2,1,1.0294362380518578,0.5921008540317416,,0.437335,0
QF_BV/20221012-MCMPC/millionaires/millionaires.t2.i60.1d17fc4f.smt2,Yices2,1,0.222073873039335,0.21921540005132556,,0.002858,0
QF_BV/sage/app7/bench_2162.smt2,Yices2,1,0.2990221939980984,0.2503018130082637,,0.048720,0
QF_BV/mcm/184.smt2,Yices2,0,1200.0,1201.6872951639816,,0.829602,0
QF_BV/Sage2/bench_6231.smt2,STP,1,0.22653619502671063,0.22504711104556918,,0.001489,0
QF_BV/sage/app7/bench_6898.smt2,STP,1,0.26551276398822665,0.26498680701479316,,0.000526,0
QF_BV/20221012-MCMPC/millionaires/millionaires.t1.i36.8e57812f.smt2,Yices2,1,0.21942124498309568,0.2172473450191319,,0.002174,0
QF_BV/Sage2/bench_608.smt2,STP,1,1.4880697989137843,1.4834969209041446,,0.004573,0
QF_BV/sage/app1/bench_847.smt2,Yices2,1,0.544599064916838,0.5393355579581112,,0.005264,0
QF_BV/20221012-MCMPC/mean_buckets/mean_buckets.t1.i15.cda6228b.smt2,STP,1,0.32455946400295943,0.32134257000871,,0.003217,0
QF_BV/sage/app1/bench_1928.smt2,Yices2,1,0.21358187915757298,0.21174005512148142,,0.001842,0
QF_BV/Sage2/bench_3027.smt2,STP,1,30.93121714697918,30.92965483898297,,0.001562,0
QF_BV/sage/app11/bench_4.smt2,Yices2,1,0.44279216398717836,0.36636613798327744,,0.076426,0
QF_BV/Sage2/bench_16313.smt2,Bitwuzla,1,0.2920184330432676,0.28996358602307737,,0.002055,0
QF_BV/20221012-MCMPC/millionaires/millionaires.t1.i64.9d30dc1b.smt2,Yices2,1,0.21821314113913104,0.2162783620879054,,0.001935,0
QF_BV/bruttomesso/core/ext_con_032_002_0512.smt2,STP,1,1.4343535041552968,1.4331613541580737,,0.001192,0
QF_BV/Sage2/bench_5902.smt2,Yices2,1,0.4922862938256003,0.37984333583153784,,0.112443,0
QF_BV/Sage2/bench_8384.smt2,STP,1,0.26087176287546754,0.2573772668838501,,0.003494,0
QF_BV/Sage2/bench_10594.smt2,Bitwuzla,1,3.783142739906907,3.74299750989303,,0.040145,0
QF_BV/20221012-MCMPC/mean_buckets/mean_buckets.t1.i26.b881d8f5.smt2,STP,1,0.29521399189252406,0.2928139849100262,,0.002400,0
QF_BV/20210219-Sydr/master/yices/predicate_3908.smt2,STP,1,0.9355122791603208,0.8466578831430525,,0.088854,0
QF_BV/sage/app11/bench_171.smt2,Yices2,1,0.37671384221175686,0.3008201871998608,,0.075894,0
QF_BV/Sage2/bench_14173.smt2,STP,1,0.3384667319478467,0.331949271960184,,0.006517,0
QF_BV/bruttomesso/core/ext_con_056_008_1024.smt2,STP,1,5.184669018839486,5.179370317840949,,0.005299,0
QF_BV/bruttomesso/simple_processor/simple_processors_004_003_0032.smt2,STP,1,1.200164282869082,1.1992933189030737,,0.000871,0
QF_BV/pspace/ndist.b.29980.smt2,STP,1,1.1375714289024472,1.1371624609455466,,0.000409,0
QF_BV/Sage2/bench_4987.smt2,Bitwuzla,1,1.3486457939143293,1.3457184499129653,,0.002927,0
QF_BV/sage/app1/bench_341.smt2,Bitwuzla,1,0.38257554901065305,0.37899517198093235,,0.003580,0
QF_BV/pspace/shift1add.20967.smt2,STP,1,0.49281705782050267,0.49235558276996017,,0.000461,0
QF_BV/20221012-MCMPC/millionaires/millionaires.t1.i28.f8cd9b4b.smt2,Yices2,1,0.22105486289365217,0.21895072190091014,,0.002104,0
QF_BV/20221012-MCMPC/millionaires/millionaires.t1.i11.3174ae4b.smt2,STP,1,0.22762334905564785,0.22615838702768087,,0.001465,0
QF_BV/20221012-MCMPC/dualexecution/dualexecution.t1.i15.37fe63c0.smt2,Yices2,1,0.6758749490254559,0.436791799031198,,0.239083,0
QF_BV/Sage2/bench_1671.smt2,STP,1,17.495125840883702,17.493504182901233,,0.001622,0
QF_BV/sage/app12/bench_1184.smt2,STP,1,0.4648145920364186,0.46257678302936256,,0.002238,0
QF_BV/20230221-oisc-gurtner/SRL-SAFE-28-1024.smt2,Yices2,1,99.42656489979709,99.340062786825,,0.086502,0
QF_BV/Sage2/bench_14358.smt2,STP,1,2.9654765041195787,2.963712114142254,,0.001764,0
QF_BV/sage/app7/bench_1073.smt2,Yices2,1,0.44710059103090316,0.30950886104255915,,0.137592,0
QF_BV/spear/samba_v3.0.24/bin_libmsrpc_vc1228574.smt2,Yices2,1,1.0347418080782518,1.013572019059211,,0.021170,0
QF_BV/Sage2/bench_14857.smt2,STP,1,0.23693902418017387,0.2339766111690551,,0.002962,0
QF_BV/sage/app11/bench_200.smt2,Yices2,1,0.4285795820178464,0.35269435099326074,,0.075885,0
QF_BV/Sage2/bench_5918.smt2,STP,1,0.23166419693734497,0.22960488894023,,0.002059,0
QF_BV/Sage2/bench_13404.smt2,Bitwuzla,1,6.314038590237033,5.878809521207586,,0.435229,0
QF_BV/20221012-MCMPC/millionaires/millionaires.t1.i47.80812c36.smt2,Yices2,1,0.21418999595334753,0.21215482195839286,,0.002035,0
QF_BV/Sage2/bench_13216.smt2,STP,1,0.2878004912054166,0.28182405419647694,,0.005976,0
QF_BV/sage/app7/bench_440.smt2,Yices2,1,0.540158789139241,0.35931176715530455,,0.180847,0
QF_BV/spear/samba_v3.0.24/bin_libsmbclient_vc1228494.smt2,Yices2,1,1.042318934109062,1.0221757211256772,,0.020143,0
QF_BV/sage/app7/bench_578.smt2,Yices2,1,0.5368431548704393,0.35324613586999476,,0.183597,0
QF_BV/sage/app7/bench_763.smt2,Yices2,1,0.5263013690710068,0.35656404704786837,,0.169737,0
QF_BV/20210219-Sydr/symbolic_memory/linear/cjpeg/predicate_197.smt2,Bitwuzla,1,0.46281932294368744,0.4544017119333148,,0.008418,0
QF_BV/sage/app7/bench_709.smt2,Yices2,1,0.5353762658778578,0.3609373848885298,,0.174439,0
QF_BV/sage/app7/bench_6446.smt2,Yices2,1,0.6682811109931208,0.4218730840366334,,0.246408,0
QF_BV/Sage2/bench_8155.smt2,STP,1,1.0979293279233389,1.067724586930126,,0.030205,0
QF_BV/Sage2/bench_4779.smt2,STP,1,0.5702495667501353,0.5529256907757372,,0.017324,0
QF_BV/sage/app7/bench_917.smt2,Yices2,1,0.4752303468994796,0.3249192589428276,,0.150311,0
QF_BV/spear/samba_v3.0.24/bin_libmsrpc_vc1225280.smt2,Bitwuzla,1,0.7625125679187477,0.7485307399183512,,0.013982,0
QF_BV/spear/inn_v2.4.3/innfeed_innfeed_vc37231.smt2,Bitwuzla,1,0.5626460290513933,0.5609002560377121,,0.001746,0
QF_BV/Sage2/bench_8809.smt2,STP,1,0.2681256619398482,0.263707275968045,,0.004418,0
QF_BV/uclid/catchconv/convert-jpg2gif-query-1586.smt2,Yices2,1,0.39659324288368225,0.31644716090522707,,0.080146,0
QF_BV/Sage2/bench_17753.smt2,STP,1,0.28905162116279826,0.28330231411382556,,0.005749,0
QF_BV/Sage2/bench_2023.smt2,STP,1,3.7164030108833686,3.714671118883416,,0.001732,0
QF_BV/Sage2/bench_12304.smt2,STP,1,0.2331917200353928,0.23113430105149746,,0.002057,0
QF_BV/sage/app7/bench_1839.smt2,Yices2,1,0.3569716839119792,0.2894091058988124,,0.067563,0
QF_BV/Sage2/bench_13412.smt2,Yices2,1,0.271725233993493,0.24595028697513044,,0.025775,0
QF_BV/sage/app7/bench_3448.smt2,Yices2,1,0.6921866550692357,0.4545790140982717,,0.237608,0
QF_BV/20221012-MCMPC/dualexecution_affine/dualexecution.t1.i15.7e4effaf.smt2,Yices2,1,1.0824212860316038,0.5978188100270927,,0.484602,0
QF_BV/sage/app7/bench_8518.smt2,Yices2,1,0.6722517760936171,0.48757150606252253,,0.184680,0
QF_BV/sage/app1/bench_7.smt2,Bitwuzla,1,0.25082904793089256,0.24679386895149946,,0.004035,0
QF_BV/20210219-Sydr/master/cjpeg/predicate_987.smt2,Yices2,1,0.2563804950332269,0.23916196706704795,,0.017219,0
QF_BV/sage/app7/bench_4958.smt2,Yices2,1,0.683671964041423,0.48500128206796944,,0.198671,0
QF_BV/20221012-MCMPC/dualexecution_affine/dualexecution_affine.t1.i8.7030113f.smt2,Yices2,1,0.4492879061726853,0.31844360916875303,,0.130844,0
QF_BV/20190311-bv-term-small-rw-Noetzli/bv-term-small-rw_663.smt2,STP,1,0.2153310851426795,0.21495465212501585,,0.000376,0
QF_BV/Sage2/bench_13728.smt2,Bitwuzla,1,3.9614917348953895,3.5519315858837217,,0.409560,0
QF_BV/spear/inn_v2.4.3/innfeed_imapfeed_vc25454.smt2,Bitwuzla,1,0.8473475049249828,0.845219753915444,,0.002128,0
QF_BV/brummayerbiere2/smulov4bw0768.smt2,Bitwuzla,1,0.27424794709077105,0.2678931690752506,,0.006355,0
QF_BV/20221012-MCMPC/millionaires/millionaires.t1.i11.a96fdf78.smt2,Bitwuzla,1,0.25396855804137886,0.2517286860384047,,0.002240,0
QF_BV/sage/app8/bench_3692.smt2,STP,1,0.2489122228580527,0.24620299087837338,,0.002709,0
QF_BV/mcm/158.smt2,STP,1,213.41350044793217,213.31150358892046,,0.101997,0
QF_BV/sage/app7/bench_443.smt2,Yices2,1,0.5535820299992338,0.3704528210218996,,0.183129,0
QF_BV/bruttomesso/core/ext_con_036_004_0128.smt2,STP,1,0.5199035120895132,0.5179351940751076,,0.001968,0
QF_BV/sage/app7/bench_852.smt2,Yices2,1,0.5522742411703803,0.39055234217084944,,0.161722,0
QF_BV/Sage2/bench_7281.smt2,STP,1,0.2726474880473688,0.2685223070438951,,0.004125,0
QF_BV/Sage2/bench_7817.smt2,Bitwuzla,1,4.423646492010448,4.421260769013315,,0.002386,0
QF_BV/Sage2/bench_11553.smt2,Yices2,1,0.23729156173067167,0.22937271278351545,,0.007919,0
QF_BV/20221012-MCMPC/wage_circuit_div/wage_circuit_div.t1.i36.6a947f3c.smt2,STP,1,0.26021836296422407,0.2589531489647925,,0.001265,0
QF_BV/spear/samba_v3.0.24/bin_libsmbclient_vc1225834.smt2,Yices2,1,1.708133924053982,1.6875846670009196,,0.020549,0
QF_BV/20210219-Sydr/master/yices/predicate_11183.smt2,STP,1,2.3397645251243375,2.083624418126419,,0.256140,0
QF_BV/sage/app7/bench_2138.smt2,Yices2,1,0.30057649192167446,0.2507709879428148,,0.049806,0
QF_BV/spear/samba_v3.0.24/bin_eventlogadm_vc352372.smt2,Yices2,1,1.4163161520264111,1.3682128810323775,,0.048103,0
QF_BV/Sage2/bench_14525.smt2,Yices2,1,0.5324311740114354,0.4422347149811685,,0.090196,0
QF_BV/Sage2/bench_14633.smt2,STP,1,0.2907676590839401,0.28497399506159127,,0.005794,0
QF_BV/sage/app9/bench_1356.smt2,STP,1,0.9380040619289503,0.9371808739379048,,0.000823,0
QF_BV/mcm/97.smt2,Bitwuzla,0,1200.0,1201.2261994639412,,0.008251,0
QF_BV/sage/app1/bench_2001.smt2,Yices2,1,0.24507889396045357,0.24023630796000361,,0.004843,0
QF_BV/sage/app7/bench_604.smt2,Yices2,1,0.631506858044304,0.4496484480332583,,0.181858,0
QF_BV/spear/samba_v3.0.24/bin_libsmbsharemodes_vc5750.smt2,Bitwuzla,1,0.6812819941551425,0.6691206961404532,,0.012161,0
QF_BV/sage/app7/bench_410.smt2,Yices2,1,0.5745402961038053,0.3937654991168529,,0.180775,0
QF_BV/20221012-MCMPC/millionaires/millionaires.t1.i32.e49f0b42.smt2,Yices2,1,0.22031431598588824,0.21809433097951114,,0.002220,0
QF_BV/Sage2/bench_8919.smt2,Yices2,1,1.3468695028568618,1.1482630618847907,,0.198606,0
QF_BV/Sage2/bench_12795.smt2,Bitwuzla,1,24.312386849080212,23.88411852810532,,0.428268,0
QF_BV/20221012-MCMPC/dualexecution_affine/dualexecution_affine.t1.i8.fac2ea9b.smt2,Yices2,1,0.4295256050536409,0.310260595055297,,0.119265,0
QF_BV/sage/app2/bench_640.smt2,Yices2,1,0.2477857519988902,0.235550947021693,,0.012235,0
QF_BV/Sage2/bench_2492.smt2,STP,1,0.8887574841501191,0.8367725601419806,,0.051985,0
QF_BV/sage/app11/bench_560.smt2,Yices2,1,0.4107803078950383,0.3306494439020753,,0.080131,0
QF_BV/uclid/catchconv/convert-jpg2gif-query-1467.smt2,Yices2,1,0.35891659796470776,0.2968991829548031,,0.062017,0
QF_BV/float/e2_1.c.smt2,STP,1,0.426847078895662,0.4235310528893024,,0.003316,0
QF_BV/sage/app7/bench_2003.smt2,Yices2,1,0.8738402351154946,0.6286810981109738,,0.245159,0
QF_BV/sage/app1/bench_2434.smt2,Bitwuzla,1,0.2424449358950369,0.2382006288971752,,0.004244,0
QF_BV/20210219-Sydr/master/cjpeg/predicate_1188.smt2,Yices2,1,0.517286219925154,0.49673287896439433,,0.020553,0
QF_BV/Sage2/bench_4263.smt2,STP,1,0.5525273199891672,0.5493148299865425,,0.003212,0
QF_BV/20221012-MCMPC/mean/mean.t1.i2.f42b66b2.smt2,Yices2,1,0.36312818399164826,0.3585234209895134,,0.004605,0
QF_BV/spear/samba_v3.0.24/bin_libsmbsharemodes_vc4844.smt2,Yices2,1,1.9747322529437952,1.9244181129615754,,0.050314,0
QF_BV/bruttomesso/core/ext_con_016_004_0512.smt2,STP,1,0.8309962299535982,0.8298285759519786,,0.001168,0
QF_BV/Sage2/bench_12306.smt2,STP,1,70.96732608787715,70.96317475289106,,0.004151,0
QF_BV/Sage2/bench_9562.smt2,Yices2,1,0.47922342497622594,0.3750692419707775,,0.104154,0
QF_BV/Sage2/bench_9988.smt2,Bitwuzla,1,60.40653048601234,60.34790176898241,,0.058629,0
QF_BV/Sage2/bench_2837.smt2,STP,1,18.265808168100193,18.264113696059212,,0.001694,0
QF_BV/20230221-oisc-gurtner/SRLI-SAFE-64-64.smt2,STP,1,61.86268299201038,61.85367933497764,,0.009004,0
QF_BV/20210312-Bouvier/vlsat3_g06.smt2,STP,1,7.884301262034569,7.830015172017738,,0.054286,0
QF_BV/Sage2/bench_2930.smt2,STP,1,23.82870459696278,23.827236752957106,,0.001468,0
QF_BV/spear/samba_v3.0.24/bin_eventlogadm_vc351347.smt2,Bitwuzla,1,0.47523563395952806,0.468290664954111,,0.006945,0
QF_BV/asp/Sokoban/dimitri_yorick.54.steps.12.asp.smt2,STP,1,2.9047775499057025,2.8543133488856256,,0.050464,0
QF_BV/sage/app7/bench_1580.smt2,Yices2,1,0.36719635606277734,0.27924134209752083,,0.087955,0
QF_BV/20221012-MCMPC/dualexecution_affine/dualexecution_affine.t1.i8.02b9d8d8.smt2,Yices2,1,0.27340311894658953,0.2437137479428202,,0.029689,0
QF_BV/20221012-MCMPC/millionaires/millionaires.t1.i10.03721618.smt2,Bitwuzla,1,0.26029131218092516,0.2578796132002026,,0.002412,0
QF_BV/spear/samba_v3.0.24/bin_eventlogadm_vc352896.smt2,Yices2,1,1.837860334024299,1.7911371460650116,,0.046723,0
QF_BV/sage/app11/bench_99.smt2,Yices2,1,0.38429916399763897,0.3076281580142677,,0.076671,0
QF_BV/sage/app7/bench_1835.smt2,Yices2,1,0.3320846740389243,0.26384128304198384,,0.068243,0
QF_BV/bruttomesso/lfsr/lfsr_002_143_016.smt2,STP,1,0.5656065882067196,0.5646743711549789,,0.000932,0
QF_BV/Sage2/bench_4085.smt2,Yices2,1,2.118008196062874,2.0748908570967615,,0.043117,0
QF_BV/asp/EdgeMatching/edge-matching-width=9-height=9-colours=13.smt2,Bitwuzla,1,389.98534849192947,389.4133559719194,,0.571993,0
QF_BV/Sage2/bench_10467.smt2,Bitwuzla,1,0.3966950780013576,0.37960243900306523,,0.017093,0
QF_BV/bruttomesso/core/ext_con_064_001_1024.smt2,STP,1,5.853537315095309,5.852281267056242,,0.001256,0
QF_BV/20221012-MCMPC/mean_buckets/mean_buckets.t1.i26.0e509072.smt2,STP,1,0.2960052019334398,0.2936765479389578,,0.002329,0
QF_BV/20221012-MCMPC/wage_circuit_div/wage_circuit_div.t1.i23.92e43e77.smt2,STP,1,0.26076827401993796,0.2592112210113555,,0.001557,0
QF_BV/sage/app7/bench_7947.smt2,Yices2,1,0.6760762419435196,0.48542814794927835,,0.190648,0
QF_BV/20221012-MCMPC/sugarbeets/sugarbeets.t1.i24.b7cb5964.smt2,Yices2,1,0.4080679879989475,0.39055819902569056,,0.017510,0
QF_BV/20221012-MCMPC/dualexecution/dualexecution.t1.i6.9b8eed0f.smt2,Yices2,1,0.4600307372165844,0.32182079018093646,,0.138210,0
QF_BV/sage/app7/bench_1757.smt2,Yices2,1,0.3388787690200843,0.26813040603883564,,0.070748,0
QF_BV/20221012-MCMPC/millionaires/millionaires.t1.i61.46f74ba5.smt2,Yices2,1,0.21896913001546636,0.2167662070132792,,0.002203,0
QF_BV/20221012-MCMPC/dualexecution_affine/dualexecution_affine.t1.i6.3d636bd3.smt2,Yices2,1,0.6013161159935407,0.38271135394461453,,0.218605,0
QF_BV/sage/app1/bench_2051.smt2,Yices2,1,0.21442449180176482,0.21272045280784369,,0.001704,0
QF_BV/sage/app7/bench_330.smt2,Yices2,1,0.6731235269689932,0.4883214889559895,,0.184802,0
QF_BV/20221012-MCMPC/millionaires/millionaires.t1.i32.4695cc09.smt2,Yices2,1,0.2173632070189342,0.21511969901621342,,0.002244,0
QF_BV/20221012-MCMPC/dualexecution_affine/dualexecution.t1.i15.fb1699bf.smt2,Yices2,1,1.2464287378825247,0.7005276428535581,,0.545901,0
QF_BV/spear/inn_v2.4.3/innd_innd_vc33158.smt2,Bitwuzla,1,0.41606351610971615,0.41423322609625757,,0.001830,0
QF_BV/20210219-Sydr/symbolic_memory/linear/minigzip/predicate_492.smt2,Yices2,1,1.1106750890030526,0.9699409150052816,,0.140734,0
QF_BV/Sage2/bench_5339.smt2,STP,1,11.057476207904983,11.055859427899122,,0.001617,0
QF_BV/sage/app1/bench_1259.smt2,Yices2,1,0.2749473999720067,0.2698071619961411,,0.005140,0
QF_BV/20221012-MCMPC/millionaires/millionaires.t1.i45.fc4bcee5.smt2,Yices2,1,0.21724340016953647,0.21531228814274073,,0.001931,0
QF_BV/sage/app7/bench_418.smt2,Yices2,1,0.5440885930438526,0.36248027603141963,,0.181608,0
QF_BV/Sage2/bench_1766.smt2,STP,1,23.30968423304148,23.30792278703302,,0.001761,0
QF_BV/Sage2/bench_16967.smt2,STP,1,0.2618691609823145,0.2583403689786792,,0.003529,0
QF_BV/Sage2/bench_1970.smt2,STP,1,15.67858282191446,15.676850670948625,,0.001732,0
QF_BV/sage/app7/bench_8537.smt2,Yices2,1,0.5598179410444573,0.37421430204994977,,0.185604,0
QF_BV/20221012-MCMPC/millionaires/millionaires.t1.i45.f22c8f67.smt2,Yices2,1,0.22685133607592434,0.2247901640366763,,0.002061,0
QF_BV/20221012-MCMPC/millionaires/millionaires.t1.i24.bc0682a6.smt2,Bitwuzla,1,0.2490701971692033,0.24675047816708684,,0.002320,0
QF_BV/sage/app7/bench_3669.smt2,Yices2,1,0.670861710968893,0.42356995097361505,,0.247292,0
QF_BV/20220315-ecrw/rw_rule_candidate_vmcai_2022_bw512_13.smt2,STP,0,1200.0,1201.4583464681637,,0.000582,0
QF_BV/Sage2/bench_13688.smt2,Yices2,1,8.496335773961619,8.068031945964321,,0.428304,0
QF_BV/uclid/catchconv/convert-jpg2gif-query-1219.smt2,Yices2,1,0.3339329149457626,0.28758247196674347,,0.046350,0
QF_BV/20221012-MCMPC/wage_circuit_div/wage_circuit_div.t1.i27.ecafbe03.smt2,STP,1,0.2324978599208407,0.23088883189484477,,0.001609,0
QF_BV/20210312-Bouvier/vlsat3_a48.smt2,STP,1,276.4128388959216,276.41010608593933,,0.002733,0
QF_BV/sage/app1/bench_147.smt2,Bitwuzla,1,0.24134284496540204,0.2376848249696195,,0.003658,0
QF_BV/Sage2/bench_2258.smt2,STP,1,31.781865859113168,31.780515453079715,,0.001350,0
QF_BV/sage/app8/bench_3363.smt2,STP,1,0.25223092606756836,0.24960671202279627,,0.002624,0
QF_BV/Sage2/bench_15248.smt2,STP,1,2.454405854048673,2.452147511066869,,0.002258,0
QF_BV/Sage2/bench_16928.smt2,Yices2,1,0.9478377110208385,0.9141323480289429,,0.033705,0
QF_BV/Sage2/bench_13037.smt2,Bitwuzla,1,0.2796100630075671,0.27556627499870956,,0.004044,0
QF_BV/Sage2/bench_2123.smt2,STP,1,9.407092460023705,9.405441659037024,,0.001651,0
QF_BV/Sage2/bench_1417.smt2,STP,1,0.23557973897550255,0.23370920401066542,,0.001871,0
QF_BV/Sage2/bench_3153.smt2,STP,1,0.22482220112578943,0.2234247571323067,,0.001397,0
QF_BV/spear/samba_v3.0.24/bin_libmsrpc_vc1228491.smt2,Yices2,1,0.3660456908401102,0.35202833684161305,,0.014017,0
QF_BV/Sage2/bench_10051.smt2,Bitwuzla,1,1.6329021370620467,1.6259527320507914,,0.006949,0
QF_BV/Sage2/bench_15594.smt2,STP,1,0.24198843608610332,0.23855036310851574,,0.003438,0
QF_BV/20210219-Sydr/master/cjpeg/predicate_432.smt2,Yices2,1,0.4576886889990419,0.44926027301698923,,0.008428,0
QF_BV/20221012-MCMPC/sugarbeets/sugarbeets.t1.i28.63ca18bd.smt2,Yices2,1,0.323622954194434,0.3164123531896621,,0.007211,0
QF_BV/sage/app8/bench_734.smt2,STP,1,0.33994165307376534,0.3373107260558754,,0.002631,0
QF_BV/Sage2/bench_2677.smt2,Yices2,1,0.49526806094218045,0.3836854319088161,,0.111583,0
QF_BV/Sage2/bench_7638.smt2,Bitwuzla,1,0.41949280904373154,0.3955041100271046,,0.023989,0
QF_BV/sage/app7/bench_6635.smt2,Yices2,1,0.5760273350751959,0.3797509050928056,,0.196276,0
QF_BV/sage/app11/bench_28.smt2,Yices2,1,0.4186433039722033,0.34151540393941104,,0.077128,0
QF_BV/sage/app1/bench_264.smt2,STP,1,0.2210762468748726,0.22037469688802958,,0.000702,0
QF_BV/Sage2/bench_4643.smt2,STP,1,0.522204092994798,0.5193446460179985,,0.002859,0
QF_BV/Sage2/bench_15542.smt2,STP,1,0.27959318010834977,0.2751988801173866,,0.004394,0
QF_BV/Sage2/bench_6710.smt2,STP,1,0.23910368006909266,0.23369841207750142,,0.005405,0
QF_BV/Sage2/bench_8586.smt2,Yices2,1,0.31905763485701755,0.29116831184364855,,0.027889,0
QF_BV/Sage2/bench_17362.smt2,STP,1,21.221783944987692,21.210962143959478,,0.010822,0
QF_BV/20230221-oisc-gurtner/SRL-SAFE-512-512.smt2,Yices2,0,1200.0,1201.305061463965,,0.045108,0
QF_BV/Sage2/bench_17356.smt2,STP,1,0.47310240304796025,0.4639297700487077,,0.009173,0
QF_BV/sage/app2/bench_647.smt2,Yices2,1,0.25401655409950763,0.24177195108495653,,0.012245,0
QF_BV/bruttomesso/lfsr/lfsr_008_095_128.smt2,Yices2,1,13.828100008890033,13.816813048906624,,0.011287,0
QF_BV/Sage2/bench_12065.smt2,STP,1,0.3407966891536489,0.3337308531627059,,0.007066,0
QF_BV/spear/samba_v3.0.24/bin_eventlogadm_vc331021.smt2,Bitwuzla,1,0.6017210270510986,0.5962511280085891,,0.005470,0
QF_BV/Sage2/bench_5656.smt2,Yices2,1,0.23318184301024303,0.22655349504202604,,0.006628,0
QF_BV/sage/app7/bench_7258.smt2,Yices2,1,0.5745611941092648,0.3857586591038853,,0.188803,0
QF_BV/Sage2/bench_13707.smt2,Bitwuzla,1,2.3241773550980724,2.2998307230882347,,0.024347,0
QF_BV/Sage2/bench_7829.smt2,STP,1,0.2394682380836457,0.2366654530633241,,0.002803,0
QF_BV/spear/samba_v3.0.24/bin_eventlogadm_vc352895.smt2,Yices2,1,2.5541258979355916,2.507027983898297,,0.047098,0
QF_BV/Sage2/bench_4063.smt2,STP,1,0.2444508860935457,0.24052710109390318,,0.003924,0
QF_BV/Sage2/bench_2215.smt2,Yices2,1,0.2458425179356709,0.23344717593863606,,0.012395,0
QF_BV/20221012-MCMPC/dualexecution_affine/dualexecution_affine.t1.i9.2564f6bd.smt2,Yices2,1,0.3697596060228534,0.2850798820145428,,0.084680,0
QF_BV/Sage2/bench_4470.smt2,STP,1,0.226485594001133,0.2248742450028658,,0.001611,0
QF_BV/uclid/catchconv/convert-jpg2gif-query-2133.smt2,STP,1,0.294629345939029,0.2799476939253509,,0.014682,0
QF_BV/20221012-MCMPC/wage/wage.t1.i21.47ab1469.smt2,Bitwuzla,1,0.2865305710583925,0.28471841802820563,,0.001812,0
QF_BV/sage/app1/bench_218.smt2,Bitwuzla,1,0.23841020616237074,0.2347817001864314,,0.003629,0
QF_BV/sage/app7/bench_2172.smt2,Yices2,1,0.30042043287539855,0.2487939998973161,,0.051626,0
QF_BV/Sage2/bench_12206.smt2,Bitwuzla,1,0.40064187010284513,0.3827951380517334,,0.017847,0
QF_BV/Sage2/bench_5357.smt2,STP,1,0.7330774841248058,0.7166015231050551,,0.016476,0
QF_BV/20190311-bv-term-small-rw-Noetzli/bv-term-small-rw_1447.smt2,STP,1,0.3577166570466943,0.3573040780611336,,0.000413,0
QF_BV/20221012-MCMPC/dualexecution_affine/dualexecution_affine.t1.i8.4700c72f.smt2,Yices2,1,0.5103113529039547,0.3441806898918003,,0.166131,0
QF_BV/Sage2/bench_9946.smt2,STP,1,17.267311564122792,17.265945136081427,,0.001366,0
QF_BV/Sage2/bench_9518.smt2,STP,1,0.26591355277923867,0.26137421280145645,,0.004539,0
QF_BV/Sage2/bench_2083.smt2,STP,1,20.229509352124296,20.228197497082874,,0.001312,0
QF_BV/sage/app7/bench_229.smt2,Yices2,1,0.7382074459455907,0.5435571619309485,,0.194650,0
QF_BV/Sage2/bench_2656.smt2,STP,1,8.248928966931999,8.246948845917359,,0.001980,0
QF_BV/Sage2/bench_9472.smt2,Yices2,1,4.846231264062226,4.6835033220704645,,0.162728,0
QF_BV/float/mult1.c.20.smt2,Yices2,1,0.603438752994407,0.591004827991128,,0.012434,0
QF_BV/20221012-MCMPC/dualexecution_affine/dualexecution.t1.i11.1b9f6db9.smt2,Yices2,1,0.2860936749493703,0.2482111039571464,,0.037883,0
QF_BV/20210312-Bouvier/vlsat3_g22.smt2,Bitwuzla,1,25.485501848103013,25.338962332112715,,0.146540,0
QF_BV/bruttomesso/core/ext_con_036_001_0512.smt2,STP,1,1.5465647989767604,1.545662716962397,,0.000902,0
QF_BV/20190311-bv-term-small-rw-Noetzli/bv-term-small-rw_468.smt2,STP,1,0.2274093849118799,0.22691776091232896,,0.000492,0
QF_BV/Sage2/bench_4317.smt2,STP,1,0.6221442530513741,0.6122975470498204,,0.009847,0
QF_BV/Sage2/bench_6799.smt2,Yices2,1,0.25922833097865805,0.24932339997030795,,0.009905,0
QF_BV/20221012-MCMPC/millionaires/millionaires.t1.i29.568fc414.smt2,Yices2,1,0.2167163278791122,0.21442822786048055,,0.002288,0
QF_BV/20221012-MCMPC/simplemean_buckets/simplemean_buckets.t1.i25.a1d5c625.smt2,STP,1,0.3265793580794707,0.32391747809015214,,0.002662,0
QF_BV/spear/cvs_v1.11.22/cvs_vc105128.smt2,STP,1,0.5402088270056993,0.5350317819975317,,0.005177,0
QF_BV/sage/app1/bench_415.smt2,Bitwuzla,1,0.4760404390981421,0.4725297810509801,,0.003511,0
QF_BV/sage/app7/bench_269.smt2,Yices2,1,0.6810554150724784,0.4976963810622692,,0.183359,0
QF_BV/sage/app7/bench_1562.smt2,Yices2,1,0.367378169845324,0.2778556998819113,,0.089522,0
QF_BV/spear/inn_v2.4.3/innfeed_imapfeed_vc24809.smt2,Bitwuzla,1,0.4402502399170771,0.43751911795698106,,0.002731,0
QF_BV/spear/samba_v3.0.24/bin_libsmbclient_vc1225211.smt2,Bitwuzla,1,1.0581678020535037,1.0432820150163025,,0.014886,0
QF_BV/Sage2/bench_422.smt2,STP,1,0.2933842950151302,0.27308844798244536,,0.020296,0
QF_BV/sage/app7/bench_301.smt2,Yices2,1,0.5574490941362455,0.36943237809464335,,0.188017,0
QF_BV/Sage2/bench_5164.smt2,STP,1,9.972958999976981,9.971443376969546,,0.001516,0
QF_BV/Sage2/bench_8517.smt2,STP,1,29.871262121829204,29.553296425845474,,0.317966,0
QF_BV/sage/app7/bench_4867.smt2,STP,1,0.23961381701519713,0.23854312999174,,0.001071,0
QF_BV/sage/app7/bench_3113.smt2,Yices2,1,0.6720870501012541,0.4232844770886004,,0.248803,0
QF_BV/Sage2/bench_8139.smt2,STP,1,0.41598590911598876,0.40821657609194517,,0.007769,0
QF_BV/uclid_contrib_smtcomp09/lf_bv_formula.smt2,STP,1,15.887745546002407,15.881524069001898,,0.006221,0
QF_BV/sage/app1/bench_2557.smt2,Bitwuzla,1,0.2420547729707323,0.2379916519857943,,0.004063,0
QF_BV/Sage2/bench_5048.smt2,STP,1,18.79731715709204,18.79577320208773,,0.001544,0
QF_BV/Sage2/bench_8644.smt2,STP,1,0.6823419769643806,0.6505613729823381,,0.031781,0
QF_BV/sage/app7/bench_698.smt2,Yices2,1,0.513260523090139,0.3405780780594796,,0.172682,0
QF_BV/sage/app7/bench_902.smt2,Yices2,1,0.5006846351898275,0.35045510018244386,,0.150230,0
QF_BV/bruttomesso/core/ext_con_056_002_0128.smt2,STP,1,0.7154864160111174,0.7135261329822242,,0.001960,0
QF_BV/Sage2/bench_13962.smt2,STP,1,0.3497141909901984,0.34316852898336947,,0.006546,0
QF_BV/bruttomesso/core/ext_con_032_008_0256.smt2,STP,1,1.1423493549809791,1.139130197931081,,0.003219,0
QF_BV/20230221-oisc-gurtner/AND-NESTED-20-32.smt2,Yices2,0,1200.0,1202.3759858568665,,2.646133,0
QF_BV/uclid/catchconv/convert-jpg2gif-query-1160.smt2,Yices2,1,0.291256599011831,0.2539438740350306,,0.037313,0
QF_BV/pspace/ndist.a.22495.smt2,STP,1,76.65913084213389,76.6587079281453,,0.000423,0
QF_BV/sage/app9/bench_2995.smt2,Bitwuzla,1,0.42606197897111997,0.4224701679777354,,0.003592,0
QF_BV/20221012-MCMPC/mean_buckets/mean_buckets.t1.i26.8c546d01.smt2,STP,1,0.31178783089853823,0.3094953428953886,,0.002292,0
QF_BV/Sage2/bench_10611.smt2,STP,1,0.22927000396884978,0.22742358595132828,,0.001846,0
QF_BV/spear/samba_v3.0.24/bin_libmsrpc_vc1225846.smt2,Yices2,1,0.8976833812193945,0.8771361492108554,,0.020547,0
QF_BV/Sage2/bench_17066.smt2,STP,1,0.24619278917089105,0.24218769720755517,,0.004005,0
QF_BV/sage/app7/bench_1066.smt2,Yices2,1,0.44989472889574245,0.3204797918442637,,0.129415,0
QF_BV/Sage2/bench_15498.smt2,STP,1,0.2922232589335181,0.2861150628887117,,0.006108,0
QF_BV/20221012-MCMPC/dualexecution_affine/dualexecution_affine.t1.i6.b2c481bb.smt2,Yices2,1,0.529883488023188,0.3714338820427656,,0.158450,0
QF_BV/sage/app7/bench_126.smt2,Yices2,1,0.7922396718640812,0.5442448288667947,,0.247995,0
QF_BV/Sage2/bench_8796.smt2,STP,1,0.2821264620870352,0.27175435004755855,,0.010372,0
QF_BV/Sage2/bench_16558.smt2,Bitwuzla,1,2.117195129976608,2.091182925971225,,0.026012,0
QF_BV/spear/samba_v3.0.24/bin_libmsrpc_vc1225377.smt2,Yices2,1,1.8239931569551118,1.8003662650007755,,0.023627,0
QF_BV/20221012-MCMPC/millionaires/millionaires.t1.i32.632a8913.smt2,Yices2,1,0.21744408906670287,0.21523025608621538,,0.002214,0
QF_BV/sage/app1/bench_2251.smt2,Bitwuzla,1,0.3889200939447619,0.3844013079069555,,0.004519,0
QF_BV/20190311-bv-term-small-rw-Noetzli/bv-term-small-rw_295.smt2,STP,1,0.21826211677398533,0.217857452807948,,0.000405,0
QF_BV/20210312-Bouvier/vlsat3_a21.smt2,STP,1,44.60064723994583,44.594503219937906,,0.006144,0
QF_BV/Sage2/bench_7263.smt2,STP,1,0.23425290011800826,0.23208416812121868,,0.002169,0
QF_BV/Sage2/bench_3055.smt2,Yices2,1,1.2032772307866253,1.1292372758034617,,0.074040,0
QF_BV/sage/app7/bench_8571.smt2,Yices2,1,0.6471729697659612,0.46307300380431116,,0.184100,0
QF_BV/asp/15Puzzle/15-puzzle.init7.smt2,Yices2,1,9.5681997530628,9.402684621047229,,0.165515,0
QF_BV/float/sine.4.0.i.smt2,Bitwuzla,1,0.6391651689773425,0.6319737599696964,,0.007191,0
QF_BV/Sage2/bench_17697.smt2,STP,1,0.237643217027653,0.23484748997725546,,0.002796,0
QF_BV/spear/samba_v3.0.24/bin_libsmbsharemodes_vc7059.smt2,Bitwuzla,1,0.7475618728785776,0.7392450058832765,,0.008317,0
QF_BV/Sage2/bench_14475.smt2,Bitwuzla,1,0.3961611379054375,0.3749274988658726,,0.021234,0
QF_BV/Sage2/bench_4078.smt2,Yices2,1,0.5620228959014639,0.4606256529223174,,0.101397,0
QF_BV/Sage2/bench_11773.smt2,Yices2,1,1.9775038349907845,1.6421133480034769,,0.335390,0
QF_BV/asp/Solitaire/solitaire-asymmetric-time=32.smt2,STP,0,1200.0,1201.2382429169957,,0.093907,0
QF_BV/spear/samba_v3.0.24/bin_libmsrpc_vc1225404.smt2,Yices2,1,0.9675104541820474,0.944437000202015,,0.023073,0
QF_BV/20221012-MCMPC/millionaires/millionaires.t1.i12.de72d8c6.smt2,Bitwuzla,1,0.2468846959527582,0.2446837469469756,,0.002201,0
QF_BV/log-slicing/bvashr_0250.smt2,Bitwuzla,1,14.492683122982271,14.48938119201921,,0.003302,0
QF_BV/sage/app9/bench_2982.smt2,Bitwuzla,1,0.4376398620661348,0.4341801260598004,,0.003460,0
QF_BV/20230221-oisc-gurtner/AND-NESTED-8-32.smt2,STP,0,1200.0,1201.3823311040178,,1.090845,0
QF_BV/uclid_contrib_smtcomp09/stall_bv_formula.smt2,STP,1,46.88376729405718,46.872117093065754,,0.011650,0
QF_BV/Sage2/bench_13880.smt2,Yices2,1,0.46555520297260955,0.37075794697739184,,0.094797,0
QF_BV/sage/app7/bench_792.smt2,Yices2,1,0.7901567599037662,0.544950014911592,,0.245207,0
QF_BV/20221012-MCMPC/millionaires/millionaires.t1.i36.0451a4f7.smt2,Yices2,1,0.28035478689707816,0.27814019192010164,,0.002215,0
QF_BV/sage/app7/bench_538.smt2,Yices2,1,0.5316421231254935,0.3485745061188936,,0.183068,0
QF_BV/sage/app11/bench_252.smt2,Yices2,1,0.38109974522376433,0.3061978342011571,,0.074902,0
QF_BV/20221012-MCMPC/dualexecution_affine/dualexecution.t1.i16.2f311bab.smt2,Yices2,1,0.2763598649762571,0.24998024897649884,,0.026380,0
QF_BV/sage/app11/bench_127.smt2,Yices2,1,0.38368201709818095,0.3050816881004721,,0.078600,0
QF_BV/sage/app7/bench_1416.smt2,Yices2,1,0.45111789111979306,0.35943259112536907,,0.091685,0
QF_BV/20221012-MCMPC/dualexecution_affine/dualexecution_affine.t1.i8.f4d43426.smt2,Yices2,1,0.3803340980084613,0.29044026299379766,,0.089894,0
QF_BV/sage/app11/bench_8.smt2,Yices2,1,0.3777526649646461,0.3009843409527093,,0.076768,0
QF_BV/sage/app7/bench_3091.smt2,Yices2,1,0.7811408168636262,0.5383209649007767,,0.242820,0
QF_BV/Sage2/bench_8231.smt2,STP,1,0.619274381082505,0.5891278360504657,,0.030147,0
QF_BV/Sage2/bench_14702.smt2,STP,1,0.48421801085351035,0.4753201918210834,,0.008898,0
QF_BV/Sage2/bench_119.smt2,Yices2,1,0.5130703701288439,0.3622925051022321,,0.150778,0
QF_BV/Sage2/bench_4157.smt2,STP,1,1.1597036690218374,1.1582506319973618,,0.001453,0
QF_BV/Sage2/bench_6885.smt2,Yices2,1,0.5270620689843781,0.3622352359816432,,0.164827,0
QF_BV/sage/app7/bench_800.smt2,Yices2,1,0.48864093783777207,0.3338994048535824,,0.154742,0
QF_BV/sage/app11/bench_57.smt2,Yices2,1,0.37579000799451023,0.2994433690328151,,0.076347,0
QF_BV/sage/app1/bench_160.smt2,Bitwuzla,1,0.24411760305520147,0.24044185900129378,,0.003676,0
QF_BV/Sage2/bench_15888.smt2,Yices2,1,1.0121096648508683,0.9685482878703624,,0.043561,0
QF_BV/sage/app7/bench_993.smt2,Yices2,1,0.45826126012252644,0.3164701231289655,,0.141791,0
QF_BV/20221012-MCMPC/millionaires/millionaires.t1.i17.3efd231a.smt2,Bitwuzla,1,0.2678121168864891,0.26531833689659834,,0.002494,0
QF_BV/asp/WireRouting/wire.15.x.15.b.10.a.30_sat.data.smt2,Yices2,1,222.7168534291559,222.3841689331457,,0.332684,0
QF_BV/sage/app7/bench_658.smt2,Yices2,1,0.7900088880560361,0.5452247890643775,,0.244784,0
QF_BV/Sage2/bench_1006.smt2,STP,1,0.24071159679442644,0.2388750168029219,,0.001837,0
QF_BV/Sage2/bench_13094.smt2,STP,1,0.29917345999274403,0.29316484299488366,,0.006009,0
QF_BV/Sage2/bench_17663.smt2,STP,1,0.48614926100708544,0.47664032597094774,,0.009509,0
QF_BV/20210219-Sydr/master/cjpeg/predicate_293.smt2,Bitwuzla,1,0.36813788302242756,0.36209895298816264,,0.006039,0
QF_BV/mcm/17.smt2,Bitwuzla,0,1200.0,1201.248973260168,,0.008436,0
QF_BV/Sage2/bench_14372.smt2,Yices2,1,1.1081411079503596,1.0780900379177183,,0.030051,0
QF_BV/mcm/06.smt2,Bitwuzla,1,0.40638773899991065,0.40214155800640583,,0.004246,0
QF_BV/20210312-Bouvier/vlsat3_g29.smt2,STP,1,6.653962269076146,6.610108392080292,,0.043854,0
QF_BV/20221012-MCMPC/millionaires/millionaires.t2.i62.9d6331ec.smt2,Yices2,1,0.2183353890432045,0.21547298901714385,,0.002862,0
QF_BV/sage/app7/bench_923.smt2,Yices2,1,0.48882830096408725,0.34053238295018673,,0.148296,0
QF_BV/log-slicing/bvashr_0526.smt2,Bitwuzla,1,42.52574637287762,42.52113277185708,,0.004614,0
QF_BV/asp/Labyrinth/laby_21_21_05.lp.smt2,Bitwuzla,1,789.8303604432149,787.5318267971743,,2.298534,0
QF_BV/20221012-MCMPC/millionaires/millionaires.t1.i10.f7e39109.smt2,Bitwuzla,1,0.2853755238465965,0.28292020480148494,,0.002455,0
QF_BV/Sage2/bench_7777.smt2,Bitwuzla,1,1.6174189948942512,1.5977282968815416,,0.019691,0
QF_BV/Sage2/bench_6934.smt2,Yices2,1,0.47422431292943656,0.37332007591612637,,0.100904,0
QF_BV/20221012-MCMPC/simplemean_buckets/simplemean_buckets.t1.i5.0209f560.smt2,STP,1,0.3885761942365207,0.3854219662025571,,0.003154,0
QF_BV/sage/app11/bench_511.smt2,Yices2,1,0.38057193194981664,0.3050990959163755,,0.075473,0
QF_BV/Sage2/bench_14517.smt2,STP,1,0.49332411197246984,0.48424895596690476,,0.009075,0
QF_BV/asp/GraphColouring/graph-colouring-nodes=150-density=0.1-instance=2.smt2,Yices2,1,698.9842528181034,698.9472615411505,,0.036991,0
QF_BV/Sage2/bench_2008.smt2,Yices2,1,0.4589781638351269,0.363872337853536,,0.095106,0
QF_BV/20190311-bv-term-small-rw-Noetzli/bv-term-small-rw_1456.smt2,STP,1,0.22907787113217637,0.22863055812194943,,0.000447,0
QF_BV/sage/app11/bench_70.smt2,Yices2,1,0.3814739779336378,0.3053852249868214,,0.076089,0
QF_BV/spear/inn_v2.4.3/nnrpd_nnrpd_vc21217.smt2,Bitwuzla,1,0.4902507108054124,0.48850407684221864,,0.001747,0
QF_BV/sage/app7/bench_4780.smt2,Yices2,1,0.6627693581394851,0.42097092512995005,,0.241798,0
QF_BV/Sage2/bench_13220.smt2,Bitwuzla,1,0.35590378113556653,0.3457065881229937,,0.010197,0
QF_BV/Sage2/bench_1148.smt2,Yices2,1,0.24028205301146954,0.23240540199913085,,0.007877,0
QF_BV/20230224-grsbits-truby/grs-64-128.smt2,Yices2,1,917.7991888988763,917.7922226418741,,0.006966,0
QF_BV/sage/app7/bench_749.smt2,STP,1,0.32882434892235324,0.3279924849048257,,0.000832,0
QF_BV/Sage2/bench_9535.smt2,STP,1,1.3824464330100454,1.380968688055873,,0.001478,0
QF_BV/sage/app7/bench_1217.smt2,Yices2,1,0.4428207548917271,0.32067052787169814,,0.122150,0
QF_BV/spear/samba_v3.0.24/bin_libsmbsharemodes_vc5742.smt2,Bitwuzla,1,0.968481102026999,0.9536595840472728,,0.014822,0
QF_BV/bruttomesso/core/ext_con_020_002_1024.smt2,STP,1,1.7580741931451485,1.7571841441094875,,0.000890,0
QF_BV/20221214-p4dfa-XiaoqiChen/StringMatching/string4x8.7._bit16_na6_nr4_paired.smt2,Yices2,0,1200.0,1201.3281077758875,,0.206932,0
QF_BV/spear/samba_v3.0.24/bin_eventlogadm_vc331034.smt2,Bitwuzla,1,0.6286266330862418,0.6219562140759081,,0.006670,0
QF_BV/Sage2/bench_16647.smt2,STP,1,0.6790407499065623,0.6681129338685423,,0.010928,0
QF_BV/Sage2/bench_14483.smt2,STP,1,0.24556955008301884,0.24215484107844532,,0.003415,0
QF_BV/20221012-MCMPC/millionaires/millionaires.t1.i55.66136dd3.smt2,Yices2,1,0.21625989786116406,0.21425979887135327,,0.002000,0
QF_BV/sage/app7/bench_5692.smt2,Yices2,1,0.7892813230282627,0.5842664330266416,,0.205015,0
QF_BV/20210312-Bouvier/vlsat3_g93.smt2,Bitwuzla,1,38.65841059887316,38.502723523881286,,0.155687,0
QF_BV/20221012-MCMPC/millionaires/millionaires.t1.i31.830b3767.smt2,STP,1,0.22115266806213185,0.21998189901933074,,0.001171,0
QF_BV/spear/samba_v3.0.24/bin_libsmbsharemodes_vc4321.smt2,Yices2,1,1.7878224750747904,1.7375482690986246,,0.050274,0
QF_BV/spear/inn_v2.4.3/innd_innd_vc33361.smt2,Bitwuzla,1,0.5104036479606293,0.5083081859629601,,0.002095,0
QF_BV/20221012-MCMPC/dualexecution_affine/dualexecution_affine.t1.i8.8dda8798.smt2,Yices2,1,0.525971109920647,0.3645091119688004,,0.161462,0
QF_BV/Sage2/bench_3398.smt2,STP,1,9.474553222942632,9.472757041919976,,0.001796,0
QF_BV/20221012-MCMPC/wage/wage.t1.i29.36111b13.smt2,Bitwuzla,1,0.2575438880594447,0.2559754550457001,,0.001568,0
QF_BV/Sage2/bench_5225.smt2,Bitwuzla,1,0.7446121850516647,0.6674952090252191,,0.077117,0
QF_BV/Sage2/bench_15291.smt2,Bitwuzla,1,0.29451579705346376,0.29215128906071186,,0.002365,0
QF_BV/sage/app7/bench_540.smt2,Yices2,1,0.5599948058952577,0.37796994391828775,,0.182025,0
QF_BV/Sage2/bench_16975.smt2,Bitwuzla,1,1.3123428748804145,1.2997764789033681,,0.012566,0
QF_BV/20221012-MCMPC/wage_circuit_div/wage_circuit_div.t1.i22.ed8b3e58.smt2,STP,1,0.23298606713069603,0.23142882413230836,,0.001557,0
QF_BV/Sage2/bench_2278.smt2,STP,1,10.608423201891128,10.607129711890593,,0.001293,0
QF_BV/Sage2/bench_17329.smt2,Yices2,1,9.355591003084555,9.17815212206915,,0.177439,0
QF_BV/sage/app11/bench_434.smt2,Yices2,1,0.385235033929348,0.310193131910637,,0.075042,0
QF_BV/Sage2/bench_9121.smt2,STP,1,0.22515694587491453,0.22313112788833678,,0.002026,0
QF_BV/sage/app7/bench_1892.smt2,Yices2,1,0.8010574968648143,0.5500818518921733,,0.250976,0
QF_BV/float/newton.2.2.i.smt2,Yices2,1,46.514785988023505,46.492018738994375,,0.022767,0
QF_BV/Sage2/bench_17218.smt2,Yices2,1,0.44889004103606567,0.44304523803293705,,0.005845,0
QF_BV/20221012-MCMPC/millionaires/millionaires.t1.i18.cecadf39.smt2,Bitwuzla,1,0.252771241881419,0.25058619189076126,,0.002185,0
QF_BV/sage/app7/bench_500.smt2,Yices2,1,0.5432151749264449,0.36263527791015804,,0.180580,0
QF_BV/bruttomesso/core/ext_con_020_032_0128.smt2,STP,1,0.4590469559188932,0.4519724929705262,,0.007074,0
QF_BV/Sage2/bench_6399.smt2,STP,1,0.5912546589388512,0.5873632219154388,,0.003891,0
QF_BV/sage/app11/bench_227.smt2,Yices2,1,0.38340004096971825,0.30610729893669486,,0.077293,0
QF_BV/Sage2/bench_4810.smt2,Yices2,1,0.9218453040230088,0.8520826969761401,,0.069763,0
QF_BV/sage/app7/bench_1207.smt2,Yices2,1,0.4223648429615423,0.3016215469688177,,0.120743,0
QF_BV/sage/app7/bench_1347.smt2,Yices2,1,0.402356845093891,0.2937431400641799,,0.108614,0
QF_BV/sage/app7/bench_97.smt2,Yices2,1,0.6468928309623152,0.45926079293712974,,0.187632,0
QF_BV/20210219-Sydr/symbolic_memory/linear/minigzip/predicate_625.smt2,Yices2,1,1.1594364512129687,0.9968777361791581,,0.162559,0
QF_BV/spear/samba_v3.0.24/bin_eventlogadm_vc351400.smt2,Bitwuzla,1,1.4595139299635775,1.4312994279898703,,0.028215,0
QF_BV/sage/app7/bench_314.smt2,Yices2,1,0.808468192059081,0.5393095740582794,,0.269159,0
QF_BV/Sage2/bench_16921.smt2,Yices2,1,1.0216280201566406,0.9885821661446244,,0.033046,0
QF_BV/sage/app9/bench_2961.smt2,Bitwuzla,1,0.4476155150914565,0.44398998213000596,,0.003626,0
QF_BV/20221012-MCMPC/millionaires/millionaires.t1.i22.53265c8a.smt2,Bitwuzla,1,0.2520436010090634,0.2496143199969083,,0.002429,0
QF_BV/mcm/50.smt2,Bitwuzla,0,1200.0,1201.2325782710686,,0.007961,0
QF_BV/sage/app11/bench_602.smt2,Yices2,1,0.4080807130667381,0.331943741068244,,0.076137,0
QF_BV/Sage2/bench_14864.smt2,Yices2,1,0.9549444877775386,0.9208816247992218,,0.034063,0
QF_BV/Sage2/bench_6100.smt2,STP,1,2.120525308942888,2.115996853914112,,0.004528,0
QF_BV/20221012-MCMPC/mean_buckets/mean_buckets.t1.i9.b551986d.smt2,STP,1,0.331610620894935,0.32830636692233384,,0.003304,0
QF_BV/spear/samba_v3.0.24/bin_eventlogadm_vc331237.smt2,Yices2,1,1.1648982789483853,1.1387363199610263,,0.026162,0
QF_BV/Sage2/bench_8827.smt2,STP,1,0.27275780512718484,0.266532686073333,,0.006225,0
QF_BV/Sage2/bench_10013.smt2,STP,1,3.198716033017263,3.1971696990076452,,0.001546,0
QF_BV/20221012-MCMPC/dualexecution_affine/dualexecution_affine.t1.i6.b537f435.smt2,Yices2,1,0.8553456840454601,0.5084428270347416,,0.346903,0
QF_BV/float/sine.3.0.i.smt2,Bitwuzla,1,0.6093564699403942,0.6025789179839194,,0.006778,0
QF_BV/Sage2/bench_5749.smt2,STP,1,0.25116330082528293,0.2491735308431089,,0.001990,0
QF_BV/log-slicing/bvsmod_15.smt2,STP,1,142.96742299303878,142.96576495002955,,0.001658,0
QF_BV/Sage2/bench_3872.smt2,STP,1,1.1588276260299608,1.1258742320351303,,0.032953,0
QF_BV/sage/app12/bench_401.smt2,STP,1,0.43196171312592924,0.42898521409370005,,0.002976,0
QF_BV/20221012-MCMPC/dualexecution/dualexecution.t1.i15.79ba505f.smt2,Yices2,1,0.9287517091725022,0.574752061162144,,0.354000,0
QF_BV/Sage2/bench_15292.smt2,STP,1,0.2675293970387429,0.26427708799019456,,0.003252,0
QF_BV/Sage2/bench_1985.smt2,STP,1,12.10518229502486,12.103327546035871,,0.001855,0
QF_BV/Sage2/bench_1222.smt2,STP,1,12.978326082113199,12.976768216118217,,0.001558,0
QF_BV/spear/samba_v3.0.24/bin_libmsrpc_vc1228514.smt2,Yices2,1,0.8900297969230451,0.8694700519554317,,0.020560,0
QF_BV/spear/inn_v2.4.3/innfeed_innfeed_vc37038.smt2,Bitwuzla,1,0.4497025070595555,0.4479018331039697,,0.001801,0
QF_BV/Sage2/bench_12088.smt2,STP,1,0.7788631689036265,0.7379512009210885,,0.040912,0
QF_BV/sage/app11/bench_165.smt2,Yices2,1,0.37781171285314485,0.302223804872483,,0.075588,0
QF_BV/Sage2/bench_6303.smt2,STP,1,0.23229940317105502,0.23090748814865947,,0.001392,0
QF_BV/spear/samba_v3.0.24/bin_libsmbsharemodes_vc4313.smt2,Yices2,1,0.684717916068621,0.6430985550396144,,0.041619,0
QF_BV/20221012-MCMPC/dualexecution_affine/dualexecution.t1.i15.fd310001.smt2,Yices2,1,0.41988112597027794,0.31312177795916796,,0.106759,0
QF_BV/sage/app12/bench_3580.smt2,STP,1,0.42267672810703516,0.4212010120972991,,0.001476,0
QF_BV/20221012-MCMPC/millionaires/millionaires.t4.i4.d132326c.smt2,Bitwuzla,1,0.3047817031037994,0.3007851610891521,,0.003997,0
QF_BV/sage/app1/bench_419.smt2,Bitwuzla,1,0.417154632974416,0.41380272898823023,,0.003352,0
QF_BV/spear/samba_v3.0.24/bin_eventlogadm_vc331228.smt2,Yices2,1,1.1478529750020243,1.1219529130030423,,0.025900,0
QF_BV/20221012-MCMPC/dualexecution/dualexecution.t1.i12.aa9d4366.smt2,Yices2,1,0.23386703891446814,0.2240101508796215,,0.009857,0
QF_BV/Sage2/bench_13554.smt2,STP,1,0.2946193681564182,0.28199063218198717,,0.012629,0
QF_BV/Sage2/bench_16450.smt2,STP,1,0.27070088597247377,0.26338627794757485,,0.007315,0
QF_BV/sage/app7/bench_596.smt2,Yices2,1,0.5331040968303569,0.3457870287820697,,0.187317,0
QF_BV/Sage2/bench_11385.smt2,Bitwuzla,1,1.4044688200228848,1.3976995330303907,,0.006769,0
QF_BV/Sage2/bench_3563.smt2,STP,1,15.063460326869972,15.061687419889495,,0.001773,0
QF_BV/sage/app7/bench_2681.smt2,Yices2,1,0.6700941767776385,0.4203258918132633,,0.249768,0
QF_BV/Sage2/bench_1394.smt2,STP,1,3.3481383799226023,3.3469310998916626,,0.001207,0
QF_BV/sage/app7/bench_8147.smt2,Yices2,1,0.6522775138146244,0.4692740268073976,,0.183003,0
QF_BV/Sage2/bench_10308.smt2,STP,1,0.43123984208796173,0.4222488170489669,,0.008991,0
QF_BV/20221012-MCMPC/millionaires/millionaires.t1.i49.9ce98955.smt2,Yices2,1,0.22419044491834939,0.22222787491045892,,0.001963,0
QF_BV/log-slicing/bvadd_27966.smt2,STP,1,5.4453452248708345,5.44488865789026,,0.000457,0
QF_BV/sage/app7/bench_6125.smt2,Yices2,1,0.648596658022143,0.4521103610750288,,0.196486,0
QF_BV/Sage2/bench_5896.smt2,STP,1,0.5853501220117323,0.5805910399649292,,0.004759,0
QF_BV/20221012-MCMPC/mean_buckets/mean_buckets.t1.i21.c769122a.smt2,STP,1,0.30744564603082836,0.3048479650169611,,0.002598,0
QF_BV/Sage2/bench_10120.smt2,STP,1,0.698948866862338,0.6704906548839062,,0.028458,0
QF_BV/Sage2/bench_15574.smt2,Yices2,1,1.0198916118824854,0.9194468948990107,,0.100445,0
QF_BV/Sage2/bench_11440.smt2,STP,1,0.22644455917179585,0.22524980315938592,,0.001195,0
QF_BV/Sage2/bench_11940.smt2,Bitwuzla,1,2.154175777977798,2.1425618149805814,,0.011614,0
QF_BV/20221012-MCMPC/millionaires/millionaires.t1.i39.029475a5.smt2,Yices2,1,0.21784175001084805,0.21589790401048958,,0.001944,0
QF_BV/20221012-MCMPC/dualexecution_affine/dualexecution.t1.i12.a9d008cf.smt2,Yices2,1,0.23261082504177466,0.2223057800438255,,0.010305,0
QF_BV/Sage2/bench_12584.smt2,Yices2,1,0.3335815580794588,0.26433941908180714,,0.069242,0
QF_BV/20221012-MCMPC/millionaires/millionaires.t1.i53.03648171.smt2,Yices2,1,0.21499741601292044,0.21268310700543225,,0.002314,0
QF_BV/Sage2/bench_17588.smt2,STP,1,0.4768621959374286,0.46785930590704083,,0.009003,0
QF_BV/Sage2/bench_2678.smt2,STP,1,9.837275734986179,9.835916141979396,,0.001360,0
QF_BV/Sage2/bench_3795.smt2,Bitwuzla,1,0.8148061709362082,0.8115552009548992,,0.003251,0
QF_BV/20190311-bv-term-small-rw-Noetzli/bv-term-small-rw_615.smt2,STP,1,0.21487915696343407,0.2144164559431374,,0.000463,0
QF_BV/Sage2/bench_14273.smt2,STP,1,17.817301914852578,17.590496556833386,,0.226805,0
QF_BV/sage/app11/bench_7.smt2,Yices2,1,0.3871120947878808,0.31059111980721354,,0.076521,0
QF_BV/sage/app1/bench_263.smt2,STP,1,0.21633208711864427,0.21563053713180125,,0.000702,0
QF_BV/log-slicing/bvsdiv_21.smt2,STP,0,1200.0,1201.221545384964,,0.001884,0
QF_BV/asp/WeightBoundedDominatingSet/rand_150_600_1159731678_15.lp.smt2,Yices2,1,13.606437337002717,13.591430963017046,,0.015006,0
QF_BV/20221012-MCMPC/dualexecution_affine/dualexecution.t1.i15.b5969292.smt2,Yices2,1,0.6581815879326314,0.4349035678897053,,0.223278,0
QF_BV/sage/app7/bench_3136.smt2,Yices2,1,0.6848074800800532,0.4160359820816666,,0.268771,0
QF_BV/bruttomesso/lfsr/lfsr_008_031_064.smt2,Yices2,1,4.640038360957988,4.634303570957854,,0.005735,0
QF_BV/20221012-MCMPC/mean_buckets/mean_buckets.t1.i13.9809b2f2.smt2,STP,1,0.34905794297810644,0.3455664119683206,,0.003492,0
QF_BV/spear/inn_v2.4.3/nnrpd_nnrpd_vc21422.smt2,Bitwuzla,1,0.41817500902106985,0.41650747205130756,,0.001668,0
QF_BV/log-slicing/bvshl_1195.smt2,STP,1,17.146079596190248,17.143202022183686,,0.002878,0
QF_BV/float/sine.1.0.i.smt2,Bitwuzla,1,3.72632005502237,3.719271430047229,,0.007049,0
QF_BV/Sage2/bench_5794.smt2,STP,1,0.23130312794819474,0.22896629595197737,,0.002337,0
QF_BV/Sage2/bench_12934.smt2,Yices2,1,0.6256769000319764,0.5135937640443444,,0.112083,0
QF_BV/20221012-MCMPC/mean_buckets/mean_buckets.t1.i9.bb611b16.smt2,STP,1,0.373452975822147,0.3699847278185189,,0.003468,0
QF_BV/20221012-MCMPC/millionaires/millionaires.t1.i31.138505d3.smt2,STP,1,0.22565656300866976,0.22448101500049233,,0.001176,0
QF_BV/Sage2/bench_6284.smt2,STP,1,16.272159022977576,16.2700131139718,,0.002146,0
QF_BV/calypto/problem_14.smt2,STP,1,0.22195672109955922,0.22127743205055594,,0.000679,0
QF_BV/Sage2/bench_2821.smt2,STP,1,0.7606113952351734,0.7477669802028686,,0.012844,0
QF_BV/Sage2/bench_3314.smt2,STP,1,27.97961787105305,27.977731704013422,,0.001886,0
QF_BV/Sage2/bench_778.smt2,Yices2,1,0.26295902801211923,0.25308598298579454,,0.009873,0
QF_BV/sage/app7/bench_1705.smt2,Yices2,1,0.3922369131469168,0.3154301941394806,,0.076807,0
QF_BV/sage/app9/bench_2967.smt2,Bitwuzla,1,0.4291326008969918,0.4256039569154382,,0.003529,0
QF_BV/Sage2/bench_5395.smt2,STP,1,16.72221947804792,16.72089809505269,,0.001321,0
QF_BV/Sage2/bench_6772.smt2,Yices2,1,0.4720602259039879,0.3729623379185796,,0.099098,0
QF_BV/Sage2/bench_2840.smt2,STP,1,54.437615705188364,54.43596875015646,,0.001647,0
QF_BV/sage/app12/bench_2608.smt2,STP,1,0.39425603300333023,0.39243064797483385,,0.001825,0
QF_BV/sage/app7/bench_1698.smt2,Yices2,1,0.34818591084331274,0.26995437080040574,,0.078232,0
QF_BV/mcm/157.smt2,STP,1,319.841300257016,319.80446118302643,,0.036839,0
QF_BV/sage/app7/bench_4914.smt2,Yices2,1,0.6820134721347131,0.48480980610474944,,0.197204,0
QF_BV/20221012-MCMPC/millionaires/millionaires.t1.i10.ddea598b.smt2,Bitwuzla,1,0.25100730115082115,0.24833265715278685,,0.002675,0
QF_BV/Sage2/bench_2904.smt2,STP,1,0.3900553439743817,0.38332846900448203,,0.006727,0
QF_BV/Sage2/bench_845.smt2,Yices2,1,0.3825534338830039,0.3263638198841363,,0.056190,0
QF_BV/Sage2/bench_9982.smt2,Bitwuzla,1,0.5698050747741945,0.5578305528033525,,0.011975,0
QF_BV/sage/app9/bench_971.smt2,STP,1,0.23122561298077926,0.2288752580061555,,0.002350,0
QF_BV/sage/app7/bench_6854.smt2,STP,1,0.2690293740015477,0.268376732012257,,0.000653,0
QF_BV/sage/app7/bench_600.smt2,Yices2,1,0.5220031109638512,0.34415167290717363,,0.177851,0
QF_BV/Sage2/bench_14847.smt2,STP,1,0.6107799301971681,0.6083869792055339,,0.002393,0
QF_BV/Sage2/bench_9264.smt2,STP,1,0.28043926606187597,0.2788433020468801,,0.001596,0
QF_BV/Sage2/bench_12839.smt2,Bitwuzla,1,0.45209766196785495,0.42567421798594296,,0.026423,0
QF_BV/20190311-bv-term-small-rw-Noetzli/bv-term-small-rw_303.smt2,STP,1,0.22132865007733926,0.22093979408964515,,0.000389,0
QF_BV/Sage2/bench_1081.smt2,STP,1,35.9925826539984,35.99079771898687,,0.001785,0
QF_BV/20230224-grsbits-truby/grs-64-64.smt2,Yices2,1,166.65109668008517,166.64705370808952,,0.004043,0
QF_BV/Sage2/bench_2895.smt2,STP,1,2.205135097145103,2.195118890143931,,0.010016,0
QF_BV/20221012-MCMPC/dualexecution_affine/dualexecution_affine.t1.i11.f5a568c9.smt2,Yices2,1,0.3060217330348678,0.2539786130655557,,0.052043,0
QF_BV/Sage2/bench_15085.smt2,Yices2,1,0.6070749670616351,0.4083977760747075,,0.198677,0
QF_BV/Sage2/bench_11138.smt2,Bitwuzla,1,0.4240520848543383,0.4130081778857857,,0.011044,0
QF_BV/fft/Sz512_15127_6.smt2,STP,0,1200.0,1201.2260922559071,,0.007373,0
QF_BV/asp/EdgeMatching/edge-matching-width=7-height=7-colours=12.smt2,STP,1,60.04660915979184,59.82347545679659,,0.223134,0
QF_BV/sage/app7/bench_1722.smt2,Yices2,1,0.33910376706626266,0.2703182650730014,,0.068786,0
QF_BV/sage/app7/bench_394.smt2,Yices2,1,0.6831526451278478,0.5001072851009667,,0.183045,0
QF_BV/20221012-MCMPC/millionaires/millionaires.t1.i17.d19bd993.smt2,Bitwuzla,1,0.2865513058495708,0.28426307486370206,,0.002288,0
QF_BV/sage/app7/bench_1697.smt2,Yices2,1,0.3570649949833751,0.279067839961499,,0.077997,0
QF_BV/spear/samba_v3.0.24/bin_libsmbclient_vc1225764.smt2,Yices2,1,1.0346871079527773,1.0172364569734782,,0.017451,0
QF_BV/20190311-bv-term-small-rw-Noetzli/bv-term-small-rw_354.smt2,STP,1,0.24566788191441447,0.2452758909203112,,0.000392,0
QF_BV/pspace/power2sum.6694.smt2,STP,1,140.07255853095558,140.07210265495814,,0.000456,0
QF_BV/Sage2/bench_3793.smt2,Bitwuzla,1,3.6635964679881,3.5869338440243155,,0.076663,0
QF_BV/sage/app7/bench_8521.smt2,Yices2,1,0.6866848890786059,0.44364201510325074,,0.243043,0
QF_BV/20210219-Sydr/master/cjpeg/predicate_974.smt2,Yices2,1,0.3962852220865898,0.37946149008348584,,0.016824,0
QF_BV/spear/samba_v3.0.24/bin_libsmbsharemodes_vc4813.smt2,Yices2,1,0.5934938449645415,0.5561692309565842,,0.037325,0
QF_BV/Sage2/bench_11310.smt2,Yices2,1,0.477803563058842,0.3911855290643871,,0.086618,0
QF_BV/Sage2/bench_5174.smt2,STP,1,15.620431990013458,15.619238483021036,,0.001194,0
QF_BV/mcm/85.smt2,Bitwuzla,1,174.15774428402074,174.1479143530596,,0.009830,0
QF_BV/uclid/catchconv/convert-jpg2gif-query-1373.smt2,Yices2,1,0.33408763306215405,0.28100922307930887,,0.053078,0
QF_BV/sage/app7/bench_1314.smt2,Yices2,1,0.792224127042573,0.5435863630846143,,0.248638,0
QF_BV/Sage2/bench_3061.smt2,Bitwuzla,1,7.842162804096006,7.826245088130236,,0.015918,0
QF_BV/Sage2/bench_142.smt2,STP,1,0.2647888070787303,0.260250783059746,,0.004538,0
QF_BV/Sage2/bench_12592.smt2,STP,1,0.23465939913876355,0.23251390713267028,,0.002145,0
QF_BV/Sage2/bench_8351.smt2,STP,1,0.2581939700176008,0.256514040986076,,0.001680,0
QF_BV/20221012-MCMPC/millionaires/millionaires.t1.i40.96d36213.smt2,Yices2,1,0.21710351202636957,0.21498106699436903,,0.002122,0
QF_BV/20221214-p4dfa-XiaoqiChen/StringMatching/string4x16.2._bit16_na6_nr4_paired.smt2,Yices2,0,1200.0,1201.437541714171,,0.358787,0
QF_BV/spear/samba_v3.0.24/bin_libsmbclient_vc1225237.smt2,Bitwuzla,1,0.9859995101578534,0.9712070461828262,,0.014792,0
QF_BV/20221012-MCMPC/dualexecution_affine/dualexecution.t1.i15.5b9ec15a.smt2,Yices2,1,0.606862829066813,0.4353253790177405,,0.171537,0
QF_BV/Sage2/bench_963.smt2,Yices2,1,5.72272604086902,5.644902261905372,,0.077824,0
QF_BV/asp/BlockedNQueens/156.48.1960.36.1721262093.dat.smt2,Yices2,1,5.932486394885927,5.903219658881426,,0.029267,0
QF_BV/sage/app7/bench_1111.smt2,Yices2,1,0.43937442399328575,0.30792038002982736,,0.131454,0
QF_BV/Sage2/bench_3534.smt2,STP,1,14.300348359101918,14.298697617137805,,0.001651,0
QF_BV/Sage2/bench_5091.smt2,STP,1,11.649975547858048,11.6480098918546,,0.001966,0
QF_BV/sage/app1/bench_2509.smt2,Bitwuzla,1,0.24071223178179935,0.2366185737773776,,0.004094,0
QF_BV/sage/app2/bench_367.smt2,STP,1,0.23965848883381113,0.23899004980921745,,0.000668,0
QF_BV/20190311-bv-term-small-rw-Noetzli/bv-term-small-rw_696.smt2,STP,1,0.23712179012363777,0.23673523915931582,,0.000387,0
QF_BV/Sage2/bench_15484.smt2,STP,1,0.32914277288364246,0.3255208309274167,,0.003622,0
QF_BV/sage/app1/bench_1913.smt2,Yices2,1,0.7005391079583205,0.6954929139465094,,0.005046,0
QF_BV/20221012-MCMPC/millionaires/millionaires.t1.i22.a5ad96bf.smt2,Bitwuzla,1,0.25714606005931273,0.2547840930055827,,0.002362,0
QF_BV/sage/app7/bench_138.smt2,Yices2,1,0.6528064371086657,0.47071275510825217,,0.182094,0
QF_BV/float/gaussian.c.25.smt2,Yices2,1,27.039938602014445,26.93814372899942,,0.101795,0
QF_BV/Sage2/bench_16489.smt2,STP,1,0.3019955559284426,0.2958356919698417,,0.006160,0
QF_BV/sage/app1/bench_1242.smt2,STP,1,0.29025467101018876,0.28841947903856635,,0.001835,0
QF_BV/sage/app7/bench_568.smt2,Yices2,1,0.6153445789823309,0.43180828797630966,,0.183536,0
QF_BV/sage/app11/bench_71.smt2,Yices2,1,0.3757080282084644,0.2990726102143526,,0.076635,0
QF_BV/sage/app7/bench_1667.smt2,Yices2,1,0.3593057838152163,0.2769299098290503,,0.082376,0
QF_BV/spear/inn_v2.4.3/innd_innd_vc32662.smt2,Bitwuzla,1,0.7335635511553846,0.7309287281241268,,0.002635,0
QF_BV/20221012-MCMPC/wage/wage.t1.i34.d38093f4.smt2,Bitwuzla,1,0.25253061496187,0.25119214598089457,,0.001338,0
QF_BV/20221012-MCMPC/millionaires/millionaires.t1.i19.9a32d8c7.smt2,Bitwuzla,1,0.26707346097100526,0.26463483297266066,,0.002439,0
QF_BV/bruttomesso/lfsr/lfsr_002_143_064.smt2,STP,1,2.0880410730605945,2.085613874020055,,0.002427,0
QF_BV/asp/GeneralizedSlitherlink/penrose.45.asp.smt2,Yices2,1,2.2899598640506156,2.1906109580304474,,0.099349,0
QF_BV/Sage2/bench_4054.smt2,Yices2,1,1.6148280391353182,0.9892801011446863,,0.625548,0
QF_BV/20221012-MCMPC/dualexecution/dualexecution.t1.i9.6be21bb7.smt2,Yices2,1,0.3529949600924738,0.2915089901071042,,0.061486,0
QF_BV/20221012-MCMPC/millionaires/millionaires.t3.i51.552ef9db.smt2,Yices2,1,0.22761258418904617,0.22409913316369057,,0.003513,0
QF_BV/sage/app1/bench_439.smt2,STP,1,0.21746047207852826,0.21682799910195172,,0.000632,0
QF_BV/20221012-MCMPC/millionaires/millionaires.t1.i11.ba3adfdc.smt2,Bitwuzla,1,0.2563091949559748,0.2539657219313085,,0.002343,0
QF_BV/spear/inn_v2.4.3/innfeed_imapfeed_vc24810.smt2,Bitwuzla,1,0.40158546197926626,0.39889878197573125,,0.002687,0
QF_BV/Sage2/bench_6850.smt2,Yices2,1,0.4665073730284348,0.3695941630285233,,0.096913,0
QF_BV/Sage2/bench_13090.smt2,Yices2,1,0.28606387902982533,0.25268412404693663,,0.033380,0
QF_BV/20221012-MCMPC/millionaires/millionaires.t1.i45.ab5357d4.smt2,Yices2,1,0.21827225701417774,0.2160653460305184,,0.002207,0
QF_BV/bruttomesso/lfsr/lfsr_004_159_048.smt2,STP,1,3.3267924809479155,3.324307455914095,,0.002485,0
QF_BV/Sage2/bench_3211.smt2,STP,1,33.52589338598773,33.524270626017824,,0.001623,0
QF_BV/Sage2/bench_7042.smt2,Yices2,1,0.4732695360435173,0.37483704602345824,,0.098432,0
QF_BV/Sage2/bench_4666.smt2,STP,1,0.2581702498719096,0.25584216485731304,,0.002328,0
QF_BV/sage/app12/bench_3537.smt2,STP,1,0.3945642109028995,0.3930976619012654,,0.001467,0
QF_BV/Sage2/bench_6736.smt2,STP,1,0.41360231291037053,0.405603407882154,,0.007999,0
QF_BV/sage/app7/bench_494.smt2,Yices2,1,0.5305184550234117,0.3507814770564437,,0.179737,0
QF_BV/sage/app7/bench_1838.smt2,Yices2,1,0.3354586501372978,0.26654433412477374,,0.068914,0
QF_BV/Sage2/bench_366.smt2,Yices2,1,0.5628091300604865,0.4075285750441253,,0.155281,0
QF_BV/mcm/159.smt2,Bitwuzla,1,175.34860468190163,175.26205635792576,,0.086548,0
QF_BV/Sage2/bench_12756.smt2,Yices2,1,0.8344386870157905,0.7634453889913857,,0.070993,0
QF_BV/Sage2/bench_11193.smt2,STP,1,1.2467978149070404,1.245865894947201,,0.000932,0
QF_BV/bmc-bv-svcomp14/soft_float_3_true.c.cil.c.21.smt2,Yices2,1,0.7966407399508171,0.4238587459549308,,0.372782,0
QF_BV/Sage2/bench_6012.smt2,STP,1,1.0194154120399617,0.993469906039536,,0.025946,0
QF_BV/sage/app12/bench_596.smt2,STP,1,0.39961683488218114,0.39689830387942493,,0.002719,0
QF_BV/Sage2/bench_3486.smt2,Yices2,1,2.1577678600442596,2.1226058050524443,,0.035162,0
QF_BV/20210219-Sydr/master/readelf/predicate_502.smt2,Bitwuzla,1,0.25355826498707756,0.2518694279715419,,0.001689,0
QF_BV/Sage2/bench_4473.smt2,STP,1,0.2252570289419964,0.2236626399680972,,0.001594,0
QF_BV/20221012-MCMPC/millionaires/millionaires.t2.i6.18ba89a0.smt2,Bitwuzla,1,0.26583562488667667,0.2630558868404478,,0.002780,0
QF_BV/sage/app7/bench_639.smt2,Yices2,1,0.5223796929931268,0.3476883249823004,,0.174691,0
QF_BV/20221012-MCMPC/millionaires/millionaires.t1.i28.a0e29b0b.smt2,Yices2,1,0.21611374599160627,0.21384407998993993,,0.002270,0
QF_BV/20221012-MCMPC/dualexecution_affine/dualexecution_affine.t1.i2.1d4188ba.smt2,Yices2,1,0.5888058530399576,0.3799205750692636,,0.208885,0
QF_BV/20230221-oisc-gurtner/SRAI-SAFE-512-1024.smt2,STP,0,1200.0,1201.36620154907,,0.137642,0
QF_BV/Sage2/bench_17840.smt2,STP,1,0.23215856408933178,0.2297002801205963,,0.002458,0
QF_BV/20190311-bv-term-small-rw-Noetzli/bv-term-small-rw_515.smt2,STP,1,0.2166214919416234,0.21617905795574188,,0.000442,0
QF_BV/Sage2/bench_11260.smt2,STP,1,0.24254112597554922,0.23886918695643544,,0.003672,0
QF_BV/Sage2/bench_8043.smt2,STP,1,1.04670075426111,1.045492779230699,,0.001208,0
QF_BV/Sage2/bench_3430.smt2,Yices2,1,0.5372171569033526,0.43027346092276275,,0.106944,0
QF_BV/sage/app7/bench_6335.smt2,Yices2,1,0.6688953310949728,0.42194035509601235,,0.246955,0
QF_BV/Sage2/bench_8995.smt2,STP,1,0.26857256196672097,0.264145249966532,,0.004427,0
QF_BV/sage/app7/bench_1293.smt2,Yices2,1,0.44472900009714067,0.3346842951141298,,0.110045,0
QF_BV/20221012-MCMPC/millionaires/millionaires.t1.i13.5b47d424.smt2,Bitwuzla,1,0.2548265740624629,0.2524933200329542,,0.002333,0
QF_BV/sage/app7/bench_1866.smt2,Yices2,1,0.32596491783624515,0.26356249884702265,,0.062402,0
QF_BV/20190311-bv-term-small-rw-Noetzli/bv-term-small-rw_382.smt2,STP,1,0.22820876602781937,0.22681525303050876,,0.001394,0
QF_BV/Sage2/bench_14506.smt2,Yices2,1,0.4702824339037761,0.382021342869848,,0.088261,0
QF_BV/sage/app7/bench_1139.smt2,Yices2,1,0.4393393130158074,0.3119975570589304,,0.127342,0
QF_BV/sage/app1/bench_17.smt2,Bitwuzla,1,0.23561676300596446,0.23162254900671542,,0.003994,0
QF_BV/20221012-MCMPC/dualexecution_affine/dualexecution_affine.t1.i8.f9278b88.smt2,Yices2,1,0.6283947430201806,0.3996653410140425,,0.228729,0
QF_BV/mcm/124.smt2,STP,1,835.2001784567838,835.1660531738307,,0.034125,0
QF_BV/mcm/73.smt2,Bitwuzla,1,193.25257560797036,193.24631780898198,,0.006258,0
QF_BV/Sage2/bench_14461.smt2,Bitwuzla,1,0.5819506420521066,0.5792411360889673,,0.002710,0
QF_BV/sage/app1/bench_1883.smt2,Yices2,1,0.25891455000964925,0.2537641429807991,,0.005150,0
QF_BV/sage/app1/bench_618.smt2,Yices2,1,0.22409868898103014,0.22322234394960105,,0.000876,0
QF_BV/sage/app1/bench_2230.smt2,Bitwuzla,1,0.24678418406983837,0.24217347707599401,,0.004611,0
QF_BV/20221012-MCMPC/millionaires/millionaires.t3.i15.e8a1f49e.smt2,Yices2,1,0.2338053059647791,0.2307590669952333,,0.003046,0
QF_BV/sage/app7/bench_205.smt2,Yices2,1,0.6464024940505624,0.45906121004372835,,0.187341,0
QF_BV/spear/samba_v3.0.24/bin_eventlogadm_vc351393.smt2,Yices2,1,1.580406075809151,1.5370449738111347,,0.043361,0
QF_BV/spear/samba_v3.0.24/bin_eventlogadm_vc352887.smt2,Yices2,1,1.367681898002047,1.3264192820060998,,0.041263,0
QF_BV/spear/samba_v3.0.24/bin_eventlogadm_vc352888.smt2,Yices2,1,0.8575384169816971,0.8245013679843396,,0.033037,0
QF_BV/20221012-MCMPC/millionaires/millionaires.t1.i64.503d0846.smt2,Yices2,1,0.24409475113498047,0.24205141211859882,,0.002043,0
QF_BV/20221012-MCMPC/dualexecution_affine/dualexecution_affine.t1.i6.9b7b4925.smt2,Yices2,1,0.7568801809684373,0.4516154839657247,,0.305265,0
QF_BV/spear/samba_v3.0.24/bin_libsmbclient_vc1225820.smt2,Yices2,1,0.8697903289576061,0.8464263649657369,,0.023364,0
QF_BV/Sage2/bench_9275.smt2,STP,1,22.3279434129945,22.325824131025,,0.002119,0
QF_BV/20221012-MCMPC/millionaires/millionaires.t1.i5.4d969e4f.smt2,Bitwuzla,1,0.25140265084337443,0.2491419508587569,,0.002261,0
QF_BV/sage/app11/bench_267.smt2,Yices2,1,0.3829702251823619,0.30756102316081524,,0.075409,0
QF_BV/Sage2/bench_12763.smt2,STP,1,0.33779624302405864,0.3283637040294707,,0.009433,0
QF_BV/Sage2/bench_8278.smt2,Yices2,1,0.29598962399177253,0.2704952349886298,,0.025494,0
QF_BV/Sage2/bench_2028.smt2,STP,1,8.35274817579193,8.351427053799853,,0.001321,0
QF_BV/Sage2/bench_3628.smt2,STP,1,1.4481514749350026,1.4474234089720994,,0.000728,0
QF_BV/20190311-bv-term-small-rw-Noetzli/bv-term-small-rw_1542.smt2,STP,1,0.22565952996956185,0.22418998694047332,,0.001470,0
QF_BV/mcm/137.smt2,STP,1,1098.3706276640296,1098.3313846050296,,0.039243,0
QF_BV/Sage2/bench_14460.smt2,STP,1,0.5484739328967407,0.5322990599088371,,0.016175,0
QF_BV/sage/app7/bench_1701.smt2,Yices2,1,0.35130494204349816,0.2742310280445963,,0.077074,0
QF_BV/sage/app7/bench_563.smt2,Yices2,1,0.5320036489865743,0.3539546530228108,,0.178049,0
QF_BV/sage/app7/bench_502.smt2,Yices2,1,0.5620307310018688,0.37789325998164713,,0.184137,0
QF_BV/Sage2/bench_14077.smt2,Yices2,1,0.27915384591324255,0.2711146539077163,,0.008039,0
QF_BV/20221012-MCMPC/wage/wage.t1.i33.63b1a2c8.smt2,Bitwuzla,1,0.2591971950023435,0.2576753080356866,,0.001522,0
QF_BV/20221012-MCMPC/millionaires/millionaires.t1.i32.18a45a20.smt2,STP,1,0.21999732818221673,0.2187892801593989,,0.001208,0
QF_BV/spear/samba_v3.0.24/bin_eventlogadm_vc352363.smt2,Yices2,1,0.5927506722509861,0.5526132062077522,,0.040137,0
QF_BV/uclid/catchconv/convert-jpg2gif-query-1156.smt2,Yices2,1,0.28670596913434565,0.25067899213172495,,0.036027,0
QF_BV/20221012-MCMPC/dualexecution_affine/dualexecution_affine.t1.i10.e2137a7c.smt2,Yices2,1,0.4171510299202055,0.3012259309180081,,0.115925,0
QF_BV/Sage2/bench_7161.smt2,STP,1,0.2775585610070266,0.272807331988588,,0.004751,0
QF_BV/20221012-MCMPC/sugarbeets/sugarbeets.t1.i12.df618d74.smt2,Yices2,1,0.5807165888836607,0.5463073689024895,,0.034409,0
QF_BV/sage/app9/bench_350.smt2,STP,1,0.3162821491714567,0.3140234041493386,,0.002259,0
QF_BV/spear/samba_v3.0.24/bin_libsmbclient_vc1225809.smt2,Yices2,1,0.6586750511196442,0.6377855921164155,,0.020889,0
QF_BV/spear/inn_v2.4.3/innd_innd_vc32648.smt2,Bitwuzla,1,0.3788153389468789,0.37604915094561875,,0.002766,0
QF_BV/sage/app7/bench_1250.smt2,Yices2,1,0.4313076810212806,0.32036017603240907,,0.110948,0
QF_BV/brummayerbiere2/umulov1bw096.smt2,Bitwuzla,1,3.7227698180358857,3.721549476031214,,0.001220,0
QF_BV/sage/app7/bench_2073.smt2,Yices2,1,0.34411502291914076,0.29381224792450666,,0.050303,0
QF_BV/sage/app7/bench_8589.smt2,Yices2,1,0.6563654139754362,0.46966727799735963,,0.186698,0
QF_BV/sage/app7/bench_2122.smt2,Yices2,1,0.3037608801969327,0.2529301051981747,,0.050831,0
QF_BV/spear/samba_v3.0.24/bin_libmsrpc_vc1228587.smt2,Yices2,1,0.6024922380456701,0.5829151070211083,,0.019577,0
QF_BV/sage/app7/bench_6380.smt2,Yices2,1,0.6682368048932403,0.4721434658858925,,0.196093,0
QF_BV/spear/inn_v2.4.3/nnrpd_nnrpd_vc21428.smt2,Bitwuzla,1,0.4858732710708864,0.48424292309209704,,0.001630,0
QF_BV/sage/app11/bench_468.smt2,Yices2,1,0.380312860943377,0.3041472139302641,,0.076166,0
QF_BV/Sage2/bench_9876.smt2,STP,1,0.6913784919306636,0.6856971869710833,,0.005681,0
QF_BV/sage/app7/bench_2076.smt2,Yices2,1,0.30589773796964437,0.25349183194339275,,0.052406,0
QF_BV/20221012-MCMPC/wage_circuit_div/wage_circuit_div.t1.i34.e87e299c.smt2,STP,1,0.23245164583204314,0.2311172648333013,,0.001334,0
QF_BV/20221012-MCMPC/millionaires/millionaires.t1.i45.4e76aa99.smt2,Yices2,1,0.2306459391838871,0.22850198415108025,,0.002144,0
QF_BV/Sage2/bench_16781.smt2,STP,1,0.2564394709188491,0.25503915292210877,,0.001400,0
QF_BV/uclid/catchconv/convert-jpg2gif-query-1525.smt2,Yices2,1,0.44764451775699854,0.3747166257817298,,0.072928,0
QF_BV/20221012-MCMPC/mean_buckets/mean_buckets.t1.i24.04e7c65c.smt2,STP,1,0.4045092091546394,0.40210497519001365,,0.002404,0
QF_BV/sage/app7/bench_270.smt2,Yices2,1,0.7903081160620786,0.5430992960464209,,0.247209,0
QF_BV/Sage2/bench_9614.smt2,Yices2,1,10.97964933217736,10.787490316201001,,0.192159,0
QF_BV/Sage2/bench_16362.smt2,STP,1,0.7703335470287129,0.7607608060352504,,0.009573,0
QF_BV/bruttomesso/core/ext_con_056_004_1024.smt2,STP,1,6.583620213845279,6.580756455892697,,0.002864,0
QF_BV/20221012-MCMPC/millionaires/millionaires.t1.i22.d5847952.smt2,Bitwuzla,1,0.2521906580077484,0.2499153909739107,,0.002275,0
QF_BV/20210219-Sydr/symbolic_memory/linear/readelf/predicate_2110.smt2,Yices2,1,1.3456589469569735,1.2055707869585603,,0.140088,0
QF_BV/Sage2/bench_2926.smt2,STP,1,32.75029412098229,32.74858172493987,,0.001712,0
QF_BV/Sage2/bench_13073.smt2,Bitwuzla,1,4.03312634897884,3.9934721579775214,,0.039654,0
QF_BV/bruttomesso/lfsr/lfsr_002_047_112.smt2,STP,1,1.5946994870901108,1.5918345970567316,,0.002865,0
QF_BV/sage/app1/bench_2252.smt2,Bitwuzla,1,0.6058545839623548,0.6013412079773843,,0.004513,0
QF_BV/20190311-bv-term-small-rw-Noetzli/bv-term-small-rw_1376.smt2,STP,1,0.24619354802416638,0.24578764103353024,,0.000406,0
QF_BV/20221012-MCMPC/millionaires/millionaires.t1.i26.13c477e3.smt2,STP,1,0.2258318331441842,0.2246240151580423,,0.001208,0
QF_BV/bmc-bv-svcomp14/s3_srvr_3_true.BV.c.cil.c.21.smt2,Yices2,1,11.935032249893993,4.5676023529376835,,7.367430,0
QF_BV/Sage2/bench_2368.smt2,Yices2,1,0.2546297601656988,0.2324395221658051,,0.022190,0
QF_BV/20210219-Sydr/symbolic_memory/bst/hdp/predicate_3086.smt2,Yices2,1,1.1034371810383163,0.8722344690468162,,0.231203,0
QF_BV/20210219-Sydr/master/yices/predicate_2341.smt2,STP,1,0.5601798839634284,0.5049384059384465,,0.055241,0
QF_BV/Sage2/bench_17335.smt2,Bitwuzla,1,1.054502671060618,1.0483302930369973,,0.006172,0
QF_BV/sage/app7/bench_180.smt2,Yices2,1,0.6532831690274179,0.4644024970475584,,0.188881,0
QF_BV/20221012-MCMPC/dualexecution_affine/dualexecution.t1.i6.842faa4d.smt2,Yices2,1,0.36165872297715396,0.2800839589908719,,0.081575,0
QF_BV/Sage2/bench_10092.smt2,Yices2,1,1.0558198930229992,0.986409398028627,,0.069410,0
QF_BV/20221012-MCMPC/millionaires/millionaires.t1.i32.becc8967.smt2,STP,1,0.24104770203121006,0.23986472003161907,,0.001183,0
QF_BV/20221012-MCMPC/millionaires/millionaires.t1.i31.8d904366.smt2,Yices2,1,0.21952341386349872,0.21733767190016806,,0.002186,0
QF_BV/sage/app7/bench_3414.smt2,Yices2,1,0.7743501229560934,0.5406962509732693,,0.233654,0
QF_BV/Sage2/bench_4529.smt2,STP,1,33.158300142909866,33.1339709549211,,0.024329,0
QF_BV/Sage2/bench_7735.smt2,STP,1,0.27955815388122573,0.27506731590256095,,0.004491,0
QF_BV/sage/app11/bench_306.smt2,Yices2,1,0.47090184496482834,0.3936149589717388,,0.077287,0
QF_BV/spear/samba_v3.0.24/bin_eventlogadm_vc331199.smt2,Yices2,1,0.9040906701120548,0.8774500121362507,,0.026641,0
QF_BV/Sage2/bench_6882.smt2,Bitwuzla,1,0.6854247112059966,0.6731612381990999,,0.012263,0
QF_BV/Sage2/bench_11284.smt2,Yices2,1,0.29285743489162996,0.26252644089981914,,0.030331,0
QF_BV/sage/app1/bench_165.smt2,Bitwuzla,1,0.38334704691078514,0.379547884920612,,0.003799,0
QF_BV/20221012-MCMPC/simplemean_buckets/simplemean_buckets.t1.i27.713b40e3.smt2,STP,1,0.30868189106695354,0.3063605590723455,,0.002321,0
QF_BV/sage/app1/bench_2510.smt2,Bitwuzla,1,0.24774044792866334,0.24366921093314886,,0.004071,0
QF_BV/20221012-MCMPC/mean_buckets/mean_buckets.t1.i27.e9f6c59d.smt2,STP,1,0.30066135700326413,0.29847137699835,,0.002190,0
QF_BV/20221012-MCMPC/wage/wage.t1.i21.4075c892.smt2,Bitwuzla,1,0.29461900400929153,0.29314018599689007,,0.001479,0
QF_BV/20221012-MCMPC/mean_buckets/mean_buckets.t1.i24.2d4e4a06.smt2,STP,1,0.30120419786544517,0.29870056989602745,,0.002504,0
QF_BV/Sage2/bench_3077.smt2,STP,1,4.097843603929505,4.096331547945738,,0.001512,0
QF_BV/Sage2/bench_5783.smt2,Yices2,1,1.19070196908433,0.8626847590785474,,0.328017,0
QF_BV/spear/samba_v3.0.24/bin_eventlogadm_vc352901.smt2,Yices2,1,1.5061372790951282,1.4514327470678836,,0.054705,0
QF_BV/20221012-MCMPC/millionaires/millionaires.t1.i8.7b988dd8.smt2,Bitwuzla,1,0.2640294670709409,0.26163943810388446,,0.002390,0
QF_BV/20221012-MCMPC/dualexecution/dualexecution.t1.i28.fe53a86a.smt2,Yices2,1,2.1759674440836534,1.2707706200890243,,0.905197,0
QF_BV/Sage2/bench_15859.smt2,Bitwuzla,1,54.69001080200542,54.642282085027546,,0.047729,0
QF_BV/20221012-MCMPC/millionaires/millionaires.t1.i27.a8109ddd.smt2,Bitwuzla,1,0.25539333815686405,0.2529845251701772,,0.002409,0
QF_BV/Sage2/bench_8811.smt2,Bitwuzla,1,2.5427430009585805,2.4751218599267304,,0.067621,0
QF_BV/Sage2/bench_3101.smt2,STP,1,5.785751003946643,5.784061108948663,,0.001690,0
QF_BV/sage/app11/bench_52.smt2,Yices2,1,0.38177921500755474,0.30456004198640585,,0.077219,0
QF_BV/sage/app12/bench_1618.smt2,STP,1,0.3992145720985718,0.3973801410757005,,0.001834,0
QF_BV/sage/app1/bench_1914.smt2,Yices2,1,0.4988166330149397,0.4937291119713336,,0.005088,0
QF_BV/Sage2/bench_4782.smt2,STP,1,0.504099725978449,0.5032674169633538,,0.000832,0
QF_BV/Sage2/bench_17729.smt2,STP,1,0.22501520317746326,0.22358980914577842,,0.001425,0
QF_BV/Sage2/bench_10718.smt2,Bitwuzla,1,0.5756585070048459,0.5627343510277569,,0.012924,0
QF_BV/bruttomesso/simple_processor/simple_processors_004_003_0016.smt2,STP,1,0.6249299548799172,0.6241634548641741,,0.000767,0
QF_BV/sage/app7/bench_751.smt2,STP,1,0.21111910609761253,0.21038848906755447,,0.000731,0
QF_BV/sage/app7/bench_442.smt2,Yices2,1,0.5450489619979635,0.35645664599724114,,0.188592,0
QF_BV/Sage2/bench_14541.smt2,STP,1,0.3552664910675958,0.3478760770522058,,0.007390,0
QF_BV/Sage2/bench_15539.smt2,Bitwuzla,1,5.345717042975593,5.332814852008596,,0.012902,0
QF_BV/Sage2/bench_13714.smt2,Yices2,1,0.9407417251495644,0.8755486621521413,,0.065193,0
QF_BV/Sage2/bench_6592.smt2,STP,1,0.36494242597837,0.3362981539685279,,0.028644,0
QF_BV/sage/app7/bench_1762.smt2,Yices2,1,0.34739605395589024,0.27750683296471834,,0.069889,0
QF_BV/float/mul_03_30_6.smt2,Yices2,1,3.5902810228290036,3.5841585458256304,,0.006122,0
QF_BV/Sage2/bench_2793.smt2,STP,1,21.477503588947002,21.47595566790551,,0.001548,0
QF_BV/Sage2/bench_16774.smt2,STP,1,0.533864515949972,0.5247718319296837,,0.009093,0
QF_BV/20221012-MCMPC/millionaires/millionaires.t1.i54.4572b1e7.smt2,Yices2,1,0.2186947421869263,0.21656662714667618,,0.002128,0
QF_BV/sage/app7/bench_1552.smt2,Yices2,1,0.3713564409990795,0.28232592600397766,,0.089031,0
QF_BV/spear/samba_v3.0.24/bin_eventlogadm_vc331257.smt2,Yices2,1,2.0097196541028097,1.9793352531269193,,0.030384,0
QF_BV/Sage2/bench_14734.smt2,STP,1,0.2298182969680056,0.22776056500151753,,0.002058,0
QF_BV/20221012-MCMPC/millionaires/millionaires.t4.i10.2bd94a4f.smt2,Bitwuzla,1,0.2874273181078024,0.2833781091030687,,0.004049,0
QF_BV/Sage2/bench_5916.smt2,Bitwuzla,1,5.838659860077314,5.760417482117191,,0.078242,0
QF_BV/Sage2/bench_11462.smt2,STP,1,0.5543252138304524,0.5526859178207815,,0.001639,0
QF_BV/asp/EdgeMatching/edge-matching-width=10-height=10-colours=13.smt2,Bitwuzla,1,717.0343426768668,716.185704144882,,0.848639,0
QF_BV/20221012-MCMPC/wage_circuit_div/wage_circuit_div.t1.i30.b276f183.smt2,STP,1,0.22986706590745598,0.22859443887136877,,0.001273,0
QF_BV/20210312-Bouvier/vlsat3_a44.smt2,STP,1,69.25352134596324,69.2494723519776,,0.004049,0
QF_BV/Sage2/bench_11958.smt2,Bitwuzla,1,0.5002579059218988,0.40888153295964,,0.091376,0
QF_BV/20221012-MCMPC/millionaires/millionaires.t1.i14.00cab06a.smt2,Bitwuzla,1,0.2583762841532007,0.25613726512528956,,0.002239,0
QF_BV/Sage2/bench_12226.smt2,Yices2,1,0.8472461329656653,0.7788586029782891,,0.068388,0
QF_BV/20221012-MCMPC/dualexecution_affine/dualexecution_affine.t1.i4.86579d78.smt2,Yices2,1,0.360706485924311,0.28006321797147393,,0.080643,0
QF_BV/asp/EdgeMatching/edge-matching-width=10-height=10-colours=12.smt2,Bitwuzla,1,887.2310310410103,886.3879435299896,,0.843088,0
QF_BV/Sage2/bench_2010.smt2,STP,1,4.380389507976361,4.378580434015021,,0.001809,0
QF_BV/sage/app11/bench_569.smt2,Yices2,1,0.38182471093023196,0.3057796019129455,,0.076045,0
QF_BV/sage/app1/bench_2006.smt2,Yices2,1,0.2436228680307977,0.23877408006228507,,0.004849,0
QF_BV/Sage2/bench_7313.smt2,Yices2,1,0.5019589208532125,0.38823033683001995,,0.113729,0
QF_BV/20221012-MCMPC/dualexecution_affine/dualexecution_affine.t1.i12.dff6abdb.smt2,Yices2,1,0.23158043605508283,0.22177619207650423,,0.009804,0
QF_BV/sage/app7/bench_1601.smt2,Yices2,1,0.36510616494342685,0.2784503379371017,,0.086656,0
QF_BV/uclid/catchconv/convert-jpg2gif-query-1484.smt2,Yices2,1,0.33821752795483917,0.2703272239305079,,0.067890,0
QF_BV/20210312-Bouvier/vlsat3_a01.smt2,STP,1,6.06672702007927,6.05997196608223,,0.006755,0
QF_BV/bruttomesso/core/ext_con_064_004_0128.smt2,STP,1,0.8491287749493495,0.8459839059505612,,0.003145,0
QF_BV/bruttomesso/core/ext_con_048_002_0064.smt2,STP,1,0.4293677290552296,0.42789534106850624,,0.001472,0
QF_BV/Sage2/bench_3730.smt2,STP,1,0.8282362678437494,0.7901335838250816,,0.038103,0
QF_BV/Sage2/bench_12285.smt2,Bitwuzla,1,3.2553152239415795,3.1788655349519104,,0.076450,0
QF_BV/Sage2/bench_3738.smt2,Yices2,1,0.49760223604971543,0.3841634630225599,,0.113439,0
QF_BV/sage/app7/bench_1913.smt2,Yices2,1,0.32071107398951426,0.25892273196950555,,0.061788,0
QF_BV/sage/app7/bench_8578.smt2,Yices2,1,0.6589889230090193,0.47560890298336744,,0.183380,0
QF_BV/sage/app7/bench_385.smt2,Yices2,1,0.6436176250572316,0.4566253460943699,,0.186992,0
QF_BV/bruttomesso/core/ext_con_044_004_0256.smt2,STP,1,0.9285312029533088,0.9261550889350474,,0.002376,0
QF_BV/20221012-MCMPC/dualexecution_affine/dualexecution.t1.i6.f3039dc0.smt2,Yices2,1,0.31411785306409,0.2702940930612385,,0.043824,0
QF_BV/bruttomesso/core/ext_con_008_001_1024.smt2,STP,1,0.9174107909784652,0.9169127279892564,,0.000498,0
QF_BV/sage/app7/bench_517.smt2,Yices2,1,0.5385613199905492,0.35347326402552426,,0.185088,0
QF_BV/uclid/catchconv/convert-jpg2gif-query-1212.smt2,Yices2,1,0.2988403961644508,0.2505084131844342,,0.048332,0
QF_BV/sage/app11/bench_470.smt2,Yices2,1,0.3809287029434927,0.3041155659593642,,0.076813,0
QF_BV/20221012-MCMPC/mean_buckets/mean_buckets.t1.i18.24bbb7d3.smt2,STP,1,0.32512986595975235,0.3221062689553946,,0.003024,0
QF_BV/Sage2/bench_16506.smt2,STP,1,0.2908731020288542,0.2851015659980476,,0.005772,0
QF_BV/uclid/catchconv/convert-jpg2gif-query-1174.smt2,Yices2,1,0.29337594500975683,0.2543309920001775,,0.039045,0
QF_BV/20221012-MCMPC/wage/wage.t1.i23.cc063847.smt2,Bitwuzla,1,0.2548037779633887,0.25319376797415316,,0.001610,0
QF_BV/sage/app8/bench_256.smt2,Bitwuzla,1,0.38927456393139437,0.38583209994249046,,0.003442,0
QF_BV/sage/app11/bench_497.smt2,Yices2,1,0.3976302429800853,0.31984247802756727,,0.077788,0
QF_BV/20221012-MCMPC/millionaires/millionaires.t4.i23.712499b5.smt2,Yices2,1,0.22254163690377027,0.2182517738547176,,0.004290,0
QF_BV/Sage2/bench_15251.smt2,STP,1,0.304928612022195,0.2994782810565084,,0.005450,0
QF_BV/Sage2/bench_16286.smt2,STP,1,0.3667562290211208,0.35993449203670025,,0.006822,0
QF_BV/Sage2/bench_9085.smt2,STP,1,0.22857757896417752,0.2269115459639579,,0.001666,0
QF_BV/spear/samba_v3.0.24/bin_libsmbsharemodes_vc6309.smt2,Yices2,1,0.49411767604760826,0.47923979302868247,,0.014878,0
QF_BV/Sage2/bench_7761.smt2,STP,1,0.29695589310722426,0.2928916751407087,,0.004064,0
QF_BV/Sage2/bench_14250.smt2,Bitwuzla,1,13.18095354392426,13.14285545097664,,0.038098,0
QF_BV/Sage2/bench_15521.smt2,STP,1,1.1560389158548787,1.1264516038354486,,0.029587,0
QF_BV/asp/Solitaire/solitaire-center-time=29.smt2,STP,1,39.81394974509021,39.72664454206824,,0.087305,0
QF_BV/sage/app1/bench_1110.smt2,STP,1,0.3779160269186832,0.37534272694028914,,0.002573,0
QF_BV/sage/app7/bench_93.smt2,Yices2,1,0.6868104750756174,0.4977117790840566,,0.189099,0
QF_BV/Sage2/bench_433.smt2,STP,1,0.4153074179776013,0.405583627987653,,0.009724,0
QF_BV/20221012-MCMPC/wage_circuit_div/wage_circuit_div.t1.i30.7b117712.smt2,STP,1,0.22933678107801825,0.22793000610545278,,0.001407,0
QF_BV/sage/app12/bench_1495.smt2,STP,1,0.39675735804485157,0.3947453780565411,,0.002012,0
QF_BV/sage/app7/bench_7591.smt2,Yices2,1,0.6693751150160097,0.474668795010075,,0.194706,0
QF_BV/Sage2/bench_4517.smt2,STP,1,0.6613673749379814,0.6343541739042848,,0.027013,0
QF_BV/20221012-MCMPC/dualexecution/dualexecution.t1.i14.4c1944ca.smt2,Yices2,1,1.264530123095028,0.7079729500692338,,0.556557,0
QF_BV/20221012-MCMPC/dualexecution_affine/dualexecution_affine.t1.i12.585c5d44.smt2,Yices2,1,0.25713975995313376,0.23301520594395697,,0.024125,0
QF_BV/20221012-MCMPC/millionaires/millionaires.t1.i14.4d3092a2.smt2,STP,1,0.2310233289608732,0.2297256849706173,,0.001298,0
QF_BV/sage/app7/bench_3025.smt2,Yices2,1,0.6616885790135711,0.4131927629932761,,0.248496,0
QF_BV/Sage2/bench_1388.smt2,STP,1,15.791965264943428,15.790383372921497,,0.001582,0
QF_BV/bruttomesso/lfsr/lfsr_002_047_080.smt2,STP,1,1.3274438740336336,1.3252532240003347,,0.002191,0
QF_BV/Sage2/bench_16906.smt2,STP,1,0.25641809101216495,0.25434964802116156,,0.002068,0
QF_BV/20210219-Sydr/master/cjpeg/predicate_972.smt2,Yices2,1,0.39828381908591837,0.3813548730686307,,0.016929,0
QF_BV/20221012-MCMPC/dualexecution/dualexecution.t1.i15.8c2f11bd.smt2,Yices2,1,0.45810969604644924,0.3269171400461346,,0.131193,0
QF_BV/20210312-Bouvier/vlsat3_a12.smt2,STP,1,106.75781837117393,106.75423448416404,,0.003584,0
QF_BV/20210219-Sydr/symbolic_memory/bst/readelf/predicate_1636.smt2,Yices2,1,0.9508511631283909,0.8358604861423373,,0.114991,0
QF_BV/Sage2/bench_14055.smt2,Yices2,1,0.5057009591837414,0.38248192914761603,,0.123219,0
QF_BV/bruttomesso/lfsr/lfsr_002_047_128.smt2,STP,1,3.9126070780912414,3.9092863730620593,,0.003321,0
QF_BV/20230224-grsbits-truby/grs-32-16.smt2,Yices2,1,3.2963071668636985,3.2943121348507702,,0.001995,0
QF_BV/sage/app1/bench_2442.smt2,Bitwuzla,1,0.23957448120927438,0.23528906819410622,,0.004285,0
QF_BV/20221012-MCMPC/mean_buckets/mean_buckets.t1.i8.3731631b.smt2,STP,1,0.38353933789767325,0.3800423978827894,,0.003497,0
QF_BV/20221012-MCMPC/dualexecution/dualexecution.t1.i14.b16b6a0b.smt2,Yices2,1,1.3314671400585212,0.7374356030486524,,0.594032,0
QF_BV/Sage2/bench_2964.smt2,STP,1,44.37420619814657,44.37244010413997,,0.001766,0
QF_BV/sage/app7/bench_598.smt2,Yices2,1,0.5227623038808815,0.3437413258943707,,0.179021,0
QF_BV/20221012-MCMPC/millionaires/millionaires.t1.i40.2ef290fb.smt2,Yices2,1,0.22502122103469446,0.2229772610589862,,0.002044,0
QF_BV/20190311-bv-term-small-rw-Noetzli/bv-term-small-rw_788.smt2,STP,1,0.22525773901725188,0.22487099701538682,,0.000387,0
QF_BV/sage/app7/bench_7003.smt2,Yices2,1,0.6715215250151232,0.4781351590063423,,0.193386,0
QF_BV/Sage2/bench_4257.smt2,Yices2,1,0.526086374942679,0.4185432449448854,,0.107543,0
QF_BV/sage/app7/bench_1307.smt2,Yices2,1,0.4481083190185018,0.3440123440232128,,0.104096,0
QF_BV/sage/app7/bench_942.smt2,Yices2,1,0.46035491197835654,0.31928204698488116,,0.141073,0
QF_BV/20190311-bv-term-small-rw-Noetzli/bv-term-small-rw_1087.smt2,STP,1,0.21192453085677698,0.2113867208827287,,0.000538,0
QF_BV/20221012-MCMPC/dualexecution_affine/dualexecution.t1.i15.8cf8ddf5.smt2,Yices2,1,0.5337980609037913,0.37870848388411105,,0.155090,0
QF_BV/asp/GraphColouring/graph-colouring-nodes=130-density=0.1-instance=2.smt2,Yices2,1,3.0500672130146995,3.021832976024598,,0.028234,0
QF_BV/Sage2/bench_5109.smt2,Yices2,1,0.4723867260036059,0.3864749160129577,,0.085912,0
QF_BV/spear/samba_v3.0.24/bin_libsmbsharemodes_vc4842.smt2,Yices2,1,1.999123060144484,1.9444760021287948,,0.054647,0
QF_BV/20221012-MCMPC/millionaires/millionaires.t1.i31.cf3ca66d.smt2,STP,1,0.22098196693696082,0.2197879939340055,,0.001194,0
QF_BV/2019-Wolf-fmbench/2019A/picorv32_mutCY_QF_BV_NONINCR.smt2,STP,1,5.148253450926859,4.990479409927502,,0.157774,0
QF_BV/Sage2/bench_14613.smt2,STP,1,0.4650197558803484,0.45548017090186477,,0.009540,0
QF_BV/uclid/catchconv/convert-jpg2gif-query-1477.smt2,Yices2,1,0.3828092149924487,0.3145489830058068,,0.068260,0
QF_BV/spear/samba_v3.0.24/bin_eventlogadm_vc344392.smt2,Yices2,1,1.0385314821032807,1.0029755861032754,,0.035556,0
QF_BV/20221012-MCMPC/dualexecution_affine/dualexecution_affine.t1.i2.9b6eea5d.smt2,Yices2,1,0.8038301308988594,0.5524298648815602,,0.251400,0
QF_BV/sage/app1/bench_9.smt2,Bitwuzla,1,0.24055253097321838,0.23653306998312473,,0.004019,0
QF_BV/float/mul_03_30_3.smt2,Yices2,1,3.98703101684805,3.980826676823199,,0.006204,0
QF_BV/sage/app11/bench_571.smt2,Yices2,1,0.3845519848400727,0.30666920682415366,,0.077883,0
QF_BV/Sage2/bench_12829.smt2,Yices2,1,0.930464705103077,0.8959413240663707,,0.034523,0
QF_BV/sage/app7/bench_1220.smt2,Yices2,1,0.42627971194451675,0.30568126193247736,,0.120598,0
QF_BV/sage/app11/bench_159.smt2,Yices2,1,0.4001670909929089,0.32343321898952127,,0.076734,0
QF_BV/Sage2/bench_7854.smt2,Yices2,1,0.46595174696994945,0.37178377294912934,,0.094168,0
QF_BV/Sage2/bench_4571.smt2,STP,1,18.605419456900563,18.594699723878875,,0.010720,0
QF_BV/20221012-MCMPC/dualexecution_affine/dualexecution_affine.t1.i9.c0bbdd6b.smt2,Yices2,1,0.2902146421256475,0.24749580910429358,,0.042719,0
QF_BV/Sage2/bench_7136.smt2,Bitwuzla,1,25.162306970800273,24.722133706789464,,0.440173,0
QF_BV/20221012-MCMPC/sugarbeets/sugarbeets.t1.i22.13c511e6.smt2,Yices2,1,0.5762348920106888,0.5510949690360576,,0.025140,0
QF_BV/Sage2/bench_3575.smt2,STP,1,6.334874990046956,6.333005344029516,,0.001870,0
QF_BV/Sage2/bench_11903.smt2,Yices2,1,0.3113464051275514,0.28253065212629735,,0.028816,0
QF_BV/Sage2/bench_10956.smt2,STP,1,0.58651245693909,0.5586468379478902,,0.027866,0
QF_BV/20221012-MCMPC/millionaires/millionaires.t1.i31.ed3c85a6.smt2,Yices2,1,0.2149631929351017,0.21285898191854358,,0.002104,0
QF_BV/20221012-MCMPC/wage/wage.t1.i20.fd3b5f0a.smt2,Bitwuzla,1,0.24519421579316258,0.24376032082363963,,0.001434,0
QF_BV/sage/app1/bench_2609.smt2,STP,1,0.21674309013178572,0.21569377509877086,,0.001049,0
QF_BV/Sage2/bench_17727.smt2,STP,1,0.6155175368767232,0.5860459848772734,,0.029472,0
QF_BV/Sage2/bench_8857.smt2,STP,1,0.2722434909665026,0.2678358859848231,,0.004408,0
QF_BV/log-slicing/bvult_25940.smt2,STP,1,283.19418786797905,283.19171462394297,,0.002473,0
QF_BV/Sage2/bench_802.smt2,Yices2,1,0.49104565696325153,0.37189243198372424,,0.119153,0
QF_BV/sage/app7/bench_760.smt2,Yices2,1,0.5743183150771074,0.4080330540891737,,0.166285,0
QF_BV/sage/app7/bench_1079.smt2,Yices2,1,0.4411195290158503,0.3119779459666461,,0.129142,0
QF_BV/Sage2/bench_4961.smt2,STP,1,9.066984329198021,9.065716995159164,,0.001267,0
QF_BV/Sage2/bench_2354.smt2,STP,1,24.085520202002954,24.084238572977483,,0.001282,0
QF_BV/Sage2/bench_246.smt2,STP,1,0.21883321803761646,0.2176634049974382,,0.001170,0
QF_BV/Sage2/bench_15721.smt2,STP,1,16.75874571490567,16.75288202892989,,0.005864,0
QF_BV/sage/app7/bench_368.smt2,Yices2,1,0.639473351999186,0.4572086159605533,,0.182265,0
QF_BV/20221012-MCMPC/dualexecution/dualexecution.t1.i15.fb1699bf.smt2,Yices2,1,1.5818569299881347,1.0327050799969584,,0.549152,0
QF_BV/20221012-MCMPC/dualexecution_affine/dualexecution.t1.i11.0fed9409.smt2,Yices2,1,0.2943079298711382,0.2490648808889091,,0.045243,0
QF_BV/Sage2/bench_7272.smt2,Yices2,1,0.287860585085582,0.25474895304068923,,0.033112,0
QF_BV/pspace/ndist.b.23992.smt2,STP,1,1.022950787039008,1.0224780000280589,,0.000473,0
QF_BV/Sage2/bench_15407.smt2,Yices2,1,0.702615023124963,0.6858193781226873,,0.016796,0
QF_BV/20221012-MCMPC/millionaires/millionaires.t3.i46.38c37497.smt2,Yices2,1,0.24633566511329263,0.24273772910237312,,0.003598,0
QF_BV/20221012-MCMPC/millionaires/millionaires.t1.i64.9b7d607d.smt2,Yices2,1,0.24623783206334338,0.2441378990188241,,0.002100,0
QF_BV/spear/samba_v3.0.24/bin_libmsrpc_vc1232130.smt2,Yices2,1,0.3761737970635295,0.3574512740597129,,0.018723,0
QF_BV/Sage2/bench_14570.smt2,STP,1,0.3741962750791572,0.366152425063774,,0.008044,0
QF_BV/sage/app1/bench_692.smt2,Yices2,1,1.310952564876061,1.3055473458953202,,0.005405,0
QF_BV/20221012-MCMPC/millionaires/millionaires.t1.i63.3b37f5cc.smt2,Yices2,1,0.2345532238832675,0.23263014783151448,,0.001923,0
QF_BV/20221012-MCMPC/millionaires/millionaires.t1.i5.5be8d9e2.smt2,Bitwuzla,1,0.25855309882899746,0.2563073968049139,,0.002246,0
QF_BV/20221012-MCMPC/dualexecution/dualexecution.t1.i15.ecf498ca.smt2,Yices2,1,0.971602612931747,0.5689116409048438,,0.402691,0
QF_BV/sage/app7/bench_1458.smt2,Yices2,1,0.37641943991184235,0.2841391619294882,,0.092280,0
QF_BV/spear/samba_v3.0.24/bin_libsmbsharemodes_vc5777.smt2,Bitwuzla,1,0.5816294659744017,0.5673072249628603,,0.014322,0
QF_BV/sage/app11/bench_204.smt2,Yices2,1,0.37579001911217347,0.30019242013804615,,0.075598,0
QF_BV/20190311-bv-term-small-rw-Noetzli/bv-term-small-rw_1298.smt2,STP,1,0.22488717403030023,0.2244851840659976,,0.000402,0
QF_BV/Sage2/bench_3047.smt2,STP,1,26.509373033011798,26.50750401802361,,0.001869,0
QF_BV/sage/app7/bench_2132.smt2,Yices2,1,0.3026619269512594,0.252053553937003,,0.050608,0
QF_BV/Sage2/bench_12831.smt2,STP,1,0.47059718787204474,0.4648923028726131,,0.005705,0
QF_BV/20221012-MCMPC/wage_circuit_div/wage_circuit_div.t1.i25.2d327786.smt2,STP,1,0.2546792918583378,0.2529550208710134,,0.001724,0
QF_BV/Sage2/bench_1520.smt2,STP,1,0.986754025972914,0.9599334399681538,,0.026821,0
QF_BV/sage/app7/bench_2008.smt2,Yices2,1,0.31334438791964203,0.2565114318858832,,0.056833,0
QF_BV/Sage2/bench_6758.smt2,Bitwuzla,1,0.2797205040114932,0.266569318016991,,0.013151,0
QF_BV/Sage2/bench_8120.smt2,STP,1,0.27185384003678337,0.2674455640371889,,0.004408,0
QF_BV/uclid/catchconv/convert-jpg2gif-query-1590.smt2,Yices2,1,0.3924160720780492,0.31104315002448857,,0.081373,0
QF_BV/Sage2/bench_9660.smt2,STP,1,0.22493474913062528,0.22332031116820872,,0.001614,0
QF_BV/bruttomesso/core/ext_con_020_008_0512.smt2,STP,1,1.1630561359925196,1.16079144901596,,0.002265,0
QF_BV/sage/app7/bench_2023.smt2,Yices2,1,0.3103496109833941,0.254678328987211,,0.055671,0
QF_BV/Sage2/bench_44.smt2,Yices2,1,1.2800744578125887,0.9823046948295087,,0.297770,0
QF_BV/Sage2/bench_14578.smt2,Yices2,1,0.8382049030042253,0.80441481503658,,0.033790,0
QF_BV/sage/app1/bench_2562.smt2,Bitwuzla,1,0.23688749404391274,0.2328299330547452,,0.004058,0
QF_BV/20221012-MCMPC/mean_buckets/mean_buckets.t1.i19.7db8dedd.smt2,STP,1,0.31900440802564844,0.31612606905400753,,0.002878,0
QF_BV/Sage2/bench_7593.smt2,STP,1,0.26945657312171534,0.265188577119261,,0.004268,0
QF_BV/spear/inn_v2.4.3/nnrpd_nnrpd_vc20437.smt2,Bitwuzla,1,0.7591917910031043,0.7567987570073456,,0.002393,0
QF_BV/Sage2/bench_16714.smt2,STP,1,0.2737193839857355,0.2694041689392179,,0.004315,0
QF_BV/20221012-MCMPC/millionaires/millionaires.t1.i23.a409db70.smt2,STP,1,0.223687223973684,0.2224300450179726,,0.001257,0
QF_BV/Sage2/bench_8057.smt2,STP,1,0.30379201495088637,0.29713862598873675,,0.006653,0
QF_BV/20221012-MCMPC/wage/wage.t1.i34.6249658c.smt2,Bitwuzla,1,0.2536053870571777,0.2520914850756526,,0.001514,0
QF_BV/20220315-ecrw/rw_rule_candidate_vmcai_2022_bw512_20.smt2,STP,0,1200.0,1201.3562405039556,,0.000543,0
QF_BV/uclid/catchconv/convert-jpg2gif-query-1427.smt2,Yices2,1,0.3595321231405251,0.3008691801223904,,0.058663,0
QF_BV/Sage2/bench_17530.smt2,STP,1,0.5655594350537285,0.5557689790148288,,0.009790,0
QF_BV/Sage2/bench_1815.smt2,STP,1,9.667336151120253,9.665943287080154,,0.001393,0
QF_BV/Sage2/bench_783.smt2,STP,1,1.0607036230503581,1.0355247610714287,,0.025179,0
QF_BV/Sage2/bench_7493.smt2,Yices2,1,0.4567784839309752,0.3650591089390218,,0.091719,0
QF_BV/bruttomesso/simple_processor/simple_processors_006_002_0004.smt2,STP,1,0.3504320560605265,0.34965437510982156,,0.000778,0
QF_BV/Sage2/bench_8221.smt2,Bitwuzla,1,5.879192098858766,5.723292481852695,,0.155900,0
QF_BV/20221012-MCMPC/wage/wage.t1.i24.dccfaab9.smt2,Bitwuzla,1,0.25545199698535725,0.2538865089882165,,0.001565,0
QF_BV/spear/samba_v3.0.24/bin_libsmbsharemodes_vc6186.smt2,Yices2,1,0.8030551199335605,0.7892175589222461,,0.013838,0
QF_BV/spear/samba_v3.0.24/bin_libsmbclient_vc1225268.smt2,Yices2,1,1.2138841330888681,1.1904543470591307,,0.023430,0
QF_BV/20190311-bv-term-small-rw-Noetzli/bv-term-small-rw_459.smt2,STP,1,0.222526959143579,0.2221390251070261,,0.000388,0
QF_BV/spear/samba_v3.0.24/bin_libsmbsharemodes_vc7060.smt2,Bitwuzla,1,0.38191753503633663,0.37414312502369285,,0.007774,0
QF_BV/Sage2/bench_14488.smt2,Bitwuzla,1,55.25511989404913,55.2093523980584,,0.045767,0
QF_BV/spear/samba_v3.0.24/bin_eventlogadm_vc352387.smt2,Yices2,1,1.461362688918598,1.4221571038942784,,0.039206,0
QF_BV/log-slicing/bvslt_15402.smt2,STP,1,68.77723095391411,68.7749543339014,,0.002277,0
QF_BV/20221012-MCMPC/mean_buckets/mean_buckets.t1.i6.692094f1.smt2,STP,1,0.3288792109815404,0.32549311500042677,,0.003386,0
QF_BV/20190311-bv-term-small-rw-Noetzli/bv-term-small-rw_1078.smt2,STP,1,0.21661581913940609,0.21618130011484027,,0.000435,0
QF_BV/float/gaussian.c.125.smt2,Yices2,1,363.17047468497185,362.66979736695066,,0.500677,0
QF_BV/Sage2/bench_11353.smt2,STP,1,0.24849968787748367,0.24472636287100613,,0.003773,0
QF_BV/Sage2/bench_16872.smt2,STP,1,0.23570831184042618,0.2333104198332876,,0.002398,0
QF_BV/20221012-MCMPC/dualexecution_affine/dualexecution_affine.t1.i7.1efb6fe8.smt2,Yices2,1,0.2842181761516258,0.2457847821060568,,0.038433,0
QF_BV/Sage2/bench_11199.smt2,STP,1,0.2759962978307158,0.2722598798573017,,0.003736,0
QF_BV/20190311-bv-term-small-rw-Noetzli/bv-term-small-rw_249.smt2,STP,1,0.2209357829997316,0.22039136104285717,,0.000544,0
QF_BV/Sage2/bench_16115.smt2,STP,1,0.29728723381413147,0.29269302380271256,,0.004594,0
QF_BV/Sage2/bench_1238.smt2,Bitwuzla,1,35.42221589793917,35.419596581952646,,0.002619,0
QF_BV/20221012-MCMPC/mean_buckets/mean_buckets.t1.i18.2c89912e.smt2,STP,1,0.32529298012377694,0.32235953910276294,,0.002933,0
QF_BV/Sage2/bench_16165.smt2,STP,1,16.9319361068774,16.927218237891793,,0.004718,0
QF_BV/Sage2/bench_15742.smt2,STP,1,1.1175371599383652,1.0934632539283484,,0.024074,0
QF_BV/sage/app11/bench_98.smt2,Yices2,1,0.3822482110117562,0.3065662099979818,,0.075682,0
QF_BV/Sage2/bench_8303.smt2,Yices2,1,0.5349870630307123,0.42234128899872303,,0.112646,0
QF_BV/Sage2/bench_10979.smt2,Bitwuzla,1,8.44459237693809,8.432956446893513,,0.011636,0
QF_BV/Sage2/bench_1518.smt2,STP,1,13.552446839981712,13.550572426989675,,0.001874,0
QF_BV/20190311-bv-term-small-rw-Noetzli/bv-term-small-rw_530.smt2,STP,1,0.22778746689436957,0.2274107038974762,,0.000377,0
QF_BV/sage/app7/bench_2113.smt2,Yices2,1,0.7536815109779127,0.5024586759973317,,0.251223,0
QF_BV/20221012-MCMPC/millionaires/millionaires.t1.i40.fbf67775.smt2,Yices2,1,0.21623406501021236,0.2143189120106399,,0.001915,0
QF_BV/20221012-MCMPC/millionaires/millionaires.t3.i39.9f96fe76.smt2,Yices2,1,0.22023228782927617,0.216993112815544,,0.003239,0
QF_BV/Sage2/bench_5985.smt2,Yices2,1,5.183364863216411,5.020736235193908,,0.162629,0
QF_BV/20221012-MCMPC/millionaires/millionaires.t1.i19.67d2abc8.smt2,Bitwuzla,1,0.25478283496340737,0.2524813199415803,,0.002302,0
QF_BV/Sage2/bench_6170.smt2,Yices2,1,1.8435865949140862,1.7333254609256983,,0.110261,0
QF_BV/spear/inn_v2.4.3/nnrpd_nnrpd_vc21242.smt2,Bitwuzla,1,0.4060251019545831,0.4039412019774318,,0.002084,0
QF_BV/Sage2/bench_62.smt2,Yices2,1,0.5975731511716731,0.40480056614615023,,0.192773,0
QF_BV/Sage2/bench_7784.smt2,STP,1,0.41013639693846926,0.40324393496848643,,0.006892,0
QF_BV/spear/samba_v3.0.24/bin_libsmbclient_vc1225145.smt2,Bitwuzla,1,0.6853500310680829,0.6766121620312333,,0.008738,0
QF_BV/Sage2/bench_8942.smt2,STP,1,0.22379841498332098,0.22240058798342943,,0.001398,0
QF_BV/20221012-MCMPC/millionaires/millionaires.t1.i58.5c46f351.smt2,Yices2,1,0.21712184394709766,0.21516260993666947,,0.001959,0
QF_BV/20210312-Bouvier/vlsat3_a51.smt2,STP,1,82.94788295694161,82.94188039796427,,0.006003,0
QF_BV/asp/GraphPartitioning/rand_25_200_1235404333_0_k=5_v=5_e=4_unsat.gph.smt2,STP,1,449.6269779391587,449.57231192314066,,0.054666,0
QF_BV/asp/GeneralizedSlitherlink/trisquares.35.asp.smt2,STP,1,8.09233796724584,7.847690515220165,,0.244647,0
QF_BV/spear/samba_v3.0.24/bin_libmsrpc_vc1225353.smt2,Yices2,1,0.8009910869295709,0.782050889916718,,0.018940,0
QF_BV/pspace/shift1add.17976.smt2,STP,1,0.4136221120133996,0.41322230105288327,,0.000400,0
QF_BV/20221012-MCMPC/mean_buckets/mean_buckets.t1.i27.3a8b6753.smt2,STP,1,0.3019094599876553,0.2996254169847816,,0.002284,0
QF_BV/20221012-MCMPC/millionaires/millionaires.t1.i7.b338bffd.smt2,Bitwuzla,1,0.2783682369044982,0.27582092792727053,,0.002547,0
QF_BV/20221012-MCMPC/millionaires/millionaires.t1.i32.54ed0197.smt2,STP,1,0.21943441004259512,0.21823842404410243,,0.001196,0
QF_BV/uclid/catchconv/convert-jpg2gif-query-1342.smt2,Yices2,1,0.3294916098820977,0.278970860876143,,0.050521,0
QF_BV/Sage2/bench_15732.smt2,STP,1,0.7694513649330474,0.7335838959552348,,0.035867,0
QF_BV/asp/GraphColouring/graph-colouring-nodes=125-density=0.1-instance=4.smt2,Yices2,1,1.5996368140913546,1.5724866040982306,,0.027150,0
QF_BV/Sage2/bench_2243.smt2,STP,1,1.534873703145422,1.5301528561394662,,0.004721,0
QF_BV/20221012-MCMPC/dualexecution_affine/dualexecution.t1.i15.adfeb215.smt2,Yices2,1,1.2078852758277208,0.693099504802376,,0.514786,0
QF_BV/Sage2/bench_6381.smt2,STP,1,0.4733616269659251,0.46559846797026694,,0.007763,0
QF_BV/bruttomesso/lfsr/lfsr_002_079_112.smt2,STP,1,2.5346127320080996,2.5317429220303893,,0.002870,0
QF_BV/Sage2/bench_9209.smt2,Yices2,1,0.6701642380212434,0.49813125003129244,,0.172033,0
QF_BV/Sage2/bench_11558.smt2,STP,1,0.25445800001034513,0.25065777404233813,,0.003800,0
QF_BV/20221012-MCMPC/wage/wage.t1.i30.08d39793.smt2,Bitwuzla,1,0.3008604919305071,0.29955710796639323,,0.001303,0
QF_BV/float/test_v3_r8_vr1_c1_s733.smt2,Yices2,1,7.220101053244434,7.193418938200921,,0.026682,0
QF_BV/bruttomesso/lfsr/lfsr_008_127_064.smt2,Yices2,1,6.234267170948442,6.22824387694709,,0.006023,0
QF_BV/20221012-MCMPC/millionaires/millionaires.t1.i19.5d836ebd.smt2,Bitwuzla,1,0.2602722080773674,0.25796265807002783,,0.002310,0
QF_BV/spear/samba_v3.0.24/bin_eventlogadm_vc331134.smt2,Yices2,1,0.4885897610220127,0.4767446930054575,,0.011845,0
QF_BV/Sage2/bench_7400.smt2,Bitwuzla,1,3.3085340399411507,3.235921402927488,,0.072613,0
QF_BV/Sage2/bench_8556.smt2,Yices2,1,0.48772567108972,0.38710253103636205,,0.100623,0
QF_BV/sage/app11/bench_44.smt2,Yices2,1,0.4187433799961582,0.3404774609953165,,0.078266,0
QF_BV/20221012-MCMPC/wage_circuit_div/wage_circuit_div.t1.i30.e0c29b84.smt2,STP,1,0.25731266097864136,0.25572242797352374,,0.001590,0
QF_BV/Sage2/bench_1170.smt2,Bitwuzla,1,1.361025651160162,1.3602383981924504,,0.000787,0
QF_BV/sage/app1/bench_2170.smt2,Yices2,1,0.24522010213695467,0.24052033014595509,,0.004700,0
QF_BV/Sage2/bench_6104.smt2,STP,1,0.46869310591137037,0.4610128318890929,,0.007680,0
QF_BV/spear/samba_v3.0.24/bin_eventlogadm_vc331163.smt2,Yices2,1,0.6611203239881434,0.6468687360174954,,0.014252,0
QF_BV/Sage2/bench_10190.smt2,Yices2,1,1.1022847301210277,0.8137741631362587,,0.288511,0
QF_BV/20221012-MCMPC/dualexecution/dualexecution.t1.i6.ae4e9d98.smt2,Yices2,1,0.3721118468674831,0.28654894488863647,,0.085563,0
QF_BV/20221012-MCMPC/dualexecution_affine/dualexecution.t1.i9.07c5305a.smt2,Yices2,1,0.37550964392721653,0.28464271896518767,,0.090867,0
QF_BV/20210312-Bouvier/vlsat3_g59.smt2,STP,1,6.506077417987399,6.449704522034153,,0.056373,0
QF_BV/sage/app7/bench_3781.smt2,Yices2,1,0.7021450519096106,0.48977120593190193,,0.212374,0
QF_BV/20221012-MCMPC/dualexecution_affine/dualexecution_affine.t1.i12.642f7d83.smt2,Yices2,1,0.29427570808911696,0.2654509390704334,,0.028825,0
QF_BV/Sage2/bench_2096.smt2,STP,1,29.93597550294362,29.934389360947534,,0.001586,0
QF_BV/log-slicing/bvudiv_19.smt2,Bitwuzla,0,1200.0,1201.2244607601315,,0.001610,0
QF_BV/float/qurt.c.20.smt2,Yices2,0,1200.0,1201.5142970508896,,0.253902,0
QF_BV/log-slicing/bvsub_19952.smt2,STP,1,943.6050518359407,943.604540677974,,0.000511,0
QF_BV/sage/app1/bench_211.smt2,STP,1,0.21617484785383567,0.21542271389625967,,0.000752,0
QF_BV/log-slicing/bvult_14973.smt2,STP,1,96.1461478281999,96.14392813318409,,0.002220,0
QF_BV/sage/app7/bench_1901.smt2,Yices2,1,0.3221318948781118,0.25899378885515034,,0.063138,0
QF_BV/Sage2/bench_12170.smt2,STP,1,0.24020945810480043,0.23879445507191122,,0.001415,0
QF_BV/mcm/89.smt2,Bitwuzla,0,1200.0,1201.251863989979,,0.007782,0
QF_BV/sage/app1/bench_2094.smt2,Yices2,1,0.27690474601695314,0.27207219903357327,,0.004833,0
QF_BV/brummayerbiere2/smulov3bw1024.smt2,Bitwuzla,1,12.077833551040385,12.069471583003178,,0.008362,0
QF_BV/20221012-MCMPC/millionaires/millionaires.t1.i52.465c5f55.smt2,Yices2,1,0.21623909001937136,0.21411189599893987,,0.002127,0
QF_BV/sage/app11/bench_152.smt2,Yices2,1,0.3812394220731221,0.3051132680848241,,0.076126,0
QF_BV/sage/app1/bench_1170.smt2,Yices2,1,0.3251038900343701,0.3193501350469887,,0.005754,0
QF_BV/spear/samba_v3.0.24/bin_libsmbsharemodes_vc7666.smt2,Bitwuzla,1,1.142244890157599,1.1196498421486467,,0.022595,0
QF_BV/log-slicing/bvurem_22.smt2,Bitwuzla,0,1200.0,1201.227495006984,,0.001609,0
QF_BV/20221012-MCMPC/millionaires/millionaires.t1.i21.8c57183b.smt2,Bitwuzla,1,0.25614028197014704,0.25368128693662584,,0.002459,0
QF_BV/20190311-bv-term-small-rw-Noetzli/bv-term-small-rw_755.smt2,STP,1,0.22455847612582147,0.22415541508235037,,0.000403,0
QF_BV/sage/app7/bench_2272.smt2,Yices2,1,0.2990700611844659,0.24983460013754666,,0.049235,0
QF_BV/Sage2/bench_12610.smt2,STP,1,0.22657376411370933,0.2249161631334573,,0.001658,0
QF_BV/sage/app7/bench_719.smt2,Yices2,1,0.5114952430012636,0.341685954015702,,0.169809,0
QF_BV/sage/app7/bench_6847.smt2,Yices2,1,0.6587016360135749,0.46651921700686216,,0.192182,0
QF_BV/20221012-MCMPC/millionaires/millionaires.t1.i38.4202de40.smt2,Yices2,1,0.2172101141186431,0.2149313511326909,,0.002279,0
QF_BV/sage/app1/bench_2243.smt2,Bitwuzla,1,0.2634676781017333,0.2588766780681908,,0.004591,0
QF_BV/Sage2/bench_5957.smt2,Yices2,1,1.5992779511143453,1.2503667070996016,,0.348911,0
QF_BV/Sage2/bench_1008.smt2,Yices2,1,1.3377331321826205,0.9979876861907542,,0.339745,0
QF_BV/Sage2/bench_14824.smt2,STP,1,0.24329151207348332,0.24002292309887707,,0.003269,0
QF_BV/uclid/catchconv/convert-jpg2gif-query-1548.smt2,Yices2,1,0.43590864300495014,0.35891483700834215,,0.076994,0
QF_BV/spear/samba_v3.0.24/bin_libsmbclient_vc1225273.smt2,Yices2,1,0.9528077492141165,0.930861258180812,,0.021946,0
QF_BV/spear/samba_v3.0.24/bin_libsmbsharemodes_vc6266.smt2,Yices2,1,0.5539007179904729,0.542047091992572,,0.011854,0
QF_BV/20190311-bv-term-small-rw-Noetzli/bv-term-small-rw_871.smt2,STP,1,0.21429045009426773,0.21384277613833547,,0.000448,0
QF_BV/sage/app1/bench_1920.smt2,Yices2,1,0.6539325299090706,0.6489669159054756,,0.004966,0
QF_BV/sage/app7/bench_2137.smt2,Yices2,1,0.3065433540614322,0.2557668280787766,,0.050777,0
QF_BV/Sage2/bench_6453.smt2,Yices2,1,3.6326467199833132,2.3081737169995904,,1.324473,0
QF_BV/spear/samba_v3.0.24/bin_eventlogadm_vc351373.smt2,Yices2,1,1.1414279091986828,1.0942244401667267,,0.047203,0
QF_BV/20221214-p4dfa-XiaoqiChen/StringMatching/string4x8.7._bit8_na6_nr3_paired.smt2,Yices2,0,1200.0,1201.261258262908,,0.155255,0
QF_BV/Sage2/bench_10458.smt2,STP,1,44.50093448214466,44.496419448172674,,0.004515,0
QF_BV/20190311-bv-term-small-rw-Noetzli/bv-term-small-rw_1258.smt2,STP,1,0.24569893098669127,0.24530574795790017,,0.000393,0
QF_BV/20221214-p4dfa-XiaoqiChen/StringMatching/string4x8.1._bit16_na6_nr4_paired.smt2,Yices2,0,1200.0,1201.3126597120427,,0.148118,0
QF_BV/sage/app7/bench_735.smt2,Yices2,1,0.5153730130405165,0.34563807607628405,,0.169735,0
QF_BV/float/e3_2.c.smt2,STP,1,0.6809403438237496,0.6763169248588383,,0.004623,0
QF_BV/sage/app7/bench_1624.smt2,Yices2,1,0.3675461581442505,0.2827836321666837,,0.084763,0
QF_BV/Sage2/bench_2681.smt2,Yices2,1,0.460479905072134,0.3662503850646317,,0.094230,0
QF_BV/brummayerbiere/countbits128.smt2,STP,1,1091.945455131994,1091.9428375109565,,0.002618,0
QF_BV/sage/app7/bench_1625.smt2,Yices2,1,0.7894898110534996,0.5451895620208234,,0.244300,0
QF_BV/Sage2/bench_3539.smt2,STP,1,0.2865209359442815,0.2791109369136393,,0.007410,0
QF_BV/sage/app7/bench_1944.smt2,Yices2,1,0.32462067902088165,0.2633804010692984,,0.061240,0
QF_BV/float/test_v5_r15_vr5_c1_s26657.smt2,Bitwuzla,1,125.20634039188735,125.11868050391786,,0.087660,0
QF_BV/sage/app11/bench_273.smt2,Yices2,1,0.3800569549202919,0.3018883459735662,,0.078169,0
QF_BV/Sage2/bench_12467.smt2,Yices2,1,0.23903445102041587,0.23130987701006234,,0.007725,0
QF_BV/log-slicing/bvmul_13.smt2,STP,1,306.2193416679511,306.21827929792926,,0.001062,0
QF_BV/sage/app7/bench_2625.smt2,Yices2,1,0.6683294799295254,0.4160594609566033,,0.252270,0
QF_BV/20221012-MCMPC/simplemean_buckets/simplemean_buckets.t1.i25.f20058e0.smt2,STP,1,0.31988912512315437,0.31725539709441364,,0.002634,0
QF_BV/Sage2/bench_7212.smt2,STP,1,0.7436134350136854,0.7138194909784943,,0.029794,0
QF_BV/spear/samba_v3.0.24/bin_libsmbclient_vc1225736.smt2,Yices2,1,0.7068652308662422,0.6914056078530848,,0.015460,0
QF_BV/asp/Solitaire/solitaire-asymmetric-time=26.smt2,STP,1,7.533881607232615,7.456021637190133,,0.077860,0
QF_BV/20221012-MCMPC/wage/wage.t1.i35.2e6938ba.smt2,Bitwuzla,1,0.2999615689041093,0.29834224190562963,,0.001619,0
QF_BV/Sage2/bench_3145.smt2,STP,1,42.2499463968561,42.24873346486129,,0.001213,0
QF_BV/Sage2/bench_2485.smt2,STP,1,0.23228893609484658,0.22963172406889498,,0.002657,0
QF_BV/Sage2/bench_2734.smt2,STP,1,32.98400995286647,32.98214854183607,,0.001861,0
QF_BV/20221012-MCMPC/sugarbeets/sugarbeets.t1.i24.b2ff4ea4.smt2,Yices2,1,0.4138252538978122,0.39631141792051494,,0.017514,0
QF_BV/asp/Labyrinth/laby_20_20_15.lp.smt2,Yices2,0,1200.0,1200.4420965309255,,1.931753,0
QF_BV/20210219-Sydr/symbolic_memory/linear/yices/predicate_1661.smt2,Yices2,1,1.297170689154882,1.0780908621381968,,0.219080,0
QF_BV/20210219-Sydr/master/cjpeg/predicate_2024_0.smt2,Yices2,1,0.2983186910278164,0.26354124303907156,,0.034777,0
QF_BV/20221012-MCMPC/mean_buckets/mean_buckets.t1.i26.939d5071.smt2,STP,1,0.3201822020346299,0.31764043401926756,,0.002542,0
QF_BV/spear/samba_v3.0.24/bin_libsmbclient_vc1225758.smt2,Yices2,1,0.7993009589845315,0.7794108770322055,,0.019890,0
QF_BV/20190311-bv-term-small-rw-Noetzli/bv-term-small-rw_668.smt2,STP,1,0.21603749401401728,0.2156483680009842,,0.000389,0
QF_BV/20221012-MCMPC/millionaires/millionaires.t1.i44.4d24069d.smt2,Yices2,1,0.2153410929022357,0.21320341993123293,,0.002138,0
QF_BV/20210219-Sydr/symbolic_memory/bst/cjpeg/predicate_744_0.smt2,Yices2,1,1.3786108810454607,1.056763838045299,,0.321847,0
QF_BV/spear/samba_v3.0.24/bin_eventlogadm_vc331128.smt2,Yices2,1,0.49507014895789325,0.48285261797718704,,0.012218,0
QF_BV/sage/app8/bench_1760.smt2,STP,1,0.2290205919998698,0.22666199202649295,,0.002359,0
QF_BV/sage/app8/bench_206.smt2,Bitwuzla,1,0.42348582297563553,0.41993025899864733,,0.003556,0
QF_BV/Sage2/bench_16223.smt2,Yices2,1,1.743285386939533,1.7103911589365453,,0.032894,0
QF_BV/Sage2/bench_8344.smt2,Yices2,1,0.27069376094732434,0.24433814897201955,,0.026356,0
QF_BV/Sage2/bench_17118.smt2,STP,1,0.24751166813075542,0.24550354713574052,,0.002008,0
QF_BV/20190311-bv-term-small-rw-Noetzli/bv-term-small-rw_1261.smt2,STP,1,0.22117460623849183,0.22078748419880867,,0.000387,0
QF_BV/20221012-MCMPC/millionaires/millionaires.t1.i44.baa62464.smt2,Yices2,1,0.2150906688766554,0.2130822038743645,,0.002008,0
QF_BV/sage/app7/bench_5380.smt2,Yices2,1,0.6752530931262299,0.47875071014277637,,0.196502,0
QF_BV/Sage2/bench_5515.smt2,Yices2,1,0.40677400183631107,0.35301016084849834,,0.053764,0
QF_BV/Sage2/bench_9929.smt2,STP,1,0.22870089195203036,0.22707801894284785,,0.001623,0
QF_BV/bruttomesso/core/ext_con_004_004_1024.smt2,STP,1,0.42188265692675486,0.42130372393876314,,0.000579,0
QF_BV/Sage2/bench_14845.smt2,Bitwuzla,1,43.96879589522723,43.94153224420734,,0.027264,0
QF_BV/20221012-MCMPC/millionaires/millionaires.t1.i16.785aa3ca.smt2,Bitwuzla,1,0.2859035230940208,0.283450328046456,,0.002453,0
QF_BV/20221012-MCMPC/millionaires/millionaires.t1.i42.d33e3ea0.smt2,Yices2,1,0.2175457869307138,0.21558771491982043,,0.001958,0
QF_BV/20190311-bv-term-small-rw-Noetzli/bv-term-small-rw_235.smt2,STP,1,0.22109918296337128,0.2206816750112921,,0.000418,0
QF_BV/Sage2/bench_9087.smt2,STP,1,0.266088830830995,0.26251128083094954,,0.003578,0
QF_BV/20221012-MCMPC/dualexecution_affine/dualexecution.t1.i28.972bf285.smt2,Yices2,1,2.2716339178732596,1.3322856798768044,,0.939348,0
QF_BV/20221012-MCMPC/millionaires/millionaires.t1.i30.30a84067.smt2,STP,1,0.22166894015390426,0.22045160410925746,,0.001217,0
QF_BV/20221012-MCMPC/millionaires/millionaires.t1.i16.8039facd.smt2,Bitwuzla,1,0.2568229971220717,0.25445543113164604,,0.002368,0
QF_BV/mcm/74.smt2,Bitwuzla,0,1200.0,1201.2346621609759,,0.010462,0
QF_BV/20190311-bv-term-small-rw-Noetzli/bv-term-small-rw_460.smt2,STP,1,0.22036083589773625,0.21985722985118628,,0.000504,0
QF_BV/sage/app7/bench_1309.smt2,Yices2,1,0.39588440087391064,0.2906635298859328,,0.105221,0
QF_BV/20221012-MCMPC/millionaires/millionaires.t1.i52.1f64213a.smt2,Yices2,1,0.24687480402644724,0.2448058680165559,,0.002069,0
QF_BV/sage/app1/bench_61.smt2,Bitwuzla,1,0.5428833819460124,0.5390085389371961,,0.003875,0
QF_BV/Sage2/bench_5001.smt2,STP,1,13.82328078604769,13.296944437082857,,0.526336,0
QF_BV/Sage2/bench_6746.smt2,Bitwuzla,1,502.04485456389375,501.90795762091875,,0.136897,0
QF_BV/asp/Labyrinth/laby_21_21_12.lp.smt2,Bitwuzla,1,843.9903610601323,841.7442985291127,,2.246063,0
QF_BV/sage/app1/bench_1359.smt2,Yices2,1,0.2502581380540505,0.2450902690179646,,0.005168,0
QF_BV/sage/app11/bench_459.smt2,Yices2,1,0.3806396318250336,0.3039953268598765,,0.076644,0
QF_BV/bruttomesso/simple_processor/simple_processors_006_006_0016.smt2,STP,1,2.8389416719437577,2.8375800589565188,,0.001362,0
QF_BV/20221012-MCMPC/dualexecution/dualexecution.t1.i15.b4a9e67c.smt2,Yices2,1,0.7818223249050789,0.4795399638824165,,0.302282,0
QF_BV/sage/app9/bench_1367.smt2,STP,1,0.3944351811078377,0.3935657860711217,,0.000869,0
QF_BV/Sage2/bench_4696.smt2,Bitwuzla,1,23.16549344098894,23.137413766002283,,0.028080,0
QF_BV/Sage2/bench_11657.smt2,STP,1,0.22779694915516302,0.22639206610620022,,0.001405,0
QF_BV/Sage2/bench_4539.smt2,STP,1,0.7745964859495871,0.755012139910832,,0.019584,0
QF_BV/sage/app1/bench_2425.smt2,Bitwuzla,1,0.44602345197927207,0.4416884370148182,,0.004335,0
QF_BV/Sage2/bench_17668.smt2,STP,1,0.22760952694807202,0.22606039396487176,,0.001549,0
QF_BV/20230224-grsbits-truby/grs-128-96.smt2,Yices2,0,1200.0,1201.2271989709698,,0.005931,0
QF_BV/sage/app8/bench_609.smt2,STP,1,0.37635661102831364,0.37348233303055167,,0.002874,0
QF_BV/20221012-MCMPC/wage_circuit_div/wage_circuit_div.t1.i32.03b3d734.smt2,STP,1,0.23133183596655726,0.22981907497160137,,0.001513,0
QF_BV/sage/app7/bench_503.smt2,Yices2,1,0.8162580280331895,0.5686228440608829,,0.247635,0
QF_BV/sage/app1/bench_2619.smt2,STP,1,0.24214953585760668,0.24114364082925022,,0.001006,0
QF_BV/sage/app1/bench_250.smt2,Bitwuzla,1,0.37893102812813595,0.3753084430936724,,0.003623,0
QF_BV/Sage2/bench_17342.smt2,Bitwuzla,1,0.802410445001442,0.7774738559965044,,0.024937,0
QF_BV/20190311-bv-term-small-rw-Noetzli/bv-term-small-rw_982.smt2,STP,1,0.21292054798686877,0.21245196601375937,,0.000469,0
QF_BV/sage/app1/bench_2556.smt2,Bitwuzla,1,0.3908714039134793,0.3867425809148699,,0.004129,0
QF_BV/Sage2/bench_12733.smt2,Yices2,1,0.4916356290341355,0.3325656820088625,,0.159070,0
QF_BV/Sage2/bench_4706.smt2,STP,1,0.260059631022159,0.25860722502693534,,0.001452,0
QF_BV/Sage2/bench_3128.smt2,Yices2,1,0.3881391810718924,0.30464007006958127,,0.083499,0
QF_BV/mcm/33.smt2,Bitwuzla,1,24.930235854058992,24.92296385508962,,0.007272,0
QF_BV/Sage2/bench_14469.smt2,Bitwuzla,1,1.402457233867608,1.3984119698870927,,0.004045,0
QF_BV/20221012-MCMPC/millionaires/millionaires.t2.i26.52615d95.smt2,Yices2,1,0.2284708779770881,0.22571733896620572,,0.002754,0
QF_BV/bruttomesso/core/ext_con_020_002_0128.smt2,STP,1,0.39791036205133423,0.39705254207365215,,0.000858,0
QF_BV/Sage2/bench_15545.smt2,STP,1,19.33729938499164,19.332735582021996,,0.004564,0
QF_BV/bruttomesso/core/ext_con_012_001_0512.smt2,STP,1,0.6192849590443075,0.6187430650461465,,0.000542,0
QF_BV/Sage2/bench_10846.smt2,STP,1,0.231579125917051,0.2293900449294597,,0.002189,0
QF_BV/20221012-MCMPC/millionaires/millionaires.t1.i62.99dde700.smt2,Yices2,1,0.21598743507638574,0.21401778212748468,,0.001970,0
QF_BV/uclid/catchconv/convert-jpg2gif-query-1225.smt2,Yices2,1,0.2942247510072775,0.2472532750107348,,0.046971,0
QF_BV/sage/app1/bench_219.smt2,Bitwuzla,1,0.24348144902614877,0.23975851805880666,,0.003723,0
QF_BV/sage/app11/bench_552.smt2,Yices2,1,0.37576824286952615,0.3003392058890313,,0.075429,0
QF_BV/20210219-Sydr/symbolic_memory/linear/minigzip/predicate_573.smt2,Yices2,1,1.097925379872322,0.9470279559027404,,0.150897,0
QF_BV/sage/app11/bench_95.smt2,Yices2,1,0.3797651008935645,0.3027376348618418,,0.077027,0
QF_BV/Sage2/bench_8307.smt2,STP,1,0.23600354499649256,0.2329384540207684,,0.003065,0
QF_BV/spear/samba_v3.0.24/bin_libsmbsharemodes_vc6199.smt2,Yices2,1,0.7797739121015184,0.7656207641121,,0.014153,0
QF_BV/sage/app11/bench_505.smt2,Yices2,1,0.38466007000533864,0.30757985496893525,,0.077080,0
QF_BV/Sage2/bench_2276.smt2,STP,1,18.210367518942803,18.20893324795179,,0.001434,0
QF_BV/sage/app7/bench_1297.smt2,Yices2,1,0.40346273698378354,0.2938441219739616,,0.109619,0
QF_BV/20221012-MCMPC/dualexecution_affine/dualexecution_affine.t1.i8.4bfbf719.smt2,Yices2,1,0.4155818039434962,0.31143357092514634,,0.104148,0
QF_BV/bmc-bv-svcomp14/s3_clnt_2_true.BV.c.cil.c.17.smt2,Yices2,1,4.629001772031188,1.804469004040584,,2.824533,0
QF_BV/spear/samba_v3.0.24/bin_eventlogadm_vc352401.smt2,Yices2,1,0.744564285792876,0.6889661757741123,,0.055598,0
QF_BV/bruttomesso/lfsr/lfsr_002_111_064.smt2,STP,1,1.99037678190507,1.988505031913519,,0.001872,0
QF_BV/sage/app8/bench_372.smt2,STP,1,0.41579760186141357,0.4126274948939681,,0.003170,0
QF_BV/Sage2/bench_12991.smt2,Yices2,1,1.2537296420196071,1.213959387037903,,0.039770,0
QF_BV/Sage2/bench_3768.smt2,STP,1,1.000248674186878,0.9967285871971399,,0.003520,0
QF_BV/sage/app11/bench_372.smt2,Yices2,1,0.3839060009922832,0.30675337999127805,,0.077153,0
QF_BV/20190311-bv-term-small-rw-Noetzli/bv-term-small-rw_463.smt2,STP,1,0.2212321538827382,0.22077144589275122,,0.000461,0
QF_BV/20221012-MCMPC/mean_buckets/mean_buckets.t1.i25.9f2d40fc.smt2,STP,1,0.31135178898693994,0.3089077409822494,,0.002444,0
QF_BV/sage/app7/bench_2285.smt2,Yices2,1,0.3004387929686345,0.2513759529683739,,0.049063,0
QF_BV/uclid/catchconv/convert-jpg2gif-query-1563.smt2,Yices2,1,0.4399827938177623,0.3631313918158412,,0.076851,0
QF_BV/20230221-oisc-gurtner/SRL-SAFE-128-128.smt2,STP,1,218.55057590006618,218.53543510707095,,0.015141,0
QF_BV/Sage2/bench_16285.smt2,STP,1,0.24120330583536997,0.2372523038648069,,0.003951,0
QF_BV/20210219-Sydr/symbolic_memory/linear/readelf/predicate_2348.smt2,Yices2,1,1.4676235360093415,1.312063222983852,,0.155560,0
QF_BV/spear/inn_v2.4.3/innd_innd_vc33528.smt2,Bitwuzla,1,0.4159840059000999,0.4143486889079213,,0.001635,0
QF_BV/20221012-MCMPC/millionaires/millionaires.t1.i1.e4415b31.smt2,Bitwuzla,1,0.285267571976874,0.2827755350153893,,0.002492,0
QF_BV/Sage2/bench_14449.smt2,STP,1,0.30099640612024814,0.2952011991292238,,0.005795,0
QF_BV/Sage2/bench_16846.smt2,STP,1,0.5726137181627564,0.5634750782046467,,0.009139,0
QF_BV/spear/samba_v3.0.24/bin_libsmbsharemodes_vc5773.smt2,Bitwuzla,1,0.39899831998627633,0.3847847699653357,,0.014214,0
QF_BV/spear/inn_v2.4.3/nnrpd_nnrpd_vc21638.smt2,Bitwuzla,1,0.4647488640039228,0.46311431797221303,,0.001635,0
QF_BV/20221012-MCMPC/millionaires/millionaires.t1.i45.db8c16cc.smt2,Yices2,1,0.21771699521923438,0.21570668718777597,,0.002010,0
QF_BV/sage/app7/bench_8629.smt2,Yices2,1,0.6516712830634788,0.46557493205182254,,0.186096,0
QF_BV/20210312-Bouvier/vlsat3_g00.smt2,STP,1,2.0008564819581807,1.9815048689488322,,0.019352,0
QF_BV/spear/samba_v3.0.24/bin_eventlogadm_vc331130.smt2,Yices2,1,0.3451197659014724,0.33520474191755056,,0.009915,0
QF_BV/20221012-MCMPC/millionaires/millionaires.t1.i18.d9e552a5.smt2,Bitwuzla,1,0.2499356908374466,0.24776379484683275,,0.002172,0
QF_BV/Sage2/bench_15273.smt2,STP,1,0.4597542880801484,0.4365859180688858,,0.023168,0
QF_BV/20221012-MCMPC/millionaires/millionaires.t1.i36.a4ebd2f4.smt2,Yices2,1,0.21745315799489617,0.2152134960051626,,0.002240,0
QF_BV/Sage2/bench_820.smt2,STP,1,0.3430145119782537,0.3353604809381068,,0.007654,0
QF_BV/Sage2/bench_16916.smt2,STP,1,0.2558814749936573,0.25387597898952663,,0.002005,0
QF_BV/sage/app7/bench_488.smt2,Yices2,1,0.5268903410178609,0.3476672989781946,,0.179223,0
QF_BV/20221012-MCMPC/millionaires/millionaires.t1.i12.b16720fd.smt2,Bitwuzla,1,0.2563840019865893,0.25407436094246805,,0.002310,0
QF_BV/Sage2/bench_15098.smt2,STP,1,0.48166488303104416,0.4723484090063721,,0.009316,0
QF_BV/spear/samba_v3.0.24/bin_libsmbsharemodes_vc6137.smt2,Bitwuzla,1,0.7655879019876011,0.7565925340168178,,0.008995,0
QF_BV/20221012-MCMPC/dualexecution_affine/dualexecution.t1.i16.028e5fb0.smt2,Yices2,1,0.2993965170462616,0.2535673580132425,,0.045829,0
QF_BV/Sage2/bench_17533.smt2,Yices2,1,0.6513234070735052,0.45439573004841805,,0.196928,0
QF_BV/Sage2/bench_7831.smt2,Yices2,1,0.8891431898809969,0.8303890728857368,,0.058754,0
QF_BV/spear/samba_v3.0.24/bin_libsmbsharemodes_vc7711.smt2,Bitwuzla,1,2.3971849749214016,2.360088842920959,,0.037096,0
QF_BV/sage/app7/bench_5991.smt2,Yices2,1,0.6944121029227972,0.4995062679518014,,0.194906,0
QF_BV/Sage2/bench_4843.smt2,Yices2,1,0.22441052395151928,0.21755991596728563,,0.006851,0
QF_BV/Sage2/bench_14222.smt2,Yices2,1,0.490341940196231,0.3366541631985456,,0.153688,0
QF_BV/Sage2/bench_6836.smt2,STP,1,1.893999545078259,1.8921229240950197,,0.001877,0
QF_BV/Sage2/bench_13879.smt2,STP,1,1.7353133569122292,1.7187956639099866,,0.016518,0
QF_BV/asp/HamiltonianPath/gryzzles.30.lp.smt2,Yices2,1,1.7895828310283832,1.7658613780513406,,0.023721,0
QF_BV/bruttomesso/core/ext_con_056_008_0128.smt2,STP,1,0.7599641198758036,0.7546492288820446,,0.005315,0
QF_BV/Sage2/bench_5220.smt2,STP,1,12.944389568991028,12.943179500987753,,0.001210,0
QF_BV/log-slicing/bvsrem_14.smt2,Bitwuzla,1,49.86496056098258,49.863367568003014,,0.001593,0
QF_BV/20221012-MCMPC/millionaires/millionaires.t1.i52.6fb7773d.smt2,Yices2,1,0.2154058370506391,0.2134319960605353,,0.001974,0
QF_BV/Sage2/bench_13827.smt2,Yices2,1,0.490314107039012,0.3330778470262885,,0.157236,0
QF_BV/20210219-Sydr/master/yices/predicate_9785.smt2,STP,1,1.9569874080480076,1.7354197660461068,,0.221568,0
QF_BV/Sage2/bench_11823.smt2,Yices2,1,0.28570018184836954,0.2512655558530241,,0.034435,0
QF_BV/20221012-MCMPC/sugarbeets/sugarbeets.t1.i28.56b121e2.smt2,Yices2,1,0.5488908169791102,0.5363916819915175,,0.012499,0
QF_BV/Sage2/bench_10012.smt2,STP,1,0.23610131902387366,0.23340403102338314,,0.002697,0
QF_BV/Sage2/bench_15113.smt2,Bitwuzla,1,8.852160159091,8.824621085077524,,0.027539,0
QF_BV/asp/Sokoban/duthen-990602.75.steps.10.asp.smt2,STP,1,5.214771165105049,5.1634179970715195,,0.051353,0
QF_BV/Sage2/bench_5296.smt2,STP,1,5.5285582022042945,5.527159015182406,,0.001399,0
QF_BV/Sage2/bench_14742.smt2,Bitwuzla,1,0.3731293510645628,0.3608480410184711,,0.012281,0
QF_BV/20210219-Sydr/master/yices/predicate_8063.smt2,STP,1,1.5219001179211773,1.3410069479141384,,0.180893,0
QF_BV/20221012-MCMPC/dualexecution_affine/dualexecution.t1.i12.9139fb97.smt2,Yices2,1,0.24180704908212647,0.22739655012264848,,0.014410,0
QF_BV/20221012-MCMPC/mean_buckets/mean_buckets.t1.i14.7edf39fe.smt2,STP,1,0.33682324999244884,0.3340704219881445,,0.002753,0
QF_BV/Sage2/bench_14939.smt2,STP,1,1.0764489159919322,1.0550342090427876,,0.021415,0
QF_BV/Sage2/bench_677.smt2,Yices2,1,0.5063662881148048,0.35473268711939454,,0.151634,0
QF_BV/spear/samba_v3.0.24/bin_eventlogadm_vc351369.smt2,Yices2,1,1.4080222579068504,1.3705584479030222,,0.037464,0
QF_BV/Sage2/bench_15547.smt2,STP,1,4.99329807900358,4.9907153570093215,,0.002583,0
QF_BV/20221012-MCMPC/millionaires/millionaires.t2.i23.24b6fa36.smt2,Yices2,1,0.2331536669516936,0.2302549199666828,,0.002899,0
QF_BV/20210219-Sydr/master/readelf/predicate_495.smt2,STP,1,0.27379364281659946,0.2722751288674772,,0.001519,0
QF_BV/sage/app2/bench_2.smt2,Yices2,1,0.2567324418341741,0.23591842083260417,,0.020814,0
QF_BV/spear/samba_v3.0.24/bin_libsmbsharemodes_vc5769.smt2,Bitwuzla,1,0.6150819170288742,0.6027869509998709,,0.012295,0
QF_BV/sage/app11/bench_292.smt2,Yices2,1,0.37851133599178866,0.30257946299389005,,0.075932,0
QF_BV/Sage2/bench_14373.smt2,STP,1,0.34615345497149974,0.33969534398056567,,0.006458,0
QF_BV/Sage2/bench_9426.smt2,Yices2,1,0.3044557992252521,0.27396066719666123,,0.030495,0
QF_BV/Sage2/bench_6650.smt2,STP,1,0.22706437087617815,0.2256210409104824,,0.001443,0
QF_BV/sage/app1/bench_27.smt2,Bitwuzla,1,0.2503166690003127,0.24636838003061712,,0.003948,0
